name: 6 |Position : 5.0, 0.0 name: 5 |Position : 10.0, 5.00.01 5.015 0.0
0.02 5.03 0.0
0.03 5.045 0.0
0.04 5.06 0.0
0.05 5.075 0.0
0.06 5.09 0.0
0.07 5.105 0.0
0.08 5.12 0.0
0.09 5.135 0.0
0.1 5.15 0.0
0.11 5.165 0.0
0.12 5.18 0.0
0.13 5.195 0.0
0.14 5.21 0.0
0.15 5.225 0.0
0.16 5.24 0.0
0.17 5.255 0.0
0.18 5.27 0.0
0.19 5.285 0.0
0.2 5.3 0.0
0.21 5.315 0.0
0.22 5.33 0.0
0.23 5.345 0.0
0.24 5.36 0.0
0.25 5.375 0.0
0.26 5.39 0.0
0.27 5.405 0.0
0.28 5.42 0.0
0.29 5.435 0.0
0.3 5.45 0.0
0.31 5.465 0.0
0.32 5.48 0.0
0.33 5.495 0.0
0.34 5.51 0.0
0.35 5.525 0.0
0.36 5.54 0.0
0.37 5.555 0.0
0.38 5.57 0.0
0.39 5.585 0.0
0.4 5.6 0.0
0.41 5.615 0.0
0.42 5.63 0.0
0.43 5.645 0.0
0.44 5.66 0.0
0.45 5.675 0.0
0.46 5.69 0.0
0.47 5.705 0.0
0.48 5.72 0.0
0.49 5.735 0.0
0.5 5.75 0.0
0.51 5.765 0.0
0.52 5.78 0.0
0.53 5.795 0.0
0.54 5.81 0.0
0.55 5.825 0.0
0.56 5.84 0.0
0.57 5.855 0.0
0.58 5.87 0.0
0.59 5.885 0.0
0.6 5.9 0.0
0.61 5.915 0.0
0.62 5.93 0.0
0.63 5.945 0.0
0.64 5.96 0.0
0.65 5.975 0.0
0.66 5.99 0.0
0.67 6.005 0.0
0.68 6.02 0.0
0.69 6.035 0.0
0.7 6.05 0.0
0.71 6.065 0.0
0.72 6.08 0.0
0.73 6.095 0.0
0.74 6.11 0.0
0.75 6.125 0.0
0.76 6.14 0.0
0.77 6.155 0.0
0.78 6.17 0.0
0.79 6.185 0.0
0.8 6.2 0.0
0.81 6.215 0.0
0.82 6.23 0.0
0.83 6.245 0.0
0.84 6.26 0.0
0.85 6.275 0.0
0.86 6.29 0.0
0.87 6.305 0.0
0.88 6.32 0.0
0.89 6.335 0.0
0.9 6.35 0.0
0.91 6.365 0.0
0.92 6.38 0.0
0.93 6.395 0.0
0.94 6.41 0.0
0.95 6.425 0.0
0.96 6.44 0.0
0.97 6.455 0.0
0.98 6.47 0.0
0.99 6.485 0.0
1.0 6.5 0.0
1.01 6.515 0.0
1.02 6.53 0.0
1.03 6.545 0.0
1.04 6.56 0.0
1.05 6.575 0.0
1.06 6.59 0.0
1.07 6.605 0.0
1.08 6.62 0.0
1.09 6.635 0.0
1.1 6.65 0.0
1.11 6.665 0.0
1.12 6.68 0.0
1.13 6.695 0.0
1.14 6.71 0.0
1.15 6.725 0.0
1.16 6.74 0.0
1.17 6.755 0.0
1.18 6.77 0.0
1.19 6.785 0.0
1.2 6.8 0.0
1.21 6.815 0.0
1.22 6.83 0.0
1.23 6.845 0.0
1.24 6.86 0.0
1.25 6.875 0.0
1.26 6.89 0.0
1.27 6.905 0.0
1.28 6.92 0.0
1.29 6.935 0.0
1.3 6.95 0.0
1.31 6.965 0.0
1.32 6.98 0.0
1.33 6.995 0.0
1.34 7.01 0.0
1.35 7.025 0.0
1.36 7.04 0.0
1.37 7.055 0.0
1.38 7.07 0.0
1.39 7.085 0.0
1.4 7.1 0.0
1.41 7.115 0.0
1.42 7.13 0.0
1.43 7.145 0.0
1.44 7.16 0.0
1.45 7.175 0.0
1.46 7.19 0.0
1.47 7.205 0.0
1.48 7.22 0.0
1.49 7.235 0.0
1.5 7.25 0.0
1.51 7.265 0.0
1.52 7.28 0.0
1.53 7.295 0.0
1.54 7.31 0.0
1.55 7.325 0.0
1.56 7.34 0.0
1.57 7.355 0.0
1.58 7.37 0.0
1.59 7.385 0.0
1.6 7.4 0.0
1.61 7.415 0.0
1.62 7.43 0.0
1.63 7.445 0.0
1.64 7.46 0.0
1.65 7.475 0.0
1.66 7.49 0.0
1.67 7.505 0.0
1.68 7.52 0.0
1.69 7.535 0.0
1.7 7.55 0.0
1.71 7.565 0.0
1.72 7.58 0.0
1.73 7.595 0.0
1.74 7.61 0.0
1.75 7.625 0.0
1.76 7.64 0.0
1.77 7.655 0.0
1.78 7.67 0.0
1.79 7.685 0.0
1.8 7.7 0.0
1.81 7.715 0.0
1.82 7.73 0.0
1.83 7.745 0.0
1.84 7.76 0.0
1.85 7.775 0.0
1.86 7.79 0.0
1.87 7.805 0.0
1.88 7.82 0.0
1.89 7.835 0.0
1.9 7.85 0.0
1.91 7.865 0.0
1.92 7.88 0.0
1.93 7.895 0.0
1.94 7.91 0.0
1.95 7.925 0.0
1.96 7.94 0.0
1.97 7.955 0.0
1.98 7.97 0.0
1.99 7.985 0.0
2.0 8.0 0.0
2.01 8.015 0.0
2.02 8.03 0.0
2.03 8.045 0.0
2.04 8.06 0.0
2.05 8.075 0.0
2.06 8.09 0.0
2.07 8.105 0.0
2.08 8.12 0.0
2.09 8.135 0.0
2.1 8.15 0.0
2.11 8.165 0.0
2.12 8.18 0.0
2.13 8.195 0.0
2.14 8.21 0.0
2.15 8.225 0.0
2.16 8.24 0.0
2.17 8.255 0.0
2.18 8.27 0.0
2.19 8.285 0.0
2.2 8.3 0.0
2.21 8.315 0.0
2.22 8.33 0.0
2.23 8.345 0.0
2.24 8.36 0.0
2.25 8.375 0.0
2.26 8.39 0.0
2.27 8.405 0.0
2.28 8.42 0.0
2.29 8.435 0.0
2.3 8.45 0.0
2.31 8.465 0.0
2.32 8.48 0.0
2.33 8.495 0.0
2.34 8.51 0.0
2.35 8.525 0.0
2.36 8.54 0.0
2.37 8.555 0.0
2.38 8.57 0.0
2.39 8.585 0.0
2.4 8.6 0.0
2.41 8.615 0.0
2.42 8.63 0.0
2.43 8.645 0.0
2.44 8.66 0.0
2.45 8.675 0.0
2.46 8.69 0.0
2.47 8.705 0.0
2.48 8.72 0.0
2.49 8.735 0.0
2.5 8.75 0.0
2.51 8.765 0.0
2.52 8.78 0.0
2.53 8.795 0.0
2.54 8.81 0.0
2.55 8.825 0.0
2.56 8.84 0.0
2.57 8.855 0.0
2.58 8.87 0.0
2.59 8.885 0.0
2.6 8.9 0.0
2.61 8.915 0.0
2.62 8.93 0.0
2.63 8.945 0.0
2.64 8.96 0.0
2.65 8.975 0.0
2.66 8.99 0.0
2.67 9.005 0.0
2.68 9.02 0.0
2.69 9.035 0.0
2.7 9.05 0.0
2.71 9.065 0.0
2.72 9.08 0.0
2.73 9.095 0.0
2.74 9.11 0.0
2.75 9.125 0.0
2.76 9.14 0.0
2.77 9.155 0.0
2.78 9.17 0.0
2.79 9.185 0.0
2.8 9.2 0.0
2.81 9.215 0.0
2.82 9.23 0.0
2.83 9.245 0.0
2.84 9.26 0.0
2.85 9.275 0.0
2.86 9.29 0.0
2.87 9.305 0.0
2.88 9.32 0.0
2.89 9.335 0.0
2.9 9.35 0.0
2.91 9.365 0.0
2.92 9.38 0.0
2.93 9.395 0.0
2.94 9.41 0.0
2.95 9.425 0.0
2.96 9.44 0.0
2.97 9.455 0.0
2.98 9.47 0.0
2.99 9.485 0.0
3.0 9.5 0.0
3.01 9.515 0.0
3.02 9.53 0.0
3.03 9.545 0.0
3.04 9.56 0.0
3.05 9.575 0.0
3.06 9.59 0.0
3.07 9.605 0.0
3.08 9.62 0.0
3.09 9.635 0.0
3.1 9.65 0.0
3.11 9.665 0.0
3.12 9.68 0.0
3.13 9.695 0.0
3.14 9.71 0.0
3.15 9.725 0.0
3.16 9.74 0.0
3.17 9.755 0.0
3.18 9.77 0.0
3.19 9.785 0.0
3.2 9.8 0.0
3.21 9.815 0.0
3.22 9.83 0.0
3.23 9.845 0.0
3.24 9.86 0.0
3.25 9.875 0.0
3.26 9.89 0.0
3.27 9.905 0.0
3.28 9.92 0.0
3.29 9.935 0.0
3.3 9.95 0.0
3.31 9.965 0.0
3.32 9.98 0.0
3.33 9.995 0.0
3.34 9.9844 0.0106
3.35 9.9738 0.0212
3.36 9.9632 0.0318
3.37 9.9526 0.0424
3.38 9.942 0.053
3.39 9.9314 0.0636
3.4 9.9208 0.0742
3.41 9.9102 0.0848
3.42 9.8996 0.0954
3.43 9.889 0.106
3.44 9.8784 0.1166
3.45 9.8678 0.1272
3.46 9.8572 0.1378
3.47 9.8466 0.1484
3.48 9.836 0.159
3.49 9.8254 0.1696
3.5 9.8148 0.1802
3.51 9.8042 0.1908
3.52 9.7936 0.2014
3.53 9.783 0.212
3.54 9.7724 0.2226
3.55 9.7618 0.2332
3.56 9.7512 0.2438
3.57 9.7406 0.2544
3.58 9.73 0.265
3.59 9.7194 0.2756
3.6 9.7088 0.2862
3.61 9.6982 0.2968
3.62 9.6876 0.3074
3.63 9.677 0.318
3.64 9.6664 0.3286
3.65 9.6558 0.3392
3.66 9.6452 0.3498
3.67 9.6346 0.3604
3.68 9.624 0.371
3.69 9.6134 0.3816
3.7 9.6028 0.3922
3.71 9.5922 0.4028
3.72 9.5816 0.4134
3.73 9.571 0.424
3.74 9.5604 0.4346
3.75 9.5498 0.4452
3.76 9.5392 0.4558
3.77 9.5286 0.4664
3.78 9.518 0.477
3.79 9.5074 0.4876
3.8 9.4968 0.4982
3.81 9.4862 0.5088
3.82 9.4756 0.5194
3.83 9.465 0.53
3.84 9.4544 0.5406
3.85 9.4438 0.5512
3.86 9.4332 0.5618
3.87 9.4226 0.5724
3.88 9.412 0.583
3.89 9.4014 0.5936
3.9 9.3908 0.6042
3.91 9.3802 0.6148
3.92 9.3696 0.6254
3.93 9.359 0.636
3.94 9.3484 0.6466
3.95 9.3378 0.6572
3.96 9.3272 0.6678
3.97 9.3166 0.6784
3.98 9.306 0.689
3.99 9.2954 0.6996
4.0 9.2848 0.7102
4.01 9.2742 0.7208
4.02 9.2636 0.7314
4.03 9.253 0.742
4.04 9.2424 0.7526
4.05 9.2318 0.7632
4.06 9.2212 0.7738
4.07 9.2106 0.7844
4.08 9.2 0.795
4.09 9.1894 0.8056
4.1 9.1788 0.8162
4.11 9.1682 0.8268
4.12 9.1576 0.8374
4.13 9.147 0.848
4.14 9.1364 0.8586
4.15 9.1258 0.8692
4.16 9.1152 0.8798
4.17 9.1046 0.8904
4.18 9.094 0.901
4.19 9.0834 0.9116
4.2 9.0728 0.9222
4.21 9.0622 0.9328
4.22 9.0516 0.9434
4.23 9.041 0.954
4.24 9.0304 0.9646
4.25 9.0198 0.9752
4.26 9.0092 0.9858
4.27 8.9986 0.9964
4.28 8.988 1.007
4.29 8.9774 1.0176
4.3 8.9668 1.0282
4.31 8.9562 1.0388
4.32 8.9456 1.0494
4.33 8.935 1.06
4.34 8.9244 1.0706
4.35 8.9138 1.0812
4.36 8.9032 1.0918
4.37 8.8926 1.1024
4.38 8.882 1.113
4.39 8.8714 1.1236
4.4 8.8608 1.1342
4.41 8.8502 1.1448
4.42 8.8396 1.1554
4.43 8.829 1.166
4.44 8.8184 1.1766
4.45 8.8078 1.1872
4.46 8.7972 1.1978
4.47 8.7866 1.2084
4.48 8.776 1.219
4.49 8.7654 1.2296
4.5 8.7548 1.2402
4.51 8.7442 1.2508
4.52 8.7336 1.2614
4.53 8.723 1.272
4.54 8.7124 1.2826
4.55 8.7018 1.2932
4.56 8.6912 1.3038
4.57 8.6806 1.3144
4.58 8.67 1.325
4.59 8.6594 1.3356
4.6 8.6488 1.3462
4.61 8.6382 1.3568
4.62 8.6276 1.3674
4.63 8.617 1.378
4.64 8.6064 1.3886
4.65 8.5958 1.3992
4.66 8.5852 1.4098
4.67 8.5746 1.4204
4.68 8.564 1.431
4.69 8.5534 1.4416
4.7 8.5428 1.4522
4.71 8.5322 1.4628
4.72 8.5216 1.4734
4.73 8.511 1.484
4.74 8.5004 1.4946
4.75 8.4898 1.5052
4.76 8.4792 1.5158
4.77 8.4686 1.5264
4.78 8.458 1.537
4.79 8.4474 1.5476
4.8 8.4368 1.5582
4.81 8.4262 1.5688
4.82 8.4156 1.5794
4.83 8.405 1.59
4.84 8.3944 1.6006
4.85 8.3838 1.6112
4.86 8.3732 1.6218
4.87 8.3626 1.6324
4.88 8.352 1.643
4.89 8.3414 1.6536
4.9 8.3308 1.6642
4.91 8.3202 1.6748
4.92 8.3096 1.6854
4.93 8.299 1.696
4.94 8.2884 1.7066
4.95 8.2778 1.7172
4.96 8.2672 1.7278
4.97 8.2566 1.7384
4.98 8.246 1.749
4.99 8.2354 1.7596
5.0 8.2248 1.7702
5.01 8.2142 1.7808
5.02 8.2036 1.7914
5.03 8.193 1.802
5.04 8.1824 1.8126
5.05 8.1718 1.8232
5.06 8.1612 1.8338
5.07 8.1506 1.8444
5.08 8.14 1.855
5.09 8.1294 1.8656
5.1 8.1188 1.8762
5.11 8.1082 1.8868
5.12 8.0976 1.8974
5.13 8.087 1.908
5.14 8.0764 1.9186
5.15 8.0658 1.9292
5.16 8.0552 1.9398
5.17 8.0446 1.9504
5.18 8.034 1.961
5.19 8.0234 1.9716
5.2 8.0128 1.9822
5.21 8.0022 1.9928
5.22 7.9916 2.0034
5.23 7.981 2.014
5.24 7.9704 2.0246
5.25 7.9598 2.0352
5.26 7.9492 2.0458
5.27 7.9386 2.0564
5.28 7.928 2.067
5.29 7.9174 2.0776
5.3 7.9068 2.0882
5.31 7.8962 2.0988
5.32 7.8856 2.1094
5.33 7.875 2.12
5.34 7.8644 2.1306
5.35 7.8538 2.1412
5.36 7.8432 2.1518
5.37 7.8326 2.1624
5.38 7.822 2.173
5.39 7.8114 2.1836
5.4 7.8008 2.1942
5.41 7.7902 2.2048
5.42 7.7796 2.2154
5.43 7.769 2.226
5.44 7.7584 2.2366
5.45 7.7478 2.2472
5.46 7.7372 2.2578
5.47 7.7266 2.2684
5.48 7.716 2.279
5.49 7.7054 2.2896
5.5 7.6948 2.3002
5.51 7.6842 2.3108
5.52 7.6736 2.3214
5.53 7.663 2.332
5.54 7.6524 2.3426
5.55 7.6418 2.3532
5.56 7.6312 2.3638
5.57 7.6206 2.3744
5.58 7.61 2.385
5.59 7.5994 2.3956
5.6 7.5888 2.4062
5.61 7.5782 2.4168
5.62 7.5676 2.4274
5.63 7.557 2.438
5.64 7.5464 2.4486
5.65 7.5358 2.4592
5.66 7.5252 2.4698
5.67 7.5146 2.4804
5.68 7.504 2.491
5.69 7.4934 2.5016
5.7 7.4828 2.5122
5.71 7.4722 2.5228
5.72 7.4616 2.5334
5.73 7.451 2.544
5.74 7.4404 2.5546
5.75 7.4298 2.5652
5.76 7.4192 2.5758
5.77 7.4086 2.5864
5.78 7.398 2.597
5.79 7.3874 2.6076
5.8 7.3768 2.6182
5.81 7.3662 2.6288
5.82 7.3556 2.6394
5.83 7.345 2.65
5.84 7.3344 2.6606
5.85 7.3238 2.6712
5.86 7.3132 2.6818
5.87 7.3026 2.6924
5.88 7.292 2.703
5.89 7.2814 2.7136
5.9 7.2708 2.7242
5.91 7.2602 2.7348
5.92 7.2496 2.7454
5.93 7.239 2.756
5.94 7.2284 2.7666
5.95 7.2178 2.7772
5.96 7.2072 2.7878
5.97 7.1966 2.7984
5.98 7.186 2.809
5.99 7.1754 2.8196
6.0 7.1648 2.8302
6.01 7.1542 2.8408
6.02 7.1436 2.8514
6.03 7.133 2.862
6.04 7.1224 2.8726
6.05 7.1118 2.8832
6.06 7.1012 2.8938
6.07 7.0906 2.9044
6.08 7.08 2.915
6.09 7.0694 2.9256
6.1 7.0588 2.9362
6.11 7.0482 2.9468
6.12 7.0376 2.9574
6.13 7.027 2.968
6.14 7.0164 2.9786
6.15 7.0058 2.9892
6.16 6.9952 2.9998
6.17 6.9846 3.0104
6.18 6.974 3.021
6.19 6.9634 3.0316
6.2 6.9528 3.0422
6.21 6.9422 3.0528
6.22 6.9316 3.0634
6.23 6.921 3.074
6.24 6.9104 3.0846
6.25 6.8998 3.0952
6.26 6.8892 3.1058
6.27 6.8786 3.1164
6.28 6.868 3.127
6.29 6.8574 3.1376
6.3 6.8468 3.1482
6.31 6.8362 3.1588
6.32 6.8256 3.1694
6.33 6.815 3.18
6.34 6.8044 3.1906
6.35 6.7938 3.2012
6.36 6.7832 3.2118
6.37 6.7726 3.2224
6.38 6.762 3.233
6.39 6.7514 3.2436
6.4 6.7408 3.2542
6.41 6.7302 3.2648
6.42 6.7196 3.2754
6.43 6.709 3.286
6.44 6.6984 3.2966
6.45 6.6878 3.3072
6.46 6.6772 3.3178
6.47 6.6666 3.3284
6.48 6.656 3.339
6.49 6.6454 3.3496
6.5 6.6348 3.3602
6.51 6.6242 3.3708
6.52 6.6136 3.3814
6.53 6.603 3.392
6.54 6.5924 3.4026
6.55 6.5818 3.4132
6.56 6.5712 3.4238
6.57 6.5606 3.4344
6.58 6.55 3.445
6.59 6.5394 3.4556
6.6 6.5288 3.4662
6.61 6.5182 3.4768
6.62 6.5076 3.4874
6.63 6.497 3.498
6.64 6.4864 3.5086
6.65 6.4758 3.5192
6.66 6.4652 3.5298
6.67 6.4546 3.5404
6.68 6.444 3.551
6.69 6.4334 3.5616
6.7 6.4228 3.5722
6.71 6.4122 3.5828
6.72 6.4016 3.5934
6.73 6.391 3.604
6.74 6.3804 3.6146
6.75 6.3698 3.6252
6.76 6.3592 3.6358
6.77 6.3486 3.6464
6.78 6.338 3.657
6.79 6.3274 3.6676
6.8 6.3168 3.6782
6.81 6.3062 3.6888
6.82 6.2956 3.6994
6.83 6.285 3.71
6.84 6.2744 3.7206
6.85 6.2638 3.7312
6.86 6.2532 3.7418
6.87 6.2426 3.7524
6.88 6.232 3.763
6.89 6.2214 3.7736
6.9 6.2108 3.7842
6.91 6.2002 3.7948
6.92 6.1896 3.8054
6.93 6.179 3.816
6.94 6.1684 3.8266
6.95 6.1578 3.8372
6.96 6.1472 3.8478
6.97 6.1366 3.8584
6.98 6.126 3.869
6.99 6.1154 3.8796
7.0 6.1048 3.8902
7.01 6.0942 3.9008
7.02 6.0836 3.9114
7.03 6.073 3.922
7.04 6.0624 3.9326
7.05 6.0518 3.9432
7.06 6.0412 3.9538
7.07 6.0306 3.9644
7.08 6.02 3.975
7.09 6.0094 3.9856
7.1 5.9988 3.9962
7.11 5.9882 4.0068
7.12 5.9776 4.0174
7.13 5.967 4.028
7.14 5.9564 4.0386
7.15 5.9458 4.0492
7.16 5.9352 4.0598
7.17 5.9246 4.0704
7.18 5.914 4.081
7.19 5.9034 4.0916
7.2 5.8928 4.1022
7.21 5.8822 4.1128
7.22 5.8716 4.1234
7.23 5.861 4.134
7.24 5.8504 4.1446
7.25 5.8398 4.1552
7.26 5.8292 4.1658
7.27 5.8186 4.1764
7.28 5.808 4.187
7.29 5.7974 4.1976
7.3 5.7868 4.2082
7.31 5.7762 4.2188
7.32 5.7656 4.2294
7.33 5.755 4.24
7.34 5.7444 4.2506
7.35 5.7338 4.2612
7.36 5.7232 4.2718
7.37 5.7126 4.2824
7.38 5.702 4.293
7.39 5.6914 4.3036
7.4 5.6808 4.3142
7.41 5.6702 4.3248
7.42 5.6596 4.3354
7.43 5.649 4.346
7.44 5.6384 4.3566
7.45 5.6278 4.3672
7.46 5.6172 4.3778
7.47 5.6066 4.3884
7.48 5.596 4.399
7.49 5.5854 4.4096
7.5 5.5748 4.4202
7.51 5.5642 4.4308
7.52 5.5536 4.4414
7.53 5.543 4.452
7.54 5.5324 4.4626
7.55 5.5218 4.4732
7.56 5.5112 4.4838
7.57 5.5006 4.4944
7.58 5.49 4.505
7.59 5.4794 4.5156
7.6 5.4688 4.5262
7.61 5.4582 4.5368
7.62 5.4476 4.5474
7.63 5.437 4.558
7.64 5.4264 4.5686
7.65 5.4158 4.5792
7.66 5.4052 4.5898
7.67 5.3946 4.6004
7.68 5.384 4.611
7.69 5.3734 4.6216
7.7 5.3628 4.6322
7.71 5.3522 4.6428
7.72 5.3416 4.6534
7.73 5.331 4.664
7.74 5.3204 4.6746
7.75 5.3098 4.6852
7.76 5.2992 4.6958
7.77 5.2886 4.7064
7.78 5.278 4.717
7.79 5.2674 4.7276
7.8 5.2568 4.7382
7.81 5.2462 4.7488
7.82 5.2356 4.7594
7.83 5.225 4.77
7.84 5.2144 4.7806
7.85 5.2038 4.7912
7.86 5.1932 4.8018
7.87 5.1826 4.8124
7.88 5.172 4.823
7.89 5.1614 4.8336
7.9 5.1508 4.8442
7.91 5.1402 4.8548
7.92 5.1296 4.8654
7.93 5.119 4.876
7.94 5.1084 4.8866
7.95 5.0978 4.8972
7.96 5.0872 4.9078
7.97 5.0766 4.9184
7.98 5.066 4.929
7.99 5.0554 4.9396
8.0 5.0448 4.9502
8.01 5.0342 4.9608
8.02 5.0236 4.9714
8.03 5.013 4.982
8.04 5.0024 4.9926
8.05 4.9918 5.0032
8.06 4.9812 5.0138
8.07 4.9706 5.0244
8.08 4.96 5.035
8.09 4.9494 5.0456
8.1 4.9388 5.0562
8.11 4.9282 5.0668
8.12 4.9176 5.0774
8.13 4.907 5.088
8.14 4.8964 5.0986
8.15 4.8858 5.1092
8.16 4.8752 5.1198
8.17 4.8646 5.1304
8.18 4.854 5.141
8.19 4.8434 5.1516
8.2 4.8328 5.1622
8.21 4.8222 5.1728
8.22 4.8116 5.1834
8.23 4.801 5.194
8.24 4.7904 5.2046
8.25 4.7798 5.2152
8.26 4.7692 5.2258
8.27 4.7586 5.2364
8.28 4.748 5.247
8.29 4.7374 5.2576
8.3 4.7268 5.2682
8.31 4.7162 5.2788
8.32 4.7056 5.2894
8.33 4.695 5.3
8.34 4.6844 5.3106
8.35 4.6738 5.3212
8.36 4.6632 5.3318
8.37 4.6526 5.3424
8.38 4.642 5.353
8.39 4.6314 5.3636
8.4 4.6208 5.3742
8.41 4.6102 5.3848
8.42 4.5996 5.3954
8.43 4.589 5.406
8.44 4.5784 5.4166
8.45 4.5678 5.4272
8.46 4.5572 5.4378
8.47 4.5466 5.4484
8.48 4.536 5.459
8.49 4.5254 5.4696
8.5 4.5148 5.4802
8.51 4.5042 5.4908
8.52 4.4936 5.5014
8.53 4.483 5.512
8.54 4.4724 5.5226
8.55 4.4618 5.5332
8.56 4.4512 5.5438
8.57 4.4406 5.5544
8.58 4.43 5.565
8.59 4.4194 5.5756
8.6 4.4088 5.5862
8.61 4.3982 5.5968
8.62 4.3876 5.6074
8.63 4.377 5.618
8.64 4.3664 5.6286
8.65 4.3558 5.6392
8.66 4.3452 5.6498
8.67 4.3346 5.6604
8.68 4.324 5.671
8.69 4.3134 5.6816
8.7 4.3028 5.6922
8.71 4.2922 5.7028
8.72 4.2816 5.7134
8.73 4.271 5.724
8.74 4.2604 5.7346
8.75 4.2498 5.7452
8.76 4.2392 5.7558
8.77 4.2286 5.7664
8.78 4.218 5.777
8.79 4.2074 5.7876
8.8 4.1968 5.7982
8.81 4.1862 5.8088
8.82 4.1756 5.8194
8.83 4.165 5.83
8.84 4.1544 5.8406
8.85 4.1438 5.8512
8.86 4.1332 5.8618
8.87 4.1226 5.8724
8.88 4.112 5.883
8.89 4.1014 5.8936
8.9 4.0908 5.9042
8.91 4.0802 5.9148
8.92 4.0696 5.9254
8.93 4.059 5.936
8.94 4.0484 5.9466
8.95 4.0378 5.9572
8.96 4.0272 5.9678
8.97 4.0166 5.9784
8.98 4.006 5.989
8.99 3.9954 5.9996
9.0 3.9848 6.0102
9.01 3.9742 6.0208
9.02 3.9636 6.0314
9.03 3.953 6.042
9.04 3.9424 6.0526
9.05 3.9318 6.0632
9.06 3.9212 6.0738
9.07 3.9106 6.0844
9.08 3.9 6.095
9.09 3.8894 6.1056
9.1 3.8788 6.1162
9.11 3.8682 6.1268
9.12 3.8576 6.1374
9.13 3.847 6.148
9.14 3.8364 6.1586
9.15 3.8258 6.1692
9.16 3.8152 6.1798
9.17 3.8046 6.1904
9.18 3.794 6.201
9.19 3.7834 6.2116
9.2 3.7728 6.2222
9.21 3.7622 6.2328
9.22 3.7516 6.2434
9.23 3.741 6.254
9.24 3.7304 6.2646
9.25 3.7198 6.2752
9.26 3.7092 6.2858
9.27 3.6986 6.2964
9.28 3.688 6.307
9.29 3.6774 6.3176
9.3 3.6668 6.3282
9.31 3.6562 6.3388
9.32 3.6456 6.3494
9.33 3.635 6.36
9.34 3.6244 6.3706
9.35 3.6138 6.3812
9.36 3.6032 6.3918
9.37 3.5926 6.4024
9.38 3.582 6.413
9.39 3.5714 6.4236
9.4 3.5608 6.4342
9.41 3.5502 6.4448
9.42 3.5396 6.4554
9.43 3.529 6.466
9.44 3.5184 6.4766
9.45 3.5078 6.4872
9.46 3.4972 6.4978
9.47 3.4866 6.5084
9.48 3.476 6.519
9.49 3.4654 6.5296
9.5 3.4548 6.5402
9.51 3.4442 6.5508
9.52 3.4336 6.5614
9.53 3.423 6.572
9.54 3.4124 6.5826
9.55 3.4018 6.5932
9.56 3.3912 6.6038
9.57 3.3806 6.6144
9.58 3.37 6.625
9.59 3.3594 6.6356
9.6 3.3488 6.6462
9.61 3.3382 6.6568
9.62 3.3276 6.6674
9.63 3.317 6.678
9.64 3.3064 6.6886
9.65 3.2958 6.6992
9.66 3.2852 6.7098
9.67 3.2746 6.7204
9.68 3.264 6.731
9.69 3.2534 6.7416
9.7 3.2428 6.7522
9.71 3.2322 6.7628
9.72 3.2216 6.7734
9.73 3.211 6.784
9.74 3.2004 6.7946
9.75 3.1898 6.8052
9.76 3.1792 6.8158
9.77 3.1686 6.8264
9.78 3.158 6.837
9.79 3.1474 6.8476
9.8 3.1368 6.8582
9.81 3.1262 6.8688
9.82 3.1156 6.8794
9.83 3.105 6.89
9.84 3.0944 6.9006
9.85 3.0838 6.9112
9.86 3.0732 6.9218
9.87 3.0626 6.9324
9.88 3.052 6.943
9.89 3.0414 6.9536
9.9 3.0308 6.9642
9.91 3.0202 6.9748
9.92 3.0096 6.9854
9.93 2.999 6.996
9.94 2.9884 7.0066
9.95 2.9778 7.0172
9.96 2.9672 7.0278
9.97 2.9566 7.0384
9.98 2.946 7.049
9.99 2.9354 7.0596
10.0 2.9248 7.0702
10.01 2.9142 7.0808
10.02 2.9036 7.0914
10.03 2.893 7.102
10.04 2.8824 7.1126
10.05 2.8718 7.1232
10.06 2.8612 7.1338
10.07 2.8506 7.1444
10.08 2.84 7.155
10.09 2.8294 7.1656
10.1 2.8188 7.1762
10.11 2.8082 7.1868
10.12 2.7976 7.1974
10.13 2.787 7.208
10.14 2.7764 7.2186
10.15 2.7658 7.2292
10.16 2.7552 7.2398
10.17 2.7446 7.2504
10.18 2.734 7.261
10.19 2.7234 7.2716
10.2 2.7128 7.2822
10.21 2.7022 7.2928
10.22 2.6916 7.3034
10.23 2.681 7.314
10.24 2.6704 7.3246
10.25 2.6598 7.3352
10.26 2.6492 7.3458
10.27 2.6386 7.3564
10.28 2.628 7.367
10.29 2.6174 7.3776
10.3 2.6068 7.3882
10.31 2.5962 7.3988
10.32 2.5856 7.4094
10.33 2.575 7.42
10.34 2.5644 7.4306
10.35 2.5538 7.4412
10.36 2.5432 7.4518
10.37 2.5326 7.4624
10.38 2.522 7.473
10.39 2.5114 7.4836
10.4 2.5008 7.4942
10.41 2.4902 7.5048
10.42 2.4796 7.5154
10.43 2.469 7.526
10.44 2.4584 7.5366
10.45 2.4478 7.5472
10.46 2.4372 7.5578
10.47 2.4266 7.5684
10.48 2.416 7.579
10.49 2.4054 7.5896
10.5 2.3948 7.6002
10.51 2.3842 7.6108
10.52 2.3736 7.6214
10.53 2.363 7.632
10.54 2.3524 7.6426
10.55 2.3418 7.6532
10.56 2.3312 7.6638
10.57 2.3206 7.6744
10.58 2.31 7.685
10.59 2.2994 7.6956
10.6 2.2888 7.7062
10.61 2.2782 7.7168
10.62 2.2676 7.7274
10.63 2.257 7.738
10.64 2.2464 7.7486
10.65 2.2358 7.7592
10.66 2.2252 7.7698
10.67 2.2146 7.7804
10.68 2.204 7.791
10.69 2.1934 7.8016
10.7 2.1828 7.8122
10.71 2.1722 7.8228
10.72 2.1616 7.8334
10.73 2.151 7.844
10.74 2.1404 7.8546
10.75 2.1298 7.8652
10.76 2.1192 7.8758
10.77 2.1086 7.8864
10.78 2.098 7.897
10.79 2.0874 7.9076
10.8 2.0768 7.9182
10.81 2.0662 7.9288
10.82 2.0556 7.9394
10.83 2.045 7.95
10.84 2.0344 7.9606
10.85 2.0238 7.9712
10.86 2.0132 7.9818
10.87 2.0026 7.9924
10.88 1.992 8.003
10.89 1.9814 8.0136
10.9 1.9708 8.0242
10.91 1.9602 8.0348
10.92 1.9496 8.0454
10.93 1.939 8.056
10.94 1.9284 8.0666
10.95 1.9178 8.0772
10.96 1.9072 8.0878
10.97 1.8966 8.0984
10.98 1.886 8.109
10.99 1.8754 8.1196
11.0 1.8648 8.1302
11.01 1.8542 8.1408
11.02 1.8436 8.1514
11.03 1.833 8.162
11.04 1.8224 8.1726
11.05 1.8118 8.1832
11.06 1.8012 8.1938
11.07 1.7906 8.2044
11.08 1.78 8.215
11.09 1.7694 8.2256
11.1 1.7588 8.2362
11.11 1.7482 8.2468
11.12 1.7376 8.2574
11.13 1.727 8.268
11.14 1.7164 8.2786
11.15 1.7058 8.2892
11.16 1.6952 8.2998
11.17 1.6846 8.3104
11.18 1.674 8.321
11.19 1.6634 8.3316
11.2 1.6528 8.3422
11.21 1.6422 8.3528
11.22 1.6316 8.3634
11.23 1.621 8.374
11.24 1.6104 8.3846
11.25 1.5998 8.3952
11.26 1.5892 8.4058
11.27 1.5786 8.4164
11.28 1.568 8.427
11.29 1.5574 8.4376
11.3 1.5468 8.4482
11.31 1.5362 8.4588
11.32 1.5256 8.4694
11.33 1.515 8.48
11.34 1.5044 8.4906
11.35 1.4938 8.5012
11.36 1.4832 8.5118
11.37 1.4726 8.5224
11.38 1.462 8.533
11.39 1.4514 8.5436
11.4 1.4408 8.5542
11.41 1.4302 8.5648
11.42 1.4196 8.5754
11.43 1.409 8.586
11.44 1.3984 8.5966
11.45 1.3878 8.6072
11.46 1.3772 8.6178
11.47 1.3666 8.6284
11.48 1.356 8.639
11.49 1.3454 8.6496
11.5 1.3348 8.6602
11.51 1.3242 8.6708
11.52 1.3136 8.6814
11.53 1.303 8.692
11.54 1.2924 8.7026
11.55 1.2818 8.7132
11.56 1.2712 8.7238
11.57 1.2606 8.7344
11.58 1.25 8.745
11.59 1.2394 8.7556
11.6 1.2288 8.7662
11.61 1.2182 8.7768
11.62 1.2076 8.7874
11.63 1.197 8.798
11.64 1.1864 8.8086
11.65 1.1758 8.8192
11.66 1.1652 8.8298
11.67 1.1546 8.8404
11.68 1.144 8.851
11.69 1.1334 8.8616
11.7 1.1228 8.8722
11.71 1.1122 8.8828
11.72 1.1016 8.8934
11.73 1.091 8.904
11.74 1.0804 8.9146
11.75 1.0698 8.9252
11.76 1.0592 8.9358
11.77 1.0486 8.9464
11.78 1.038 8.957
11.79 1.0274 8.9676
11.8 1.0168 8.9782
11.81 1.0062 8.9888
11.82 0.9956 8.9994
11.83 0.985 9.01
11.84 0.9744 9.0206
11.85 0.9638 9.0312
11.86 0.9532 9.0418
11.87 0.9426 9.0524
11.88 0.932 9.063
11.89 0.9214 9.0736
11.9 0.9108 9.0842
11.91 0.9002 9.0948
11.92 0.8896 9.1054
11.93 0.879 9.116
11.94 0.8684 9.1266
11.95 0.8578 9.1372
11.96 0.8472 9.1478
11.97 0.8366 9.1584
11.98 0.826 9.169
11.99 0.8154 9.1796
12.0 0.8048 9.1902
12.01 0.7942 9.2008
12.02 0.7836 9.2114
12.03 0.773 9.222
12.04 0.7624 9.2326
12.05 0.7518 9.2432
12.06 0.7412 9.2538
12.07 0.7306 9.2644
12.08 0.72 9.275
12.09 0.7094 9.2856
12.1 0.6988 9.2962
12.11 0.6882 9.3068
12.12 0.6776 9.3174
12.13 0.667 9.328
12.14 0.6564 9.3386
12.15 0.6458 9.3492
12.16 0.6352 9.3598
12.17 0.6246 9.3704
12.18 0.614 9.381
12.19 0.6034 9.3916
12.2 0.5928 9.4022
12.21 0.5822 9.4128
12.22 0.5716 9.4234
12.23 0.561 9.434
12.24 0.5504 9.4446
12.25 0.5398 9.4552
12.26 0.5292 9.4658
12.27 0.5186 9.4764
12.28 0.508 9.487
12.29 0.4974 9.4976
12.3 0.4868 9.5082
12.31 0.4762 9.5188
12.32 0.4656 9.5294
12.33 0.455 9.54
12.34 0.4444 9.5506
12.35 0.4338 9.5612
12.36 0.4232 9.5718
12.37 0.4126 9.5824
12.38 0.402 9.593
12.39 0.3914 9.6036
12.4 0.3808 9.6142
12.41 0.3702 9.6248
12.42 0.3596 9.6354
12.43 0.349 9.646
12.44 0.3384 9.6566
12.45 0.3278 9.6672
12.46 0.3172 9.6778
12.47 0.3066 9.6884
12.48 0.296 9.699
12.49 0.2854 9.7096
12.5 0.2748 9.7202
12.51 0.2642 9.7308
12.52 0.2536 9.7414
12.53 0.243 9.752
12.54 0.2324 9.7626
12.55 0.2218 9.7732
12.56 0.2112 9.7838
12.57 0.2006 9.7944
12.58 0.19 9.805
12.59 0.1794 9.8156
12.6 0.1688 9.8262
12.61 0.1582 9.8368
12.62 0.1476 9.8474
12.63 0.137 9.858
12.64 0.1264 9.8686
12.65 0.1158 9.8792
12.66 0.1052 9.8898
12.67 0.0946 9.9004
12.68 0.084 9.911
12.69 0.0734 9.9216
12.7 0.0628 9.9322
12.71 0.0522 9.9428
12.72 0.0416 9.9534
12.73 0.031 9.964
12.74 0.0204 9.9746
12.75 0.0098 9.9852
12.76 -8.0E-4 9.9958
12.77 -8.0E-4 9.9808
12.78 -8.0E-4 9.9658
12.79 -8.0E-4 9.9508
12.8 -8.0E-4 9.9358
12.81 -8.0E-4 9.9208
12.82 -8.0E-4 9.9058
12.83 -8.0E-4 9.8908
12.84 -8.0E-4 9.8758
12.85 -8.0E-4 9.8608
12.86 -8.0E-4 9.8458
12.87 -8.0E-4 9.8308
12.88 -8.0E-4 9.8158
12.89 -8.0E-4 9.8008
12.9 -8.0E-4 9.7858
12.91 -8.0E-4 9.7708
12.92 -8.0E-4 9.7558
12.93 -8.0E-4 9.7408
12.94 -8.0E-4 9.7258
12.95 -8.0E-4 9.7108
12.96 -8.0E-4 9.6958
12.97 -8.0E-4 9.6808
12.98 -8.0E-4 9.6658
12.99 -8.0E-4 9.6508
13.0 -8.0E-4 9.6358
13.01 -8.0E-4 9.6208
13.02 -8.0E-4 9.6058
13.03 -8.0E-4 9.5908
13.04 -8.0E-4 9.5758
13.05 -8.0E-4 9.5608
13.06 -8.0E-4 9.5458
13.07 -8.0E-4 9.5308
13.08 -8.0E-4 9.5158
13.09 -8.0E-4 9.5008
13.1 -8.0E-4 9.4858
13.11 -8.0E-4 9.4708
13.12 -8.0E-4 9.4558
13.13 -8.0E-4 9.4408
13.14 -8.0E-4 9.4258
13.15 -8.0E-4 9.4108
13.16 -8.0E-4 9.3958
13.17 -8.0E-4 9.3808
13.18 -8.0E-4 9.3658
13.19 -8.0E-4 9.3508
13.2 -8.0E-4 9.3358
13.21 -8.0E-4 9.3208
13.22 -8.0E-4 9.3058
13.23 -8.0E-4 9.2908
13.24 -8.0E-4 9.2758
13.25 -8.0E-4 9.2608
13.26 -8.0E-4 9.2458
13.27 -8.0E-4 9.2308
13.28 -8.0E-4 9.2158
13.29 -8.0E-4 9.2008
13.3 -8.0E-4 9.1858
13.31 -8.0E-4 9.1708
13.32 -8.0E-4 9.1558
13.33 -8.0E-4 9.1408
13.34 -8.0E-4 9.1258
13.35 -8.0E-4 9.1108
13.36 -8.0E-4 9.0958
13.37 -8.0E-4 9.0808
13.38 -8.0E-4 9.0658
13.39 -8.0E-4 9.0508
13.4 -8.0E-4 9.0358
13.41 -8.0E-4 9.0208
13.42 -8.0E-4 9.0058
13.43 -8.0E-4 8.9908
13.44 -8.0E-4 8.9758
13.45 -8.0E-4 8.9608
13.46 -8.0E-4 8.9458
13.47 -8.0E-4 8.9308
13.48 -8.0E-4 8.9158
13.49 -8.0E-4 8.9008
13.5 -8.0E-4 8.8858
13.51 -8.0E-4 8.8708
13.52 -8.0E-4 8.8558
13.53 -8.0E-4 8.8408
13.54 -8.0E-4 8.8258
13.55 -8.0E-4 8.8108
13.56 -8.0E-4 8.7958
13.57 -8.0E-4 8.7808
13.58 -8.0E-4 8.7658
13.59 -8.0E-4 8.7508
13.6 -8.0E-4 8.7358
13.61 -8.0E-4 8.7208
13.62 -8.0E-4 8.7058
13.63 -8.0E-4 8.6908
13.64 -8.0E-4 8.6758
13.65 -8.0E-4 8.6608
13.66 -8.0E-4 8.6458
13.67 -8.0E-4 8.6308
13.68 -8.0E-4 8.6158
13.69 -8.0E-4 8.6008
13.7 -8.0E-4 8.5858
13.71 -8.0E-4 8.5708
13.72 -8.0E-4 8.5558
13.73 -8.0E-4 8.5408
13.74 -8.0E-4 8.5258
13.75 -8.0E-4 8.5108
13.76 -8.0E-4 8.4958
13.77 -8.0E-4 8.4808
13.78 -8.0E-4 8.4658
13.79 -8.0E-4 8.4508
13.8 -8.0E-4 8.4358
13.81 -8.0E-4 8.4208
13.82 -8.0E-4 8.4058
13.83 -8.0E-4 8.3908
13.84 -8.0E-4 8.3758
13.85 -8.0E-4 8.3608
13.86 -8.0E-4 8.3458
13.87 -8.0E-4 8.3308
13.88 -8.0E-4 8.3158
13.89 -8.0E-4 8.3008
13.9 -8.0E-4 8.2858
13.91 -8.0E-4 8.2708
13.92 -8.0E-4 8.2558
13.93 -8.0E-4 8.2408
13.94 -8.0E-4 8.2258
13.95 -8.0E-4 8.2108
13.96 -8.0E-4 8.1958
13.97 -8.0E-4 8.1808
13.98 -8.0E-4 8.1658
13.99 -8.0E-4 8.1508
14.0 -8.0E-4 8.1358
14.01 -8.0E-4 8.1208
14.02 -8.0E-4 8.1058
14.03 -8.0E-4 8.0908
14.04 -8.0E-4 8.0758
14.05 -8.0E-4 8.0608
14.06 -8.0E-4 8.0458
14.07 -8.0E-4 8.0308
14.08 -8.0E-4 8.0158
14.09 -8.0E-4 8.0008
14.1 -8.0E-4 7.9858
14.11 -8.0E-4 7.9708
14.12 -8.0E-4 7.9558
14.13 -8.0E-4 7.9408
14.14 -8.0E-4 7.9258
14.15 -8.0E-4 7.9108
14.16 -8.0E-4 7.8958
14.17 -8.0E-4 7.8808
14.18 -8.0E-4 7.8658
14.19 -8.0E-4 7.8508
14.2 -8.0E-4 7.8358
14.21 -8.0E-4 7.8208
14.22 -8.0E-4 7.8058
14.23 -8.0E-4 7.7908
14.24 -8.0E-4 7.7758
14.25 -8.0E-4 7.7608
14.26 -8.0E-4 7.7458
14.27 -8.0E-4 7.7308
14.28 -8.0E-4 7.7158
14.29 -8.0E-4 7.7008
14.3 -8.0E-4 7.6858
14.31 -8.0E-4 7.6708
14.32 -8.0E-4 7.6558
14.33 -8.0E-4 7.6408
14.34 -8.0E-4 7.6258
14.35 -8.0E-4 7.6108
14.36 -8.0E-4 7.5958
14.37 -8.0E-4 7.5808
14.38 -8.0E-4 7.5658
14.39 -8.0E-4 7.5508
14.4 -8.0E-4 7.5358
14.41 -8.0E-4 7.5208
14.42 -8.0E-4 7.5058
14.43 -8.0E-4 7.4908
14.44 -8.0E-4 7.4758
14.45 -8.0E-4 7.4608
14.46 -8.0E-4 7.4458
14.47 -8.0E-4 7.4308
14.48 -8.0E-4 7.4158
14.49 -8.0E-4 7.4008
14.5 -8.0E-4 7.3858
14.51 -8.0E-4 7.3708
14.52 -8.0E-4 7.3558
14.53 -8.0E-4 7.3408
14.54 -8.0E-4 7.3258
14.55 -8.0E-4 7.3108
14.56 -8.0E-4 7.2958
14.57 -8.0E-4 7.2808
14.58 -8.0E-4 7.2658
14.59 -8.0E-4 7.2508
14.6 -8.0E-4 7.2358
14.61 -8.0E-4 7.2208
14.62 -8.0E-4 7.2058
14.63 -8.0E-4 7.1908
14.64 -8.0E-4 7.1758
14.65 -8.0E-4 7.1608
14.66 -8.0E-4 7.1458
14.67 -8.0E-4 7.1308
14.68 -8.0E-4 7.1158
14.69 -8.0E-4 7.1008
14.7 -8.0E-4 7.0858
14.71 -8.0E-4 7.0708
14.72 -8.0E-4 7.0558
14.73 -8.0E-4 7.0408
14.74 -8.0E-4 7.0258
14.75 -8.0E-4 7.0108
14.76 -8.0E-4 6.9958
14.77 -8.0E-4 6.9808
14.78 -8.0E-4 6.9658
14.79 -8.0E-4 6.9508
14.8 -8.0E-4 6.9358
14.81 -8.0E-4 6.9208
14.82 -8.0E-4 6.9058
14.83 -8.0E-4 6.8908
14.84 -8.0E-4 6.8758
14.85 -8.0E-4 6.8608
14.86 -8.0E-4 6.8458
14.87 -8.0E-4 6.8308
14.88 -8.0E-4 6.8158
14.89 -8.0E-4 6.8008
14.9 -8.0E-4 6.7858
14.91 -8.0E-4 6.7708
14.92 -8.0E-4 6.7558
14.93 -8.0E-4 6.7408
14.94 -8.0E-4 6.7258
14.95 -8.0E-4 6.7108
14.96 -8.0E-4 6.6958
14.97 -8.0E-4 6.6808
14.98 -8.0E-4 6.6658
14.99 -8.0E-4 6.6508
15.0 -8.0E-4 6.6358
15.01 -8.0E-4 6.6208
15.02 -8.0E-4 6.6058
15.03 -8.0E-4 6.5908
15.04 -8.0E-4 6.5758
15.05 -8.0E-4 6.5608
15.06 -8.0E-4 6.5458
15.07 -8.0E-4 6.5308
15.08 -8.0E-4 6.5158
15.09 -8.0E-4 6.5008
15.1 -8.0E-4 6.4858
15.11 -8.0E-4 6.4708
15.12 -8.0E-4 6.4558
15.13 -8.0E-4 6.4408
15.14 -8.0E-4 6.4258
15.15 -8.0E-4 6.4108
15.16 -8.0E-4 6.3958
15.17 -8.0E-4 6.3808
15.18 -8.0E-4 6.3658
15.19 -8.0E-4 6.3508
15.2 -8.0E-4 6.3358
15.21 -8.0E-4 6.3208
15.22 -8.0E-4 6.3058
15.23 -8.0E-4 6.2908
15.24 -8.0E-4 6.2758
15.25 -8.0E-4 6.2608
15.26 -8.0E-4 6.2458
15.27 -8.0E-4 6.2308
15.28 -8.0E-4 6.2158
15.29 -8.0E-4 6.2008
15.3 -8.0E-4 6.1858
15.31 -8.0E-4 6.1708
15.32 -8.0E-4 6.1558
15.33 -8.0E-4 6.1408
15.34 -8.0E-4 6.1258
15.35 -8.0E-4 6.1108
15.36 -8.0E-4 6.0958
15.37 -8.0E-4 6.0808
15.38 -8.0E-4 6.0658
15.39 -8.0E-4 6.0508
15.4 -8.0E-4 6.0358
15.41 -8.0E-4 6.0208
15.42 -8.0E-4 6.0058
15.43 -8.0E-4 5.9908
15.44 -8.0E-4 5.9758
15.45 -8.0E-4 5.9608
15.46 -8.0E-4 5.9458
15.47 -8.0E-4 5.9308
15.48 -8.0E-4 5.9158
15.49 -8.0E-4 5.9008
15.5 -8.0E-4 5.8858
15.51 -8.0E-4 5.8708
15.52 -8.0E-4 5.8558
15.53 -8.0E-4 5.8408
15.54 -8.0E-4 5.8258
15.55 -8.0E-4 5.8108
15.56 -8.0E-4 5.7958
15.57 -8.0E-4 5.7808
15.58 -8.0E-4 5.7658
15.59 -8.0E-4 5.7508
15.6 -8.0E-4 5.7358
15.61 -8.0E-4 5.7208
15.62 -8.0E-4 5.7058
15.63 -8.0E-4 5.6908
15.64 -8.0E-4 5.6758
15.65 -8.0E-4 5.6608
15.66 -8.0E-4 5.6458
15.67 -8.0E-4 5.6308
15.68 -8.0E-4 5.6158
15.69 -8.0E-4 5.6008
15.7 -8.0E-4 5.5858
15.71 -8.0E-4 5.5708
15.72 -8.0E-4 5.5558
15.73 -8.0E-4 5.5408
15.74 -8.0E-4 5.5258
15.75 -8.0E-4 5.5108
15.76 -8.0E-4 5.4958
15.77 -8.0E-4 5.4808
15.78 -8.0E-4 5.4658
15.79 -8.0E-4 5.4508
15.8 -8.0E-4 5.4358
15.81 -8.0E-4 5.4208
15.82 -8.0E-4 5.4058
15.83 -8.0E-4 5.3908
15.84 -8.0E-4 5.3758
15.85 -8.0E-4 5.3608
15.86 -8.0E-4 5.3458
15.87 -8.0E-4 5.3308
15.88 -8.0E-4 5.3158
15.89 -8.0E-4 5.3008
15.9 -8.0E-4 5.2858
15.91 -8.0E-4 5.2708
15.92 -8.0E-4 5.2558
15.93 -8.0E-4 5.2408
15.94 -8.0E-4 5.2258
15.95 -8.0E-4 5.2108
15.96 -8.0E-4 5.1958
15.97 -8.0E-4 5.1808
15.98 -8.0E-4 5.1658
15.99 -8.0E-4 5.1508
16.0 -8.0E-4 5.1358
16.01 -8.0E-4 5.1208
16.02 -8.0E-4 5.1058
16.03 -8.0E-4 5.0908
16.04 -8.0E-4 5.0758
16.05 -8.0E-4 5.0608
16.06 -8.0E-4 5.0458
16.07 -8.0E-4 5.0308
16.08 -8.0E-4 5.0158
16.09 -8.0E-4 5.0008
16.1 -8.0E-4 4.9858
16.11 -8.0E-4 4.9708
16.12 -8.0E-4 4.9558
16.13 -8.0E-4 4.9408
16.14 -8.0E-4 4.9258
16.15 -8.0E-4 4.9108
16.16 -8.0E-4 4.8958
16.17 -8.0E-4 4.8808
16.18 -8.0E-4 4.8658
16.19 -8.0E-4 4.8508
16.2 -8.0E-4 4.8358
16.21 -8.0E-4 4.8208
16.22 -8.0E-4 4.8058
16.23 -8.0E-4 4.7908
16.24 -8.0E-4 4.7758
16.25 -8.0E-4 4.7608
16.26 -8.0E-4 4.7458
16.27 -8.0E-4 4.7308
16.28 -8.0E-4 4.7158
16.29 -8.0E-4 4.7008
16.3 -8.0E-4 4.6858
16.31 -8.0E-4 4.6708
16.32 -8.0E-4 4.6558
16.33 -8.0E-4 4.6408
16.34 -8.0E-4 4.6258
16.35 -8.0E-4 4.6108
16.36 -8.0E-4 4.5958
16.37 -8.0E-4 4.5808
16.38 -8.0E-4 4.5658
16.39 -8.0E-4 4.5508
16.4 -8.0E-4 4.5358
16.41 -8.0E-4 4.5208
16.42 -8.0E-4 4.5058
16.43 -8.0E-4 4.4908
16.44 -8.0E-4 4.4758
16.45 -8.0E-4 4.4608
16.46 -8.0E-4 4.4458
16.47 -8.0E-4 4.4308
16.48 -8.0E-4 4.4158
16.49 -8.0E-4 4.4008
16.5 -8.0E-4 4.3858
16.51 -8.0E-4 4.3708
16.52 -8.0E-4 4.3558
16.53 -8.0E-4 4.3408
16.54 -8.0E-4 4.3258
16.55 -8.0E-4 4.3108
16.56 -8.0E-4 4.2958
16.57 -8.0E-4 4.2808
16.58 -8.0E-4 4.2658
16.59 -8.0E-4 4.2508
16.6 -8.0E-4 4.2358
16.61 -8.0E-4 4.2208
16.62 -8.0E-4 4.2058
16.63 -8.0E-4 4.1908
16.64 -8.0E-4 4.1758
16.65 -8.0E-4 4.1608
16.66 -8.0E-4 4.1458
16.67 -8.0E-4 4.1308
16.68 -8.0E-4 4.1158
16.69 -8.0E-4 4.1008
16.7 -8.0E-4 4.0858
16.71 -8.0E-4 4.0708
16.72 -8.0E-4 4.0558
16.73 -8.0E-4 4.0408
16.74 -8.0E-4 4.0258
16.75 -8.0E-4 4.0108
16.76 -8.0E-4 3.9958
16.77 -8.0E-4 3.9808
16.78 -8.0E-4 3.9658
16.79 -8.0E-4 3.9508
16.8 -8.0E-4 3.9358
16.81 -8.0E-4 3.9208
16.82 -8.0E-4 3.9058
16.83 -8.0E-4 3.8908
16.84 -8.0E-4 3.8758
16.85 -8.0E-4 3.8608
16.86 -8.0E-4 3.8458
16.87 -8.0E-4 3.8308
16.88 -8.0E-4 3.8158
16.89 -8.0E-4 3.8008
16.9 -8.0E-4 3.7858
16.91 -8.0E-4 3.7708
16.92 -8.0E-4 3.7558
16.93 -8.0E-4 3.7408
16.94 -8.0E-4 3.7258
16.95 -8.0E-4 3.7108
16.96 -8.0E-4 3.6958
16.97 -8.0E-4 3.6808
16.98 -8.0E-4 3.6658
16.99 -8.0E-4 3.6508
17.0 -8.0E-4 3.6358
17.01 -8.0E-4 3.6208
17.02 -8.0E-4 3.6058
17.03 -8.0E-4 3.5908
17.04 -8.0E-4 3.5758
17.05 -8.0E-4 3.5608
17.06 -8.0E-4 3.5458
17.07 -8.0E-4 3.5308
17.08 -8.0E-4 3.5158
17.09 -8.0E-4 3.5008
17.1 -8.0E-4 3.4858
17.11 -8.0E-4 3.4708
17.12 -8.0E-4 3.4558
17.13 -8.0E-4 3.4408
17.14 -8.0E-4 3.4258
17.15 -8.0E-4 3.4108
17.16 -8.0E-4 3.3958
17.17 -8.0E-4 3.3808
17.18 -8.0E-4 3.3658
17.19 -8.0E-4 3.3508
17.2 -8.0E-4 3.3358
17.21 -8.0E-4 3.3208
17.22 -8.0E-4 3.3058
17.23 -8.0E-4 3.2908
17.24 -8.0E-4 3.2758
17.25 -8.0E-4 3.2608
17.26 -8.0E-4 3.2458
17.27 -8.0E-4 3.2308
17.28 -8.0E-4 3.2158
17.29 -8.0E-4 3.2008
17.3 -8.0E-4 3.1858
17.31 -8.0E-4 3.1708
17.32 -8.0E-4 3.1558
17.33 -8.0E-4 3.1408
17.34 -8.0E-4 3.1258
17.35 -8.0E-4 3.1108
17.36 -8.0E-4 3.0958
17.37 -8.0E-4 3.0808
17.38 -8.0E-4 3.0658
17.39 -8.0E-4 3.0508
17.4 -8.0E-4 3.0358
17.41 -8.0E-4 3.0208
17.42 -8.0E-4 3.0058
17.43 -8.0E-4 2.9908
17.44 -8.0E-4 2.9758
17.45 -8.0E-4 2.9608
17.46 -8.0E-4 2.9458
17.47 -8.0E-4 2.9308
17.48 -8.0E-4 2.9158
17.49 -8.0E-4 2.9008
17.5 -8.0E-4 2.8858
17.51 -8.0E-4 2.8708
17.52 -8.0E-4 2.8558
17.53 -8.0E-4 2.8408
17.54 -8.0E-4 2.8258
17.55 -8.0E-4 2.8108
17.56 -8.0E-4 2.7958
17.57 -8.0E-4 2.7808
17.58 -8.0E-4 2.7658
17.59 -8.0E-4 2.7508
17.6 -8.0E-4 2.7358
17.61 -8.0E-4 2.7208
17.62 -8.0E-4 2.7058
17.63 -8.0E-4 2.6908
17.64 -8.0E-4 2.6758
17.65 -8.0E-4 2.6608
17.66 -8.0E-4 2.6458
17.67 -8.0E-4 2.6308
17.68 -8.0E-4 2.6158
17.69 -8.0E-4 2.6008
17.7 -8.0E-4 2.5858
17.71 -8.0E-4 2.5708
17.72 -8.0E-4 2.5558
17.73 -8.0E-4 2.5408
17.74 -8.0E-4 2.5258
17.75 -8.0E-4 2.5108
17.76 -8.0E-4 2.4958
17.77 -8.0E-4 2.4808
17.78 -8.0E-4 2.4658
17.79 -8.0E-4 2.4508
17.8 -8.0E-4 2.4358
17.81 -8.0E-4 2.4208
17.82 -8.0E-4 2.4058
17.83 -8.0E-4 2.3908
17.84 -8.0E-4 2.3758
17.85 -8.0E-4 2.3608
17.86 -8.0E-4 2.3458
17.87 -8.0E-4 2.3308
17.88 -8.0E-4 2.3158
17.89 -8.0E-4 2.3008
17.9 -8.0E-4 2.2858
17.91 -8.0E-4 2.2708
17.92 -8.0E-4 2.2558
17.93 -8.0E-4 2.2408
17.94 -8.0E-4 2.2258
17.95 -8.0E-4 2.2108
17.96 -8.0E-4 2.1958
17.97 -8.0E-4 2.1808
17.98 -8.0E-4 2.1658
17.99 -8.0E-4 2.1508
18.0 -8.0E-4 2.1358
18.01 -8.0E-4 2.1208
18.02 -8.0E-4 2.1058
18.03 -8.0E-4 2.0908
18.04 -8.0E-4 2.0758
18.05 -8.0E-4 2.0608
18.06 -8.0E-4 2.0458
18.07 -8.0E-4 2.0308
18.08 -8.0E-4 2.0158
18.09 -8.0E-4 2.0008
18.1 -8.0E-4 1.9858
18.11 -8.0E-4 1.9708
18.12 -8.0E-4 1.9558
18.13 -8.0E-4 1.9408
18.14 -8.0E-4 1.9258
18.15 -8.0E-4 1.9108
18.16 -8.0E-4 1.8958
18.17 -8.0E-4 1.8808
18.18 -8.0E-4 1.8658
18.19 -8.0E-4 1.8508
18.2 -8.0E-4 1.8358
18.21 -8.0E-4 1.8208
18.22 -8.0E-4 1.8058
18.23 -8.0E-4 1.7908
18.24 -8.0E-4 1.7758
18.25 -8.0E-4 1.7608
18.26 -8.0E-4 1.7458
18.27 -8.0E-4 1.7308
18.28 -8.0E-4 1.7158
18.29 -8.0E-4 1.7008
18.3 -8.0E-4 1.6858
18.31 -8.0E-4 1.6708
18.32 -8.0E-4 1.6558
18.33 -8.0E-4 1.6408
18.34 -8.0E-4 1.6258
18.35 -8.0E-4 1.6108
18.36 -8.0E-4 1.5958
18.37 -8.0E-4 1.5808
18.38 -8.0E-4 1.5658
18.39 -8.0E-4 1.5508
18.4 -8.0E-4 1.5358
18.41 -8.0E-4 1.5208
18.42 -8.0E-4 1.5058
18.43 -8.0E-4 1.4908
18.44 -8.0E-4 1.4758
18.45 -8.0E-4 1.4608
18.46 -8.0E-4 1.4458
18.47 -8.0E-4 1.4308
18.48 -8.0E-4 1.4158
18.49 -8.0E-4 1.4008
18.5 -8.0E-4 1.3858
18.51 -8.0E-4 1.3708
18.52 -8.0E-4 1.3558
18.53 -8.0E-4 1.3408
18.54 -8.0E-4 1.3258
18.55 -8.0E-4 1.3108
18.56 -8.0E-4 1.2958
18.57 -8.0E-4 1.2808
18.58 -8.0E-4 1.2658
18.59 -8.0E-4 1.2508
18.6 -8.0E-4 1.2358
18.61 -8.0E-4 1.2208
18.62 -8.0E-4 1.2058
18.63 -8.0E-4 1.1908
18.64 -8.0E-4 1.1758
18.65 -8.0E-4 1.1608
18.66 -8.0E-4 1.1458
18.67 -8.0E-4 1.1308
18.68 -8.0E-4 1.1158
18.69 -8.0E-4 1.1008
18.7 -8.0E-4 1.0858
18.71 -8.0E-4 1.0708
18.72 -8.0E-4 1.0558
18.73 -8.0E-4 1.0408
18.74 -8.0E-4 1.0258
18.75 -8.0E-4 1.0108
18.76 -8.0E-4 0.9958
18.77 -8.0E-4 0.9808
18.78 -8.0E-4 0.9658
18.79 -8.0E-4 0.9508
18.8 -8.0E-4 0.9358
18.81 -8.0E-4 0.9208
18.82 -8.0E-4 0.9058
18.83 -8.0E-4 0.8908
18.84 -8.0E-4 0.8758
18.85 -8.0E-4 0.8608
18.86 -8.0E-4 0.8458
18.87 -8.0E-4 0.8308
18.88 -8.0E-4 0.8158
18.89 -8.0E-4 0.8008
18.9 -8.0E-4 0.7858
18.91 -8.0E-4 0.7708
18.92 -8.0E-4 0.7558
18.93 -8.0E-4 0.7408
18.94 -8.0E-4 0.7258
18.95 -8.0E-4 0.7108
18.96 -8.0E-4 0.6958
18.97 -8.0E-4 0.6808
18.98 -8.0E-4 0.6658
18.99 -8.0E-4 0.6508
19.0 -8.0E-4 0.6358
19.01 -8.0E-4 0.6208
19.02 -8.0E-4 0.6058
19.03 -8.0E-4 0.5908
19.04 -8.0E-4 0.5758
19.05 -8.0E-4 0.5608
19.06 -8.0E-4 0.5458
19.07 -8.0E-4 0.5308
19.08 -8.0E-4 0.5158
19.09 -8.0E-4 0.5008
19.1 -8.0E-4 0.4858
19.11 -8.0E-4 0.4708
19.12 -8.0E-4 0.4558
19.13 -8.0E-4 0.4408
19.14 -8.0E-4 0.4258
19.15 -8.0E-4 0.4108
19.16 -8.0E-4 0.3958
19.17 -8.0E-4 0.3808
19.18 -8.0E-4 0.3658
19.19 -8.0E-4 0.3508
19.2 -8.0E-4 0.3358
19.21 -8.0E-4 0.3208
19.22 -8.0E-4 0.3058
19.23 -8.0E-4 0.2908
19.24 -8.0E-4 0.2758
19.25 -8.0E-4 0.2608
19.26 -8.0E-4 0.2458
19.27 -8.0E-4 0.2308
19.28 -8.0E-4 0.2158
19.29 -8.0E-4 0.2008
19.3 -8.0E-4 0.1858
19.31 -8.0E-4 0.1708
19.32 -8.0E-4 0.1558
19.33 -8.0E-4 0.1408
19.34 -8.0E-4 0.1258
19.35 -8.0E-4 0.1108
19.36 -8.0E-4 0.0958
19.37 -8.0E-4 0.0808
19.38 -8.0E-4 0.0658
19.39 -8.0E-4 0.0508
19.4 -8.0E-4 0.0358
19.41 -8.0E-4 0.0208
19.42 -8.0E-4 0.0058
19.43 0.0126 0.0125
19.44 0.026 0.0192
19.45 0.0394 0.0259
19.46 0.0528 0.0326
19.47 0.0662 0.0393
19.48 0.0796 0.046
19.49 0.093 0.0527
19.5 0.1064 0.0594
19.51 0.1198 0.0661
19.52 0.1332 0.0728
19.53 0.1466 0.0795
19.54 0.16 0.0862
19.55 0.1734 0.0929
19.56 0.1868 0.0996
19.57 0.2002 0.1063
19.58 0.2136 0.113
19.59 0.227 0.1197
19.6 0.2404 0.1264
19.61 0.2538 0.1331
19.62 0.2672 0.1398
19.63 0.2806 0.1465
19.64 0.294 0.1532
19.65 0.3074 0.1599
19.66 0.3208 0.1666
19.67 0.3342 0.1733
19.68 0.3476 0.18
19.69 0.361 0.1867
19.7 0.3744 0.1934
19.71 0.3878 0.2001
19.72 0.4012 0.2068
19.73 0.4146 0.2135
19.74 0.428 0.2202
19.75 0.4414 0.2269
19.76 0.4548 0.2336
19.77 0.4682 0.2403
19.78 0.4816 0.247
19.79 0.495 0.2537
19.8 0.5084 0.2604
19.81 0.5218 0.2671
19.82 0.5352 0.2738
19.83 0.5486 0.2805
19.84 0.562 0.2872
19.85 0.5754 0.2939
19.86 0.5888 0.3006
19.87 0.6022 0.3073
19.88 0.6156 0.314
19.89 0.629 0.3207
19.9 0.6424 0.3274
19.91 0.6558 0.3341
19.92 0.6692 0.3408
19.93 0.6826 0.3475
19.94 0.696 0.3542
19.95 0.7094 0.3609
19.96 0.7228 0.3676
19.97 0.7362 0.3743
19.98 0.7496 0.381
19.99 0.763 0.3877
20.0 0.7764 0.3944
20.01 0.7898 0.4011
20.02 0.8032 0.4078
20.03 0.8166 0.4145
20.04 0.83 0.4212
20.05 0.8434 0.4279
20.06 0.8568 0.4346
20.07 0.8702 0.4413
20.08 0.8836 0.448
20.09 0.897 0.4547
20.1 0.9104 0.4614
20.11 0.9238 0.4681
20.12 0.9372 0.4748
20.13 0.9506 0.4815
20.14 0.964 0.4882
20.15 0.9774 0.4949
20.16 0.9908 0.5016
20.17 1.0042 0.5083
20.18 1.0176 0.515
20.19 1.031 0.5217
20.2 1.0444 0.5284
20.21 1.0578 0.5351
20.22 1.0712 0.5418
20.23 1.0846 0.5485
20.24 1.098 0.5552
20.25 1.1114 0.5619
20.26 1.1248 0.5686
20.27 1.1382 0.5753
20.28 1.1516 0.582
20.29 1.165 0.5887
20.3 1.1784 0.5954
20.31 1.1918 0.6021
20.32 1.2052 0.6088
20.33 1.2186 0.6155
20.34 1.232 0.6222
20.35 1.2454 0.6289
20.36 1.2588 0.6356
20.37 1.2722 0.6423
20.38 1.2856 0.649
20.39 1.299 0.6557
20.4 1.3124 0.6624
20.41 1.3258 0.6691
20.42 1.3392 0.6758
20.43 1.3526 0.6825
20.44 1.366 0.6892
20.45 1.3794 0.6959
20.46 1.3928 0.7026
20.47 1.4062 0.7093
20.48 1.4196 0.716
20.49 1.433 0.7227
20.5 1.4464 0.7294
20.51 1.4598 0.7361
20.52 1.4732 0.7428
20.53 1.4866 0.7495
20.54 1.5 0.7562
20.55 1.5134 0.7629
20.56 1.5268 0.7696
20.57 1.5402 0.7763
20.58 1.5536 0.783
20.59 1.567 0.7897
20.6 1.5804 0.7964
20.61 1.5938 0.8031
20.62 1.6072 0.8098
20.63 1.6206 0.8165
20.64 1.634 0.8232
20.65 1.6474 0.8299
20.66 1.6608 0.8366
20.67 1.6742 0.8433
20.68 1.6876 0.85
20.69 1.701 0.8567
20.7 1.7144 0.8634
20.71 1.7278 0.8701
20.72 1.7412 0.8768
20.73 1.7546 0.8835
20.74 1.768 0.8902
20.75 1.7814 0.8969
20.76 1.7948 0.9036
20.77 1.8082 0.9103
20.78 1.8216 0.917
20.79 1.835 0.9237
20.8 1.8484 0.9304
20.81 1.8618 0.9371
20.82 1.8752 0.9438
20.83 1.8886 0.9505
20.84 1.902 0.9572
20.85 1.9154 0.9639
20.86 1.9288 0.9706
20.87 1.9422 0.9773
20.88 1.9556 0.984
20.89 1.969 0.9907
20.9 1.9824 0.9974
20.91 1.9958 1.0041
20.92 2.0092 1.0108
20.93 2.0226 1.0175
20.94 2.036 1.0242
20.95 2.0494 1.0309
20.96 2.0628 1.0376
20.97 2.0762 1.0443
20.98 2.0896 1.051
20.99 2.103 1.0577
21.0 2.1164 1.0644
21.01 2.1298 1.0711
21.02 2.1432 1.0778
21.03 2.1566 1.0845
21.04 2.17 1.0912
21.05 2.1834 1.0979
21.06 2.1968 1.1046
21.07 2.2102 1.1113
21.08 2.2236 1.118
21.09 2.237 1.1247
21.1 2.2504 1.1314
21.11 2.2638 1.1381
21.12 2.2772 1.1448
21.13 2.2906 1.1515
21.14 2.304 1.1582
21.15 2.3174 1.1649
21.16 2.3308 1.1716
21.17 2.3442 1.1783
21.18 2.3576 1.185
21.19 2.371 1.1917
21.2 2.3844 1.1984
21.21 2.3978 1.2051
21.22 2.4112 1.2118
21.23 2.4246 1.2185
21.24 2.438 1.2252
21.25 2.4514 1.2319
21.26 2.4648 1.2386
21.27 2.4782 1.2453
21.28 2.4916 1.252
21.29 2.505 1.2587
21.3 2.5184 1.2654
21.31 2.5318 1.2721
21.32 2.5452 1.2788
21.33 2.5586 1.2855
21.34 2.572 1.2922
21.35 2.5854 1.2989
21.36 2.5988 1.3056
21.37 2.6122 1.3123
21.38 2.6256 1.319
21.39 2.639 1.3257
21.4 2.6524 1.3324
21.41 2.6658 1.3391
21.42 2.6792 1.3458
21.43 2.6926 1.3525
21.44 2.706 1.3592
21.45 2.7194 1.3659
21.46 2.7328 1.3726
21.47 2.7462 1.3793
21.48 2.7596 1.386
21.49 2.773 1.3927
21.5 2.7864 1.3994
21.51 2.7998 1.4061
21.52 2.8132 1.4128
21.53 2.8266 1.4195
21.54 2.84 1.4262
21.55 2.8534 1.4329
21.56 2.8668 1.4396
21.57 2.8802 1.4463
21.58 2.8936 1.453
21.59 2.907 1.4597
21.6 2.9204 1.4664
21.61 2.9338 1.4731
21.62 2.9472 1.4798
21.63 2.9606 1.4865
21.64 2.974 1.4932
21.65 2.9874 1.4999
21.66 3.0008 1.5066
21.67 3.0142 1.5133
21.68 3.0276 1.52
21.69 3.041 1.5267
21.7 3.0544 1.5334
21.71 3.0678 1.5401
21.72 3.0812 1.5468
21.73 3.0946 1.5535
21.74 3.108 1.5602
21.75 3.1214 1.5669
21.76 3.1348 1.5736
21.77 3.1482 1.5803
21.78 3.1616 1.587
21.79 3.175 1.5937
21.8 3.1884 1.6004
21.81 3.2018 1.6071
21.82 3.2152 1.6138
21.83 3.2286 1.6205
21.84 3.242 1.6272
21.85 3.2554 1.6339
21.86 3.2688 1.6406
21.87 3.2822 1.6473
21.88 3.2956 1.654
21.89 3.309 1.6607
21.9 3.3224 1.6674
21.91 3.3358 1.6741
21.92 3.3492 1.6808
21.93 3.3626 1.6875
21.94 3.376 1.6942
21.95 3.3894 1.7009
21.96 3.4028 1.7076
21.97 3.4162 1.7143
21.98 3.4296 1.721
21.99 3.443 1.7277
22.0 3.4564 1.7344
22.01 3.4698 1.7411
22.02 3.4832 1.7478
22.03 3.4966 1.7545
22.04 3.51 1.7612
22.05 3.5234 1.7679
22.06 3.5368 1.7746
22.07 3.5502 1.7813
22.08 3.5636 1.788
22.09 3.577 1.7947
22.1 3.5904 1.8014
22.11 3.6038 1.8081
22.12 3.6172 1.8148
22.13 3.6306 1.8215
22.14 3.644 1.8282
22.15 3.6574 1.8349
22.16 3.6708 1.8416
22.17 3.6842 1.8483
22.18 3.6976 1.855
22.19 3.711 1.8617
22.2 3.7244 1.8684
22.21 3.7378 1.8751
22.22 3.7512 1.8818
22.23 3.7646 1.8885
22.24 3.778 1.8952
22.25 3.7914 1.9019
22.26 3.8048 1.9086
22.27 3.8182 1.9153
22.28 3.8316 1.922
22.29 3.845 1.9287
22.3 3.8584 1.9354
22.31 3.8718 1.9421
22.32 3.8852 1.9488
22.33 3.8986 1.9555
22.34 3.912 1.9622
22.35 3.9254 1.9689
22.36 3.9388 1.9756
22.37 3.9522 1.9823
22.38 3.9656 1.989
22.39 3.979 1.9957
22.4 3.9924 2.0024
22.41 4.0058 2.0091
22.42 4.0192 2.0158
22.43 4.0326 2.0225
22.44 4.046 2.0292
22.45 4.0594 2.0359
22.46 4.0728 2.0426
22.47 4.0862 2.0493
22.48 4.0996 2.056
22.49 4.113 2.0627
22.5 4.1264 2.0694
22.51 4.1398 2.0761
22.52 4.1532 2.0828
22.53 4.1666 2.0895
22.54 4.18 2.0962
22.55 4.1934 2.1029
22.56 4.2068 2.1096
22.57 4.2202 2.1163
22.58 4.2336 2.123
22.59 4.247 2.1297
22.6 4.2604 2.1364
22.61 4.2738 2.1431
22.62 4.2872 2.1498
22.63 4.3006 2.1565
22.64 4.314 2.1632
22.65 4.3274 2.1699
22.66 4.3408 2.1766
22.67 4.3542 2.1833
22.68 4.3676 2.19
22.69 4.381 2.1967
22.7 4.3944 2.2034
22.71 4.4078 2.2101
22.72 4.4212 2.2168
22.73 4.4346 2.2235
22.74 4.448 2.2302
22.75 4.4614 2.2369
22.76 4.4748 2.2436
22.77 4.4882 2.2503
22.78 4.5016 2.257
22.79 4.515 2.2637
22.8 4.5284 2.2704
22.81 4.5418 2.2771
22.82 4.5552 2.2838
22.83 4.5686 2.2905
22.84 4.582 2.2972
22.85 4.5954 2.3039
22.86 4.6088 2.3106
22.87 4.6222 2.3173
22.88 4.6356 2.324
22.89 4.649 2.3307
22.9 4.6624 2.3374
22.91 4.6758 2.3441
22.92 4.6892 2.3508
22.93 4.7026 2.3575
22.94 4.716 2.3642
22.95 4.7294 2.3709
22.96 4.7428 2.3776
22.97 4.7562 2.3843
22.98 4.7696 2.391
22.99 4.783 2.3977
23.0 4.7964 2.4044
23.01 4.8098 2.4111
23.02 4.8232 2.4178
23.03 4.8366 2.4245
23.04 4.85 2.4312
23.05 4.8634 2.4379
23.06 4.8768 2.4446
23.07 4.8902 2.4513
23.08 4.9036 2.458
23.09 4.917 2.4647
23.1 4.9304 2.4714
23.11 4.9438 2.4781
23.12 4.9572 2.4848
23.13 4.9706 2.4915
23.14 4.984 2.4982
23.15 4.9974 2.5049
23.16 5.0108 2.5116
23.17 5.0242 2.5183
23.18 5.0376 2.525
23.19 5.051 2.5317
23.2 5.0644 2.5384
23.21 5.0778 2.5451
23.22 5.0912 2.5518
23.23 5.1046 2.5585
23.24 5.118 2.5652
23.25 5.1314 2.5719
23.26 5.1448 2.5786
23.27 5.1582 2.5853
23.28 5.1716 2.592
23.29 5.185 2.5987
23.3 5.1984 2.6054
23.31 5.2118 2.6121
23.32 5.2252 2.6188
23.33 5.2386 2.6255
23.34 5.252 2.6322
23.35 5.2654 2.6389
23.36 5.2788 2.6456
23.37 5.2922 2.6523
23.38 5.3056 2.659
23.39 5.319 2.6657
23.4 5.3324 2.6724
23.41 5.3458 2.6791
23.42 5.3592 2.6858
23.43 5.3726 2.6925
23.44 5.386 2.6992
23.45 5.3994 2.7059
23.46 5.4128 2.7126
23.47 5.4262 2.7193
23.48 5.4396 2.726
23.49 5.453 2.7327
23.5 5.4664 2.7394
23.51 5.4798 2.7461
23.52 5.4932 2.7528
23.53 5.5066 2.7595
23.54 5.52 2.7662
23.55 5.5334 2.7729
23.56 5.5468 2.7796
23.57 5.5602 2.7863
23.58 5.5736 2.793
23.59 5.587 2.7997
23.6 5.6004 2.8064
23.61 5.6138 2.8131
23.62 5.6272 2.8198
23.63 5.6406 2.8265
23.64 5.654 2.8332
23.65 5.6674 2.8399
23.66 5.6808 2.8466
23.67 5.6942 2.8533
23.68 5.7076 2.86
23.69 5.721 2.8667
23.7 5.7344 2.8734
23.71 5.7478 2.8801
23.72 5.7612 2.8868
23.73 5.7746 2.8935
23.74 5.788 2.9002
23.75 5.8014 2.9069
23.76 5.8148 2.9136
23.77 5.8282 2.9203
23.78 5.8416 2.927
23.79 5.855 2.9337
23.8 5.8684 2.9404
23.81 5.8818 2.9471
23.82 5.8952 2.9538
23.83 5.9086 2.9605
23.84 5.922 2.9672
23.85 5.9354 2.9739
23.86 5.9488 2.9806
23.87 5.9622 2.9873
23.88 5.9756 2.994
23.89 5.989 3.0007
23.9 6.0024 3.0074
23.91 6.0158 3.0141
23.92 6.0292 3.0208
23.93 6.0426 3.0275
23.94 6.056 3.0342
23.95 6.0694 3.0409
23.96 6.0828 3.0476
23.97 6.0962 3.0543
23.98 6.1096 3.061
23.99 6.123 3.0677
24.0 6.1364 3.0744
24.01 6.1498 3.0811
24.02 6.1632 3.0878
24.03 6.1766 3.0945
24.04 6.19 3.1012
24.05 6.2034 3.1079
24.06 6.2168 3.1146
24.07 6.2302 3.1213
24.08 6.2436 3.128
24.09 6.257 3.1347
24.1 6.2704 3.1414
24.11 6.2838 3.1481
24.12 6.2972 3.1548
24.13 6.3106 3.1615
24.14 6.324 3.1682
24.15 6.3374 3.1749
24.16 6.3508 3.1816
24.17 6.3642 3.1883
24.18 6.3776 3.195
24.19 6.391 3.2017
24.2 6.4044 3.2084
24.21 6.4178 3.2151
24.22 6.4312 3.2218
24.23 6.4446 3.2285
24.24 6.458 3.2352
24.25 6.4714 3.2419
24.26 6.4848 3.2486
24.27 6.4982 3.2553
24.28 6.5116 3.262
24.29 6.525 3.2687
24.3 6.5384 3.2754
24.31 6.5518 3.2821
24.32 6.5652 3.2888
24.33 6.5786 3.2955
24.34 6.592 3.3022
24.35 6.6054 3.3089
24.36 6.6188 3.3156
24.37 6.6322 3.3223
24.38 6.6456 3.329
24.39 6.659 3.3357
24.4 6.6724 3.3424
24.41 6.6858 3.3491
24.42 6.6992 3.3558
24.43 6.7126 3.3625
24.44 6.726 3.3692
24.45 6.7394 3.3759
24.46 6.7528 3.3826
24.47 6.7662 3.3893
24.48 6.7796 3.396
24.49 6.793 3.4027
24.5 6.8064 3.4094
24.51 6.8198 3.4161
24.52 6.8332 3.4228
24.53 6.8466 3.4295
24.54 6.86 3.4362
24.55 6.8734 3.4429
24.56 6.8868 3.4496
24.57 6.9002 3.4563
24.58 6.9136 3.463
24.59 6.927 3.4697
24.6 6.9404 3.4764
24.61 6.9538 3.4831
24.62 6.9672 3.4898
24.63 6.9806 3.4965
24.64 6.994 3.5032
24.65 7.0074 3.5099
24.66 7.0208 3.5166
24.67 7.0342 3.5233
24.68 7.0476 3.53
24.69 7.061 3.5367
24.7 7.0744 3.5434
24.71 7.0878 3.5501
24.72 7.1012 3.5568
24.73 7.1146 3.5635
24.74 7.128 3.5702
24.75 7.1414 3.5769
24.76 7.1548 3.5836
24.77 7.1682 3.5903
24.78 7.1816 3.597
24.79 7.195 3.6037
24.8 7.2084 3.6104
24.81 7.2218 3.6171
24.82 7.2352 3.6238
24.83 7.2486 3.6305
24.84 7.262 3.6372
24.85 7.2754 3.6439
24.86 7.2888 3.6506
24.87 7.3022 3.6573
24.88 7.3156 3.664
24.89 7.329 3.6707
24.9 7.3424 3.6774
24.91 7.3558 3.6841
24.92 7.3692 3.6908
24.93 7.3826 3.6975
24.94 7.396 3.7042
24.95 7.4094 3.7109
24.96 7.4228 3.7176
24.97 7.4362 3.7243
24.98 7.4496 3.731
24.99 7.463 3.7377
25.0 7.4764 3.7444
25.01 7.4898 3.7511
25.02 7.5032 3.7578
25.03 7.5166 3.7645
25.04 7.53 3.7712
25.05 7.5434 3.7779
25.06 7.5568 3.7846
25.07 7.5702 3.7913
25.08 7.5836 3.798
25.09 7.597 3.8047
25.1 7.6104 3.8114
25.11 7.6238 3.8181
25.12 7.6372 3.8248
25.13 7.6506 3.8315
25.14 7.664 3.8382
25.15 7.6774 3.8449
25.16 7.6908 3.8516
25.17 7.7042 3.8583
25.18 7.7176 3.865
25.19 7.731 3.8717
25.2 7.7444 3.8784
25.21 7.7578 3.8851
25.22 7.7712 3.8918
25.23 7.7846 3.8985
25.24 7.798 3.9052
25.25 7.8114 3.9119
25.26 7.8248 3.9186
25.27 7.8382 3.9253
25.28 7.8516 3.932
25.29 7.865 3.9387
25.3 7.8784 3.9454
25.31 7.8918 3.9521
25.32 7.9052 3.9588
25.33 7.9186 3.9655
25.34 7.932 3.9722
25.35 7.9454 3.9789
25.36 7.9588 3.9856
25.37 7.9722 3.9923
25.38 7.9856 3.999
25.39 7.999 4.0057
25.4 8.0124 4.0124
25.41 8.0258 4.0191
25.42 8.0392 4.0258
25.43 8.0526 4.0325
25.44 8.066 4.0392
25.45 8.0794 4.0459
25.46 8.0928 4.0526
25.47 8.1062 4.0593
25.48 8.1196 4.066
25.49 8.133 4.0727
25.5 8.1464 4.0794
25.51 8.1598 4.0861
25.52 8.1732 4.0928
25.53 8.1866 4.0995
25.54 8.2 4.1062
25.55 8.2134 4.1129
25.56 8.2268 4.1196
25.57 8.2402 4.1263
25.58 8.2536 4.133
25.59 8.267 4.1397
25.6 8.2804 4.1464
25.61 8.2938 4.1531
25.62 8.3072 4.1598
25.63 8.3206 4.1665
25.64 8.334 4.1732
25.65 8.3474 4.1799
25.66 8.3608 4.1866
25.67 8.3742 4.1933
25.68 8.3876 4.2
25.69 8.401 4.2067
25.7 8.4144 4.2134
25.71 8.4278 4.2201
25.72 8.4412 4.2268
25.73 8.4546 4.2335
25.74 8.468 4.2402
25.75 8.4814 4.2469
25.76 8.4948 4.2536
25.77 8.5082 4.2603
25.78 8.5216 4.267
25.79 8.535 4.2737
25.8 8.5484 4.2804
25.81 8.5618 4.2871
25.82 8.5752 4.2938
25.83 8.5886 4.3005
25.84 8.602 4.3072
25.85 8.6154 4.3139
25.86 8.6288 4.3206
25.87 8.6422 4.3273
25.88 8.6556 4.334
25.89 8.669 4.3407
25.9 8.6824 4.3474
25.91 8.6958 4.3541
25.92 8.7092 4.3608
25.93 8.7226 4.3675
25.94 8.736 4.3742
25.95 8.7494 4.3809
25.96 8.7628 4.3876
25.97 8.7762 4.3943
25.98 8.7896 4.401
25.99 8.803 4.4077
26.0 8.8164 4.4144
26.01 8.8298 4.4211
26.02 8.8432 4.4278
26.03 8.8566 4.4345
26.04 8.87 4.4412
26.05 8.8834 4.4479
26.06 8.8968 4.4546
26.07 8.9102 4.4613
26.08 8.9236 4.468
26.09 8.937 4.4747
26.1 8.9504 4.4814
26.11 8.9638 4.4881
26.12 8.9772 4.4948
26.13 8.9906 4.5015
26.14 9.004 4.5082
26.15 9.0174 4.5149
26.16 9.0308 4.5216
26.17 9.0442 4.5283
26.18 9.0576 4.535
26.19 9.071 4.5417
26.2 9.0844 4.5484
26.21 9.0978 4.5551
26.22 9.1112 4.5618
26.23 9.1246 4.5685
26.24 9.138 4.5752
26.25 9.1514 4.5819
26.26 9.1648 4.5886
26.27 9.1782 4.5953
26.28 9.1916 4.602
26.29 9.205 4.6087
26.3 9.2184 4.6154
26.31 9.2318 4.6221
26.32 9.2452 4.6288
26.33 9.2586 4.6355
26.34 9.272 4.6422
26.35 9.2854 4.6489
26.36 9.2988 4.6556
26.37 9.3122 4.6623
26.38 9.3256 4.669
26.39 9.339 4.6757
26.4 9.3524 4.6824
26.41 9.3658 4.6891
26.42 9.3792 4.6958
26.43 9.3926 4.7025
26.44 9.406 4.7092
26.45 9.4194 4.7159
26.46 9.4328 4.7226
26.47 9.4462 4.7293
26.48 9.4596 4.736
26.49 9.473 4.7427
26.5 9.4864 4.7494
26.51 9.4998 4.7561
26.52 9.5132 4.7628
26.53 9.5266 4.7695
26.54 9.54 4.7762
26.55 9.5534 4.7829
26.56 9.5668 4.7896
26.57 9.5802 4.7963
26.58 9.5936 4.803
26.59 9.607 4.8097
26.6 9.6204 4.8164
26.61 9.6338 4.8231
26.62 9.6472 4.8298
26.63 9.6606 4.8365
26.64 9.674 4.8432
26.65 9.6874 4.8499
26.66 9.7008 4.8566
26.67 9.7142 4.8633
26.68 9.7276 4.87
26.69 9.741 4.8767
26.7 9.7544 4.8834
26.71 9.7678 4.8901
26.72 9.7812 4.8968
26.73 9.7946 4.9035
26.74 9.808 4.9102
26.75 9.8214 4.9169
26.76 9.8348 4.9236
26.77 9.8482 4.9303
26.78 9.8616 4.937
26.79 9.875 4.9437
26.8 9.8884 4.9504
26.81 9.9018 4.9571
26.82 9.9152 4.9638
26.83 9.9286 4.9705
26.84 9.942 4.9772
26.85 9.9554 4.9839
26.86 9.9688 4.9906
26.87 9.9822 4.9973
26.88 9.9956 5.004
