0.02 0.0 9.985
0.03 0.0 9.97
0.04 0.0 9.955
0.05 0.0 9.94
0.06 0.0 9.925
0.07 0.0 9.91
0.08 0.0 9.895
0.09 0.0 9.88
0.1 0.0 9.865
0.11 0.0 9.85
0.12 0.0 9.835
0.13 0.0 9.82
0.14 0.0 9.805
0.15 0.0 9.79
0.16 0.0 9.775
0.17 0.0 9.76
0.18 0.0 9.745
0.19 0.0 9.73
0.2 0.0 9.715
0.21 0.0 9.7
0.22 0.0 9.685
0.23 0.0 9.67
0.24 0.0 9.655
0.25 0.0 9.64
0.26 0.0 9.625
0.27 0.0 9.61
0.28 0.0 9.595
0.29 0.0 9.58
0.3 0.0 9.565
0.31 0.0 9.55
0.32 0.0 9.535
0.33 0.0 9.52
0.34 0.0 9.505
0.35 0.0 9.49
0.36 0.0 9.475
0.37 0.0 9.46
0.38 0.0 9.445
0.39 0.0 9.43
0.4 0.0 9.415
0.41 0.0 9.4
0.42 0.0 9.385
0.43 0.0 9.37
0.44 0.0 9.355
0.45 0.0 9.34
0.46 0.0 9.325
0.47 0.0 9.31
0.48 0.0 9.295
0.49 0.0 9.28
0.5 0.0 9.265
0.51 0.0 9.25
0.52 0.0 9.235
0.53 0.0 9.22
0.54 0.0 9.205
0.55 0.0 9.19
0.56 0.0 9.175
0.57 0.0 9.16
0.58 0.0 9.145
0.59 0.0 9.13
0.6 0.0 9.115
0.61 0.0 9.1
0.62 0.0 9.085
0.63 0.0 9.07
0.64 0.0 9.055
0.65 0.0 9.04
0.66 0.0 9.025
0.67 0.0 9.01
0.68 0.0 8.995
0.69 0.0 8.98
0.7 0.0 8.965
0.71 0.0 8.95
0.72 0.0 8.935
0.73 0.0 8.92
0.74 0.0 8.905
0.75 0.0 8.89
0.76 0.0 8.875
0.77 0.0 8.86
0.78 0.0 8.845
0.79 0.0 8.83
0.8 0.0 8.815
0.81 0.0 8.8
0.82 0.0 8.785
0.83 0.0 8.77
0.84 0.0 8.755
0.85 0.0 8.74
0.86 0.0 8.725
0.87 0.0 8.71
0.88 0.0 8.695
0.89 0.0 8.68
0.9 0.0 8.665
0.91 0.0 8.65
0.92 0.0 8.635
0.93 0.0 8.62
0.94 0.0 8.605
0.95 0.0 8.59
0.96 0.0 8.575
0.97 0.0 8.56
0.98 0.0 8.545
0.99 0.0 8.53
1.0 0.0 8.515
1.01 0.0 8.5
1.02 0.0 8.485
1.03 0.0 8.47
1.04 0.0 8.455
1.05 0.0 8.44
1.06 0.0 8.425
1.07 0.0 8.41
1.08 0.0 8.395
1.09 0.0 8.38
1.1 0.0 8.365
1.11 0.0 8.35
1.12 0.0 8.335
1.13 0.0 8.32
1.14 0.0 8.305
1.15 0.0 8.29
1.16 0.0 8.275
1.17 0.0 8.26
1.18 0.0 8.245
1.19 0.0 8.23
1.2 0.0 8.215
1.21 0.0 8.2
1.22 0.0 8.185
1.23 0.0 8.17
1.24 0.0 8.155
1.25 0.0 8.14
1.26 0.0 8.125
1.27 0.0 8.11
1.28 0.0 8.095
1.29 0.0 8.08
1.3 0.0 8.065
1.31 0.0 8.05
1.32 0.0 8.035
1.33 0.0 8.02
1.34 0.0 8.005
1.35 0.0 7.99
1.36 0.0 7.975
1.37 0.0 7.96
1.38 0.0 7.945
1.39 0.0 7.93
1.4 0.0 7.915
1.41 0.0 7.9
1.42 0.0 7.885
1.43 0.0 7.87
1.44 0.0 7.855
1.45 0.0 7.84
1.46 0.0 7.825
1.47 0.0 7.81
1.48 0.0 7.795
1.49 0.0 7.78
1.5 0.0 7.765
1.51 0.0 7.75
1.52 0.0 7.735
1.53 0.0 7.72
1.54 0.0 7.705
1.55 0.0 7.69
1.56 0.0 7.675
1.57 0.0 7.66
1.58 0.0 7.645
1.59 0.0 7.63
1.6 0.0 7.615
1.61 0.0 7.6
1.62 0.0 7.585
1.63 0.0 7.57
1.64 0.0 7.555
1.65 0.0 7.54
1.66 0.0 7.525
1.67 0.0 7.51
1.68 0.0 7.495
1.69 0.0 7.48
1.7 0.0 7.465
1.71 0.0 7.45
1.72 0.0 7.435
1.73 0.0 7.42
1.74 0.0 7.405
1.75 0.0 7.39
1.76 0.0 7.375
1.77 0.0 7.36
1.78 0.0 7.345
1.79 0.0 7.33
1.8 0.0 7.315
1.81 0.0 7.3
1.82 0.0 7.285
1.83 0.0 7.27
1.84 0.0 7.255
1.85 0.0 7.24
1.86 0.0 7.225
1.87 0.0 7.21
1.88 0.0 7.195
1.89 0.0 7.18
1.9 0.0 7.165
1.91 0.0 7.15
1.92 0.0 7.135
1.93 0.0 7.12
1.94 0.0 7.105
1.95 0.0 7.09
1.96 0.0 7.075
1.97 0.0 7.06
1.98 0.0 7.045
1.99 0.0 7.03
2.0 0.0 7.015
2.01 0.0 7.0
2.02 0.0 6.985
2.03 0.0 6.97
2.04 0.0 6.955
2.05 0.0 6.94
2.06 0.0 6.925
2.07 0.0 6.91
2.08 0.0 6.895
2.09 0.0 6.88
2.1 0.0 6.865
2.11 0.0 6.85
2.12 0.0 6.835
2.13 0.0 6.82
2.14 0.0 6.805
2.15 0.0 6.79
2.16 0.0 6.775
2.17 0.0 6.76
2.18 0.0 6.745
2.19 0.0 6.73
2.2 0.0 6.715
2.21 0.0 6.7
2.22 0.0 6.685
2.23 0.0 6.67
2.24 0.0 6.655
2.25 0.0 6.64
2.26 0.0 6.625
2.27 0.0 6.61
2.28 0.0 6.595
2.29 0.0 6.58
2.3 0.0 6.565
2.31 0.0 6.55
2.32 0.0 6.535
2.33 0.0 6.52
2.34 0.0 6.505
2.35 0.0 6.49
2.36 0.0 6.475
2.37 0.0 6.46
2.38 0.0 6.445
2.39 0.0 6.43
2.4 0.0 6.415
2.41 0.0 6.4
2.42 0.0 6.385
2.43 0.0 6.37
2.44 0.0 6.355
2.45 0.0 6.34
2.46 0.0 6.325
2.47 0.0 6.31
2.48 0.0 6.295
2.49 0.0 6.28
2.5 0.0 6.265
2.51 0.0 6.25
2.52 0.0 6.235
2.53 0.0 6.22
2.54 0.0 6.205
2.55 0.0 6.19
2.56 0.0 6.175
2.57 0.0 6.16
2.58 0.0 6.145
2.59 0.0 6.13
2.6 0.0 6.115
2.61 0.0 6.1
2.62 0.0 6.085
2.63 0.0 6.07
2.64 0.0 6.055
2.65 0.0 6.04
2.66 0.0 6.025
2.67 0.0 6.01
2.68 0.0 5.995
2.69 0.0 5.98
2.7 0.0 5.965
2.71 0.0 5.95
2.72 0.0 5.935
2.73 0.0 5.92
2.74 0.0 5.905
2.75 0.0 5.89
2.76 0.0 5.875
2.77 0.0 5.86
2.78 0.0 5.845
2.79 0.0 5.83
2.8 0.0 5.815
2.81 0.0 5.8
2.82 0.0 5.785
2.83 0.0 5.77
2.84 0.0 5.755
2.85 0.0 5.74
2.86 0.0 5.725
2.87 0.0 5.71
2.88 0.0 5.695
2.89 0.0 5.68
2.9 0.0 5.665
2.91 0.0 5.65
2.92 0.0 5.635
2.93 0.0 5.62
2.94 0.0 5.605
2.95 0.0 5.59
2.96 0.0 5.575
2.97 0.0 5.56
2.98 0.0 5.545
2.99 0.0 5.53
3.0 0.0 5.515
3.01 0.0 5.5
3.02 0.0 5.485
3.03 0.0 5.47
3.04 0.0 5.455
3.05 0.0 5.44
3.06 0.0 5.425
3.07 0.0 5.41
3.08 0.0 5.395
3.09 0.0 5.38
3.1 0.0 5.365
3.11 0.0 5.35
3.12 0.0 5.335
3.13 0.0 5.32
3.14 0.0 5.305
3.15 0.0 5.29
3.16 0.0 5.275
3.17 0.0 5.26
3.18 0.0 5.245
3.19 0.0 5.23
3.2 0.0 5.215
3.21 0.0 5.2
3.22 0.0 5.185
3.23 0.0 5.17
3.24 0.0 5.155
3.25 0.0 5.14
3.26 0.0 5.125
3.27 0.0 5.11
3.28 0.0 5.095
3.29 0.0 5.08
3.3 0.0 5.065
3.31 0.0 5.05
3.32 0.0 5.035
3.33 0.0 5.02
3.34 0.0 5.005
3.35 0.0 4.99
3.36 0.0 4.975
3.37 0.0 4.96
3.38 0.0 4.945
3.39 0.0 4.93
3.4 0.0 4.915
3.41 0.0 4.9
3.42 0.0 4.885
3.43 0.0 4.87
3.44 0.0 4.855
3.45 0.0 4.84
3.46 0.0 4.825
3.47 0.0 4.81
3.48 0.0 4.795
3.49 0.0 4.78
3.5 0.0 4.765
3.51 0.0 4.75
3.52 0.0 4.735
3.53 0.0 4.72
3.54 0.0 4.705
3.55 0.0 4.69
3.56 0.0 4.675
3.57 0.0 4.66
3.58 0.0 4.645
3.59 0.0 4.63
3.6 0.0 4.615
3.61 0.0 4.6
3.62 0.0 4.585
3.63 0.0 4.57
3.64 0.0 4.555
3.65 0.0 4.54
3.66 0.0 4.525
3.67 0.0 4.51
3.68 0.0 4.495
3.69 0.0 4.48
3.7 0.0 4.465
3.71 0.0 4.45
3.72 0.0 4.435
3.73 0.0 4.42
3.74 0.0 4.405
3.75 0.0 4.39
3.76 0.0 4.375
3.77 0.0 4.36
3.78 0.0 4.345
3.79 0.0 4.33
3.8 0.0 4.315
3.81 0.0 4.3
3.82 0.0 4.285
3.83 0.0 4.27
3.84 0.0 4.255
3.85 0.0 4.24
3.86 0.0 4.225
3.87 0.0 4.21
3.88 0.0 4.195
3.89 0.0 4.18
3.9 0.0 4.165
3.91 0.0 4.15
3.92 0.0 4.135
3.93 0.0 4.12
3.94 0.0 4.105
3.95 0.0 4.09
3.96 0.0 4.075
3.97 0.0 4.06
3.98 0.0 4.045
3.99 0.0 4.03
4.0 0.0 4.015
4.01 0.0 4.0
4.02 0.0 3.985
4.03 0.0 3.97
4.04 0.0 3.955
4.05 0.0 3.94
4.06 0.0 3.925
4.07 0.0 3.91
4.08 0.0 3.895
4.09 0.0 3.88
4.1 0.0 3.865
4.11 0.0 3.85
4.12 0.0 3.835
4.13 0.0 3.82
4.14 0.0 3.805
4.15 0.0 3.79
4.16 0.0 3.775
4.17 0.0 3.76
4.18 0.0 3.745
4.19 0.0 3.73
4.2 0.0 3.715
4.21 0.0 3.7
4.22 0.0 3.685
4.23 0.0 3.67
4.24 0.0 3.655
4.25 0.0 3.64
4.26 0.0 3.625
4.27 0.0 3.61
4.28 0.0 3.595
4.29 0.0 3.58
4.3 0.0 3.565
4.31 0.0 3.55
4.32 0.0 3.535
4.33 0.0 3.52
4.34 0.0 3.505
4.35 0.0 3.49
4.36 0.0 3.475
4.37 0.0 3.46
4.38 0.0 3.445
4.39 0.0 3.43
4.4 0.0 3.415
4.41 0.0 3.4
4.42 0.0 3.385
4.43 0.0 3.37
4.44 0.0 3.355
4.45 0.0 3.34
4.46 0.0 3.325
4.47 0.0 3.31
4.48 0.0 3.295
4.49 0.0 3.28
4.5 0.0 3.265
4.51 0.0 3.25
4.52 0.0 3.235
4.53 0.0 3.22
4.54 0.0 3.205
4.55 0.0 3.19
4.56 0.0 3.175
4.57 0.0 3.16
4.58 0.0 3.145
4.59 0.0 3.13
4.6 0.0 3.115
4.61 0.0 3.1
4.62 0.0 3.085
4.63 0.0 3.07
4.64 0.0 3.055
4.65 0.0 3.04
4.66 0.0 3.025
4.67 0.0 3.01
4.68 0.0 2.995
4.69 0.0 2.98
4.7 0.0 2.965
4.71 0.0 2.95
4.72 0.0 2.935
4.73 0.0 2.92
4.74 0.0 2.905
4.75 0.0 2.89
4.76 0.0 2.875
4.77 0.0 2.86
4.78 0.0 2.845
4.79 0.0 2.83
4.8 0.0 2.815
4.81 0.0 2.8
4.82 0.0 2.785
4.83 0.0 2.77
4.84 0.0 2.755
4.85 0.0 2.74
4.86 0.0 2.725
4.87 0.0 2.71
4.88 0.0 2.695
4.89 0.0 2.68
4.9 0.0 2.665
4.91 0.0 2.65
4.92 0.0 2.635
4.93 0.0 2.62
4.94 0.0 2.605
4.95 0.0 2.59
4.96 0.0 2.575
4.97 0.0 2.56
4.98 0.0 2.545
4.99 0.0 2.53
5.0 0.0 2.515
5.01 0.0 2.5
5.02 0.0 2.485
5.03 0.0 2.47
5.04 0.0 2.455
5.05 0.0 2.44
5.06 0.0 2.425
5.07 0.0 2.41
5.08 0.0 2.395
5.09 0.0 2.38
5.1 0.0 2.365
5.11 0.0 2.35
5.12 0.0 2.335
5.13 0.0 2.32
5.14 0.0 2.305
5.15 0.0 2.29
5.16 0.0 2.275
5.17 0.0 2.26
5.18 0.0 2.245
5.19 0.0 2.23
5.2 0.0 2.215
5.21 0.0 2.2
5.22 0.0 2.185
5.23 0.0 2.17
5.24 0.0 2.155
5.25 0.0 2.14
5.26 0.0 2.125
5.27 0.0 2.11
5.28 0.0 2.095
5.29 0.0 2.08
5.3 0.0 2.065
5.31 0.0 2.05
5.32 0.0 2.035
5.33 0.0 2.02
5.34 0.0 2.005
5.35 0.0 1.99
5.36 0.0 1.975
5.37 0.0 1.96
5.38 0.0 1.945
5.39 0.0 1.93
5.4 0.0 1.915
5.41 0.0 1.9
5.42 0.0 1.885
5.43 0.0 1.87
5.44 0.0 1.855
5.45 0.0 1.84
5.46 0.0 1.825
5.47 0.0 1.81
5.48 0.0 1.795
5.49 0.0 1.78
5.5 0.0 1.765
5.51 0.0 1.75
5.52 0.0 1.735
5.53 0.0 1.72
5.54 0.0 1.705
5.55 0.0 1.69
5.56 0.0 1.675
5.57 0.0 1.66
5.58 0.0 1.645
5.59 0.0 1.63
5.6 0.0 1.615
5.61 0.0 1.6
5.62 0.0 1.585
5.63 0.0 1.57
5.64 0.0 1.555
5.65 0.0 1.54
5.66 0.0 1.525
5.67 0.0 1.51
5.68 0.0 1.495
5.69 0.0 1.48
5.7 0.0 1.465
5.71 0.0 1.45
5.72 0.0 1.435
5.73 0.0 1.42
5.74 0.0 1.405
5.75 0.0 1.39
5.76 0.0 1.375
5.77 0.0 1.36
5.78 0.0 1.345
5.79 0.0 1.33
5.8 0.0 1.315
5.81 0.0 1.3
5.82 0.0 1.285
5.83 0.0 1.27
5.84 0.0 1.255
5.85 0.0 1.24
5.86 0.0 1.225
5.87 0.0 1.21
5.88 0.0 1.195
5.89 0.0 1.18
5.9 0.0 1.165
5.91 0.0 1.15
5.92 0.0 1.135
5.93 0.0 1.12
5.94 0.0 1.105
5.95 0.0 1.09
5.96 0.0 1.075
5.97 0.0 1.06
5.98 0.0 1.045
5.99 0.0 1.03
6.0 0.0 1.015
6.01 0.0 1.0
6.02 0.0 0.985
6.03 0.0 0.97
6.04 0.0 0.955
6.05 0.0 0.94
6.06 0.0 0.925
6.07 0.0 0.91
6.08 0.0 0.895
6.09 0.0 0.88
6.1 0.0 0.865
6.11 0.0 0.85
6.12 0.0 0.835
6.13 0.0 0.82
6.14 0.0 0.805
6.15 0.0 0.79
6.16 0.0 0.775
6.17 0.0 0.76
6.18 0.0 0.745
6.19 0.0 0.73
6.2 0.0 0.715
6.21 0.0 0.7
6.22 0.0 0.685
6.23 0.0 0.67
6.24 0.0 0.655
6.25 0.0 0.64
6.26 0.0 0.625
6.27 0.0 0.61
6.28 0.0 0.595
6.29 0.0 0.58
6.3 0.0 0.565
6.31 0.0 0.55
6.32 0.0 0.535
6.33 0.0 0.52
6.34 0.0 0.505
6.35 0.0 0.49
6.36 0.0 0.475
6.37 0.0 0.46
6.38 0.0 0.445
6.39 0.0 0.43
6.4 0.0 0.415
6.41 0.0 0.4
6.42 0.0 0.385
6.43 0.0 0.37
6.44 0.0 0.355
6.45 0.0 0.34
6.46 0.0 0.325
6.47 0.0 0.31
6.48 0.0 0.295
6.49 0.0 0.28
6.5 0.0 0.265
6.51 0.0 0.25
6.52 0.0 0.235
6.53 0.0 0.22
6.54 0.0 0.205
6.55 0.0 0.19
6.56 0.0 0.175
6.57 0.0 0.16
6.58 0.0 0.145
6.59 0.0 0.13
6.6 0.0 0.115
6.61 0.0 0.1
6.62 0.0 0.085
6.63 0.0 0.07
6.64 0.0 0.055
6.65 0.0 0.04
6.66 0.0 0.025
6.67 0.0 0.01
6.68 0.0 -0.005
