0.02 9.9866 4.9933
0.03 9.9732 4.9866
0.04 9.9598 4.9799
0.05 9.9464 4.9732
0.06 9.933 4.9665
0.07 9.9196 4.9598
0.08 9.9062 4.9531
0.09 9.8928 4.9464
0.1 9.8794 4.9397
0.11 9.866 4.933
0.12 9.8526 4.9263
0.13 9.8392 4.9196
0.14 9.8258 4.9129
0.15 9.8124 4.9062
0.16 9.799 4.8995
0.17 9.7856 4.8928
0.18 9.7722 4.8861
0.19 9.7588 4.8794
0.2 9.7454 4.8727
0.21 9.732 4.866
0.22 9.7186 4.8593
0.23 9.7052 4.8526
0.24 9.6918 4.8459
0.25 9.6784 4.8392
0.26 9.665 4.8325
0.27 9.6516 4.8258
0.28 9.6382 4.8191
0.29 9.6248 4.8124
0.3 9.6114 4.8057
0.31 9.598 4.799
0.32 9.5846 4.7923
0.33 9.5712 4.7856
0.34 9.5578 4.7789
0.35 9.5444 4.7722
0.36 9.531 4.7655
0.37 9.5176 4.7588
0.38 9.5042 4.7521
0.39 9.4908 4.7454
0.4 9.4774 4.7387
0.41 9.464 4.732
0.42 9.4506 4.7253
0.43 9.4372 4.7186
0.44 9.4238 4.7119
0.45 9.4104 4.7052
0.46 9.397 4.6985
0.47 9.3836 4.6918
0.48 9.3702 4.6851
0.49 9.3568 4.6784
0.5 9.3434 4.6717
0.51 9.33 4.665
0.52 9.3166 4.6583
0.53 9.3032 4.6516
0.54 9.2898 4.6449
0.55 9.2764 4.6382
0.56 9.263 4.6315
0.57 9.2496 4.6248
0.58 9.2362 4.6181
0.59 9.2228 4.6114
0.6 9.2094 4.6047
0.61 9.196 4.598
0.62 9.1826 4.5913
0.63 9.1692 4.5846
0.64 9.1558 4.5779
0.65 9.1424 4.5712
0.66 9.129 4.5645
0.67 9.1156 4.5578
0.68 9.1022 4.5511
0.69 9.0888 4.5444
0.7 9.0754 4.5377
0.71 9.062 4.531
0.72 9.0486 4.5243
0.73 9.0352 4.5176
0.74 9.0218 4.5109
0.75 9.0084 4.5042
0.76 8.995 4.4975
0.77 8.9816 4.4908
0.78 8.9682 4.4841
0.79 8.9548 4.4774
0.8 8.9414 4.4707
0.81 8.928 4.464
0.82 8.9146 4.4573
0.83 8.9012 4.4506
0.84 8.8878 4.4439
0.85 8.8744 4.4372
0.86 8.861 4.4305
0.87 8.8476 4.4238
0.88 8.8342 4.4171
0.89 8.8208 4.4104
0.9 8.8074 4.4037
0.91 8.794 4.397
0.92 8.7806 4.3903
0.93 8.7672 4.3836
0.94 8.7538 4.3769
0.95 8.7404 4.3702
0.96 8.727 4.3635
0.97 8.7136 4.3568
0.98 8.7002 4.3501
0.99 8.6868 4.3434
1.0 8.6734 4.3367
1.01 8.66 4.33
1.02 8.6466 4.3233
1.03 8.6332 4.3166
1.04 8.6198 4.3099
1.05 8.6064 4.3032
1.06 8.593 4.2965
1.07 8.5796 4.2898
1.08 8.5662 4.2831
1.09 8.5528 4.2764
1.1 8.5394 4.2697
1.11 8.526 4.263
1.12 8.5126 4.2563
1.13 8.4992 4.2496
1.14 8.4858 4.2429
1.15 8.4724 4.2362
1.16 8.459 4.2295
1.17 8.4456 4.2228
1.18 8.4322 4.2161
1.19 8.4188 4.2094
1.2 8.4054 4.2027
1.21 8.392 4.196
1.22 8.3786 4.1893
1.23 8.3652 4.1826
1.24 8.3518 4.1759
1.25 8.3384 4.1692
1.26 8.325 4.1625
1.27 8.3116 4.1558
1.28 8.2982 4.1491
1.29 8.2848 4.1424
1.3 8.2714 4.1357
1.31 8.258 4.129
1.32 8.2446 4.1223
1.33 8.2312 4.1156
1.34 8.2178 4.1089
1.35 8.2044 4.1022
1.36 8.191 4.0955
1.37 8.1776 4.0888
1.38 8.1642 4.0821
1.39 8.1508 4.0754
1.4 8.1374 4.0687
1.41 8.124 4.062
1.42 8.1106 4.0553
1.43 8.0972 4.0486
1.44 8.0838 4.0419
1.45 8.0704 4.0352
1.46 8.057 4.0285
1.47 8.0436 4.0218
1.48 8.0302 4.0151
1.49 8.0168 4.0084
1.5 8.0034 4.0017
1.51 7.99 3.995
1.52 7.9766 3.9883
1.53 7.9632 3.9816
1.54 7.9498 3.9749
1.55 7.9364 3.9682
1.56 7.923 3.9615
1.57 7.9096 3.9548
1.58 7.8962 3.9481
1.59 7.8828 3.9414
1.6 7.8694 3.9347
1.61 7.856 3.928
1.62 7.8426 3.9213
1.63 7.8292 3.9146
1.64 7.8158 3.9079
1.65 7.8024 3.9012
1.66 7.789 3.8945
1.67 7.7756 3.8878
1.68 7.7622 3.8811
1.69 7.7488 3.8744
1.7 7.7354 3.8677
1.71 7.722 3.861
1.72 7.7086 3.8543
1.73 7.6952 3.8476
1.74 7.6818 3.8409
1.75 7.6684 3.8342
1.76 7.655 3.8275
1.77 7.6416 3.8208
1.78 7.6282 3.8141
1.79 7.6148 3.8074
1.8 7.6014 3.8007
1.81 7.588 3.794
1.82 7.5746 3.7873
1.83 7.5612 3.7806
1.84 7.5478 3.7739
1.85 7.5344 3.7672
1.86 7.521 3.7605
1.87 7.5076 3.7538
1.88 7.4942 3.7471
1.89 7.4808 3.7404
1.9 7.4674 3.7337
1.91 7.454 3.727
1.92 7.4406 3.7203
1.93 7.4272 3.7136
1.94 7.4138 3.7069
1.95 7.4004 3.7002
1.96 7.387 3.6935
1.97 7.3736 3.6868
1.98 7.3602 3.6801
1.99 7.3468 3.6734
2.0 7.3334 3.6667
2.01 7.32 3.66
2.02 7.3066 3.6533
2.03 7.2932 3.6466
2.04 7.2798 3.6399
2.05 7.2664 3.6332
2.06 7.253 3.6265
2.07 7.2396 3.6198
2.08 7.2262 3.6131
2.09 7.2128 3.6064
2.1 7.1994 3.5997
2.11 7.186 3.593
2.12 7.1726 3.5863
2.13 7.1592 3.5796
2.14 7.1458 3.5729
2.15 7.1324 3.5662
2.16 7.119 3.5595
2.17 7.1056 3.5528
2.18 7.0922 3.5461
2.19 7.0788 3.5394
2.2 7.0654 3.5327
2.21 7.052 3.526
2.22 7.0386 3.5193
2.23 7.0252 3.5126
2.24 7.0118 3.5059
2.25 6.9984 3.4992
2.26 6.985 3.4925
2.27 6.9716 3.4858
2.28 6.9582 3.4791
2.29 6.9448 3.4724
2.3 6.9314 3.4657
2.31 6.918 3.459
2.32 6.9046 3.4523
2.33 6.8912 3.4456
2.34 6.8778 3.4389
2.35 6.8644 3.4322
2.36 6.851 3.4255
2.37 6.8376 3.4188
2.38 6.8242 3.4121
2.39 6.8108 3.4054
2.4 6.7974 3.3987
2.41 6.784 3.392
2.42 6.7706 3.3853
2.43 6.7572 3.3786
2.44 6.7438 3.3719
2.45 6.7304 3.3652
2.46 6.717 3.3585
2.47 6.7036 3.3518
2.48 6.6902 3.3451
2.49 6.6768 3.3384
2.5 6.6634 3.3317
2.51 6.65 3.325
2.52 6.6366 3.3183
2.53 6.6232 3.3116
2.54 6.6098 3.3049
2.55 6.5964 3.2982
2.56 6.583 3.2915
2.57 6.5696 3.2848
2.58 6.5562 3.2781
2.59 6.5428 3.2714
2.6 6.5294 3.2647
2.61 6.516 3.258
2.62 6.5026 3.2513
2.63 6.4892 3.2446
2.64 6.4758 3.2379
2.65 6.4624 3.2312
2.66 6.449 3.2245
2.67 6.4356 3.2178
2.68 6.4222 3.2111
2.69 6.4088 3.2044
2.7 6.3954 3.1977
2.71 6.382 3.191
2.72 6.3686 3.1843
2.73 6.3552 3.1776
2.74 6.3418 3.1709
2.75 6.3284 3.1642
2.76 6.315 3.1575
2.77 6.3016 3.1508
2.78 6.2882 3.1441
2.79 6.2748 3.1374
2.8 6.2614 3.1307
2.81 6.248 3.124
2.82 6.2346 3.1173
2.83 6.2212 3.1106
2.84 6.2078 3.1039
2.85 6.1944 3.0972
2.86 6.181 3.0905
2.87 6.1676 3.0838
2.88 6.1542 3.0771
2.89 6.1408 3.0704
2.9 6.1274 3.0637
2.91 6.114 3.057
2.92 6.1006 3.0503
2.93 6.0872 3.0436
2.94 6.0738 3.0369
2.95 6.0604 3.0302
2.96 6.047 3.0235
2.97 6.0336 3.0168
2.98 6.0202 3.0101
2.99 6.0068 3.0034
3.0 5.9934 2.9967
3.01 5.98 2.99
3.02 5.9666 2.9833
3.03 5.9532 2.9766
3.04 5.9398 2.9699
3.05 5.9264 2.9632
3.06 5.913 2.9565
3.07 5.8996 2.9498
3.08 5.8862 2.9431
3.09 5.8728 2.9364
3.1 5.8594 2.9297
3.11 5.846 2.923
3.12 5.8326 2.9163
3.13 5.8192 2.9096
3.14 5.8058 2.9029
3.15 5.7924 2.8962
3.16 5.779 2.8895
3.17 5.7656 2.8828
3.18 5.7522 2.8761
3.19 5.7388 2.8694
3.2 5.7254 2.8627
3.21 5.712 2.856
3.22 5.6986 2.8493
3.23 5.6852 2.8426
3.24 5.6718 2.8359
3.25 5.6584 2.8292
3.26 5.645 2.8225
3.27 5.6316 2.8158
3.28 5.6182 2.8091
3.29 5.6048 2.8024
3.3 5.5914 2.7957
3.31 5.578 2.789
3.32 5.5646 2.7823
3.33 5.5512 2.7756
3.34 5.5378 2.7689
3.35 5.5244 2.7622
3.36 5.511 2.7555
3.37 5.4976 2.7488
3.38 5.4842 2.7421
3.39 5.4708 2.7354
3.4 5.4574 2.7287
3.41 5.444 2.722
3.42 5.4306 2.7153
3.43 5.4172 2.7086
3.44 5.4038 2.7019
3.45 5.3904 2.6952
3.46 5.377 2.6885
3.47 5.3636 2.6818
3.48 5.3502 2.6751
3.49 5.3368 2.6684
3.5 5.3234 2.6617
3.51 5.31 2.655
3.52 5.2966 2.6483
3.53 5.2832 2.6416
3.54 5.2698 2.6349
3.55 5.2564 2.6282
3.56 5.243 2.6215
3.57 5.2296 2.6148
3.58 5.2162 2.6081
3.59 5.2028 2.6014
3.6 5.1894 2.5947
3.61 5.176 2.588
3.62 5.1626 2.5813
3.63 5.1492 2.5746
3.64 5.1358 2.5679
3.65 5.1224 2.5612
3.66 5.109 2.5545
3.67 5.0956 2.5478
3.68 5.0822 2.5411
3.69 5.0688 2.5344
3.7 5.0554 2.5277
3.71 5.042 2.521
3.72 5.0286 2.5143
3.73 5.0152 2.5076
3.74 5.0018 2.5009
3.75 4.9884 2.4942
3.76 4.975 2.4875
3.77 4.9616 2.4808
3.78 4.9482 2.4741
3.79 4.9348 2.4674
3.8 4.9214 2.4607
3.81 4.908 2.454
3.82 4.8946 2.4473
3.83 4.8812 2.4406
3.84 4.8678 2.4339
3.85 4.8544 2.4272
3.86 4.841 2.4205
3.87 4.8276 2.4138
3.88 4.8142 2.4071
3.89 4.8008 2.4004
3.9 4.7874 2.3937
3.91 4.774 2.387
3.92 4.7606 2.3803
3.93 4.7472 2.3736
3.94 4.7338 2.3669
3.95 4.7204 2.3602
3.96 4.707 2.3535
3.97 4.6936 2.3468
3.98 4.6802 2.3401
3.99 4.6668 2.3334
4.0 4.6534 2.3267
4.01 4.64 2.32
4.02 4.6266 2.3133
4.03 4.6132 2.3066
4.04 4.5998 2.2999
4.05 4.5864 2.2932
4.06 4.573 2.2865
4.07 4.5596 2.2798
4.08 4.5462 2.2731
4.09 4.5328 2.2664
4.1 4.5194 2.2597
4.11 4.506 2.253
4.12 4.4926 2.2463
4.13 4.4792 2.2396
4.14 4.4658 2.2329
4.15 4.4524 2.2262
4.16 4.439 2.2195
4.17 4.4256 2.2128
4.18 4.4122 2.2061
4.19 4.3988 2.1994
4.2 4.3854 2.1927
4.21 4.372 2.186
4.22 4.3586 2.1793
4.23 4.3452 2.1726
4.24 4.3318 2.1659
4.25 4.3184 2.1592
4.26 4.305 2.1525
4.27 4.2916 2.1458
4.28 4.2782 2.1391
4.29 4.2648 2.1324
4.3 4.2514 2.1257
4.31 4.238 2.119
4.32 4.2246 2.1123
4.33 4.2112 2.1056
4.34 4.1978 2.0989
4.35 4.1844 2.0922
4.36 4.171 2.0855
4.37 4.1576 2.0788
4.38 4.1442 2.0721
4.39 4.1308 2.0654
4.4 4.1174 2.0587
4.41 4.104 2.052
4.42 4.0906 2.0453
4.43 4.0772 2.0386
4.44 4.0638 2.0319
4.45 4.0504 2.0252
4.46 4.037 2.0185
4.47 4.0236 2.0118
4.48 4.0102 2.0051
4.49 3.9968 1.9984
4.5 3.9834 1.9917
4.51 3.97 1.985
4.52 3.9566 1.9783
4.53 3.9432 1.9716
4.54 3.9298 1.9649
4.55 3.9164 1.9582
4.56 3.903 1.9515
4.57 3.8896 1.9448
4.58 3.8762 1.9381
4.59 3.8628 1.9314
4.6 3.8494 1.9247
4.61 3.836 1.918
4.62 3.8226 1.9113
4.63 3.8092 1.9046
4.64 3.7958 1.8979
4.65 3.7824 1.8912
4.66 3.769 1.8845
4.67 3.7556 1.8778
4.68 3.7422 1.8711
4.69 3.7288 1.8644
4.7 3.7154 1.8577
4.71 3.702 1.851
4.72 3.6886 1.8443
4.73 3.6752 1.8376
4.74 3.6618 1.8309
4.75 3.6484 1.8242
4.76 3.635 1.8175
4.77 3.6216 1.8108
4.78 3.6082 1.8041
4.79 3.5948 1.7974
4.8 3.5814 1.7907
4.81 3.568 1.784
4.82 3.5546 1.7773
4.83 3.5412 1.7706
4.84 3.5278 1.7639
4.85 3.5144 1.7572
4.86 3.501 1.7505
4.87 3.4876 1.7438
4.88 3.4742 1.7371
4.89 3.4608 1.7304
4.9 3.4474 1.7237
4.91 3.434 1.717
4.92 3.4206 1.7103
4.93 3.4072 1.7036
4.94 3.3938 1.6969
4.95 3.3804 1.6902
4.96 3.367 1.6835
4.97 3.3536 1.6768
4.98 3.3402 1.6701
4.99 3.3268 1.6634
5.0 3.3134 1.6567
5.01 3.3 1.65
5.02 3.2866 1.6433
5.03 3.2732 1.6366
5.04 3.2598 1.6299
5.05 3.2464 1.6232
5.06 3.233 1.6165
5.07 3.2196 1.6098
5.08 3.2062 1.6031
5.09 3.1928 1.5964
5.1 3.1794 1.5897
5.11 3.166 1.583
5.12 3.1526 1.5763
5.13 3.1392 1.5696
5.14 3.1258 1.5629
5.15 3.1124 1.5562
5.16 3.099 1.5495
5.17 3.0856 1.5428
5.18 3.0722 1.5361
5.19 3.0588 1.5294
5.2 3.0454 1.5227
5.21 3.032 1.516
5.22 3.0186 1.5093
5.23 3.0052 1.5026
5.24 2.9918 1.4959
5.25 2.9784 1.4892
5.26 2.965 1.4825
5.27 2.9516 1.4758
5.28 2.9382 1.4691
5.29 2.9248 1.4624
5.3 2.9114 1.4557
5.31 2.898 1.449
5.32 2.8846 1.4423
5.33 2.8712 1.4356
5.34 2.8578 1.4289
5.35 2.8444 1.4222
5.36 2.831 1.4155
5.37 2.8176 1.4088
5.38 2.8042 1.4021
5.39 2.7908 1.3954
5.4 2.7774 1.3887
5.41 2.764 1.382
5.42 2.7506 1.3753
5.43 2.7372 1.3686
5.44 2.7238 1.3619
5.45 2.7104 1.3552
5.46 2.697 1.3485
5.47 2.6836 1.3418
5.48 2.6702 1.3351
5.49 2.6568 1.3284
5.5 2.6434 1.3217
5.51 2.63 1.315
5.52 2.6166 1.3083
5.53 2.6032 1.3016
5.54 2.5898 1.2949
5.55 2.5764 1.2882
5.56 2.563 1.2815
5.57 2.5496 1.2748
5.58 2.5362 1.2681
5.59 2.5228 1.2614
5.6 2.5094 1.2547
5.61 2.496 1.248
5.62 2.4826 1.2413
5.63 2.4692 1.2346
5.64 2.4558 1.2279
5.65 2.4424 1.2212
5.66 2.429 1.2145
5.67 2.4156 1.2078
5.68 2.4022 1.2011
5.69 2.3888 1.1944
5.7 2.3754 1.1877
5.71 2.362 1.181
5.72 2.3486 1.1743
5.73 2.3352 1.1676
5.74 2.3218 1.1609
5.75 2.3084 1.1542
5.76 2.295 1.1475
5.77 2.2816 1.1408
5.78 2.2682 1.1341
5.79 2.2548 1.1274
5.8 2.2414 1.1207
5.81 2.228 1.114
5.82 2.2146 1.1073
5.83 2.2012 1.1006
5.84 2.1878 1.0939
5.85 2.1744 1.0872
5.86 2.161 1.0805
5.87 2.1476 1.0738
5.88 2.1342 1.0671
5.89 2.1208 1.0604
5.9 2.1074 1.0537
5.91 2.094 1.047
5.92 2.0806 1.0403
5.93 2.0672 1.0336
5.94 2.0538 1.0269
5.95 2.0404 1.0202
5.96 2.027 1.0135
5.97 2.0136 1.0068
5.98 2.0002 1.0001
5.99 1.9868 0.9934
6.0 1.9734 0.9867
6.01 1.96 0.98
6.02 1.9466 0.9733
6.03 1.9332 0.9666
6.04 1.9198 0.9599
6.05 1.9064 0.9532
6.06 1.893 0.9465
6.07 1.8796 0.9398
6.08 1.8662 0.9331
6.09 1.8528 0.9264
6.1 1.8394 0.9197
6.11 1.826 0.913
6.12 1.8126 0.9063
6.13 1.7992 0.8996
6.14 1.7858 0.8929
6.15 1.7724 0.8862
6.16 1.759 0.8795
6.17 1.7456 0.8728
6.18 1.7322 0.8661
6.19 1.7188 0.8594
6.2 1.7054 0.8527
6.21 1.692 0.846
6.22 1.6786 0.8393
6.23 1.6652 0.8326
6.24 1.6518 0.8259
6.25 1.6384 0.8192
6.26 1.625 0.8125
6.27 1.6116 0.8058
6.28 1.5982 0.7991
6.29 1.5848 0.7924
6.3 1.5714 0.7857
6.31 1.558 0.779
6.32 1.5446 0.7723
6.33 1.5312 0.7656
6.34 1.5178 0.7589
6.35 1.5044 0.7522
6.36 1.491 0.7455
6.37 1.4776 0.7388
6.38 1.4642 0.7321
6.39 1.4508 0.7254
6.4 1.4374 0.7187
6.41 1.424 0.712
6.42 1.4106 0.7053
6.43 1.3972 0.6986
6.44 1.3838 0.6919
6.45 1.3704 0.6852
6.46 1.357 0.6785
6.47 1.3436 0.6718
6.48 1.3302 0.6651
6.49 1.3168 0.6584
6.5 1.3034 0.6517
6.51 1.29 0.645
6.52 1.2766 0.6383
6.53 1.2632 0.6316
6.54 1.2498 0.6249
6.55 1.2364 0.6182
6.56 1.223 0.6115
6.57 1.2096 0.6048
6.58 1.1962 0.5981
6.59 1.1828 0.5914
6.6 1.1694 0.5847
6.61 1.156 0.578
6.62 1.1426 0.5713
6.63 1.1292 0.5646
6.64 1.1158 0.5579
6.65 1.1024 0.5512
6.66 1.089 0.5445
6.67 1.0756 0.5378
6.68 1.0622 0.5311
6.69 1.0488 0.5244
6.7 1.0354 0.5177
6.71 1.022 0.511
6.72 1.0086 0.5043
6.73 0.9952 0.4976
6.74 0.9818 0.4909
6.75 0.9684 0.4842
6.76 0.955 0.4775
6.77 0.9416 0.4708
6.78 0.9282 0.4641
6.79 0.9148 0.4574
6.8 0.9014 0.4507
6.81 0.888 0.444
6.82 0.8746 0.4373
6.83 0.8612 0.4306
6.84 0.8478 0.4239
6.85 0.8344 0.4172
6.86 0.821 0.4105
6.87 0.8076 0.4038
6.88 0.7942 0.3971
6.89 0.7808 0.3904
6.9 0.7674 0.3837
6.91 0.754 0.377
6.92 0.7406 0.3703
6.93 0.7272 0.3636
6.94 0.7138 0.3569
6.95 0.7004 0.3502
6.96 0.687 0.3435
6.97 0.6736 0.3368
6.98 0.6602 0.3301
6.99 0.6468 0.3234
7.0 0.6334 0.3167
7.01 0.62 0.31
7.02 0.6066 0.3033
7.03 0.5932 0.2966
7.04 0.5798 0.2899
7.05 0.5664 0.2832
7.06 0.553 0.2765
7.07 0.5396 0.2698
7.08 0.5262 0.2631
7.09 0.5128 0.2564
7.1 0.4994 0.2497
7.11 0.486 0.243
7.12 0.4726 0.2363
7.13 0.4592 0.2296
7.14 0.4458 0.2229
7.15 0.4324 0.2162
7.16 0.419 0.2095
7.17 0.4056 0.2028
7.18 0.3922 0.1961
7.19 0.3788 0.1894
7.2 0.3654 0.1827
7.21 0.352 0.176
7.22 0.3386 0.1693
7.23 0.3252 0.1626
7.24 0.3118 0.1559
7.25 0.2984 0.1492
7.26 0.285 0.1425
7.27 0.2716 0.1358
7.28 0.2582 0.1291
7.29 0.2448 0.1224
7.3 0.2314 0.1157
7.31 0.218 0.109
7.32 0.2046 0.1023
7.33 0.1912 0.0956
7.34 0.1778 0.0889
7.35 0.1644 0.0822
7.36 0.151 0.0755
7.37 0.1376 0.0688
7.38 0.1242 0.0621
7.39 0.1108 0.0554
7.4 0.0974 0.0487
7.41 0.084 0.042
7.42 0.0706 0.0353
7.43 0.0572 0.0286
7.44 0.0438 0.0219
7.45 0.0304 0.0152
7.46 0.017 0.0085
7.47 0.0036 0.0018
7.48 0.0036 0.0168
7.49 0.0036 0.0318
7.5 0.0036 0.0468
7.51 0.0036 0.0618
7.52 0.0036 0.0768
7.53 0.0036 0.0918
7.54 0.0036 0.1068
7.55 0.0036 0.1218
7.56 0.0036 0.1368
7.57 0.0036 0.1518
7.58 0.0036 0.1668
7.59 0.0036 0.1818
7.6 0.0036 0.1968
7.61 0.0036 0.2118
7.62 0.0036 0.2268
7.63 0.0036 0.2418
7.64 0.0036 0.2568
7.65 0.0036 0.2718
7.66 0.0036 0.2868
7.67 0.0036 0.3018
7.68 0.0036 0.3168
7.69 0.0036 0.3318
7.7 0.0036 0.3468
7.71 0.0036 0.3618
7.72 0.0036 0.3768
7.73 0.0036 0.3918
7.74 0.0036 0.4068
7.75 0.0036 0.4218
7.76 0.0036 0.4368
7.77 0.0036 0.4518
7.78 0.0036 0.4668
7.79 0.0036 0.4818
7.8 0.0036 0.4968
7.81 0.0036 0.5118
7.82 0.0036 0.5268
7.83 0.0036 0.5418
7.84 0.0036 0.5568
7.85 0.0036 0.5718
7.86 0.0036 0.5868
7.87 0.0036 0.6018
7.88 0.0036 0.6168
7.89 0.0036 0.6318
7.9 0.0036 0.6468
7.91 0.0036 0.6618
7.92 0.0036 0.6768
7.93 0.0036 0.6918
7.94 0.0036 0.7068
7.95 0.0036 0.7218
7.96 0.0036 0.7368
7.97 0.0036 0.7518
7.98 0.0036 0.7668
7.99 0.0036 0.7818
8.0 0.0036 0.7968
8.01 0.0036 0.8118
8.02 0.0036 0.8268
8.03 0.0036 0.8418
8.04 0.0036 0.8568
8.05 0.0036 0.8718
8.06 0.0036 0.8868
8.07 0.0036 0.9018
8.08 0.0036 0.9168
8.09 0.0036 0.9318
8.1 0.0036 0.9468
8.11 0.0036 0.9618
8.12 0.0036 0.9768
8.13 0.0036 0.9918
8.14 0.0036 1.0068
8.15 0.0036 1.0218
8.16 0.0036 1.0368
8.17 0.0036 1.0518
8.18 0.0036 1.0668
8.19 0.0036 1.0818
8.2 0.0036 1.0968
8.21 0.0036 1.1118
8.22 0.0036 1.1268
8.23 0.0036 1.1418
8.24 0.0036 1.1568
8.25 0.0036 1.1718
8.26 0.0036 1.1868
8.27 0.0036 1.2018
8.28 0.0036 1.2168
8.29 0.0036 1.2318
8.3 0.0036 1.2468
8.31 0.0036 1.2618
8.32 0.0036 1.2768
8.33 0.0036 1.2918
8.34 0.0036 1.3068
8.35 0.0036 1.3218
8.36 0.0036 1.3368
8.37 0.0036 1.3518
8.38 0.0036 1.3668
8.39 0.0036 1.3818
8.4 0.0036 1.3968
8.41 0.0036 1.4118
8.42 0.0036 1.4268
8.43 0.0036 1.4418
8.44 0.0036 1.4568
8.45 0.0036 1.4718
8.46 0.0036 1.4868
8.47 0.0036 1.5018
8.48 0.0036 1.5168
8.49 0.0036 1.5318
8.5 0.0036 1.5468
8.51 0.0036 1.5618
8.52 0.0036 1.5768
8.53 0.0036 1.5918
8.54 0.0036 1.6068
8.55 0.0036 1.6218
8.56 0.0036 1.6368
8.57 0.0036 1.6518
8.58 0.0036 1.6668
8.59 0.0036 1.6818
8.6 0.0036 1.6968
8.61 0.0036 1.7118
8.62 0.0036 1.7268
8.63 0.0036 1.7418
8.64 0.0036 1.7568
8.65 0.0036 1.7718
8.66 0.0036 1.7868
8.67 0.0036 1.8018
8.68 0.0036 1.8168
8.69 0.0036 1.8318
8.7 0.0036 1.8468
8.71 0.0036 1.8618
8.72 0.0036 1.8768
8.73 0.0036 1.8918
8.74 0.0036 1.9068
8.75 0.0036 1.9218
8.76 0.0036 1.9368
8.77 0.0036 1.9518
8.78 0.0036 1.9668
8.79 0.0036 1.9818
8.8 0.0036 1.9968
8.81 0.0036 2.0118
8.82 0.0036 2.0268
8.83 0.0036 2.0418
8.84 0.0036 2.0568
8.85 0.0036 2.0718
8.86 0.0036 2.0868
8.87 0.0036 2.1018
8.88 0.0036 2.1168
8.89 0.0036 2.1318
8.9 0.0036 2.1468
8.91 0.0036 2.1618
8.92 0.0036 2.1768
8.93 0.0036 2.1918
8.94 0.0036 2.2068
8.95 0.0036 2.2218
8.96 0.0036 2.2368
8.97 0.0036 2.2518
8.98 0.0036 2.2668
8.99 0.0036 2.2818
9.0 0.0036 2.2968
9.01 0.0036 2.3118
9.02 0.0036 2.3268
9.03 0.0036 2.3418
9.04 0.0036 2.3568
9.05 0.0036 2.3718
9.06 0.0036 2.3868
9.07 0.0036 2.4018
9.08 0.0036 2.4168
9.09 0.0036 2.4318
9.1 0.0036 2.4468
9.11 0.0036 2.4618
9.12 0.0036 2.4768
9.13 0.0036 2.4918
9.14 0.0036 2.5068
9.15 0.0036 2.5218
9.16 0.0036 2.5368
9.17 0.0036 2.5518
9.18 0.0036 2.5668
9.19 0.0036 2.5818
9.2 0.0036 2.5968
9.21 0.0036 2.6118
9.22 0.0036 2.6268
9.23 0.0036 2.6418
9.24 0.0036 2.6568
9.25 0.0036 2.6718
9.26 0.0036 2.6868
9.27 0.0036 2.7018
9.28 0.0036 2.7168
9.29 0.0036 2.7318
9.3 0.0036 2.7468
9.31 0.0036 2.7618
9.32 0.0036 2.7768
9.33 0.0036 2.7918
9.34 0.0036 2.8068
9.35 0.0036 2.8218
9.36 0.0036 2.8368
9.37 0.0036 2.8518
9.38 0.0036 2.8668
9.39 0.0036 2.8818
9.4 0.0036 2.8968
9.41 0.0036 2.9118
9.42 0.0036 2.9268
9.43 0.0036 2.9418
9.44 0.0036 2.9568
9.45 0.0036 2.9718
9.46 0.0036 2.9868
9.47 0.0036 3.0018
9.48 0.0036 3.0168
9.49 0.0036 3.0318
9.5 0.0036 3.0468
9.51 0.0036 3.0618
9.52 0.0036 3.0768
9.53 0.0036 3.0918
9.54 0.0036 3.1068
9.55 0.0036 3.1218
9.56 0.0036 3.1368
9.57 0.0036 3.1518
9.58 0.0036 3.1668
9.59 0.0036 3.1818
9.6 0.0036 3.1968
9.61 0.0036 3.2118
9.62 0.0036 3.2268
9.63 0.0036 3.2418
9.64 0.0036 3.2568
9.65 0.0036 3.2718
9.66 0.0036 3.2868
9.67 0.0036 3.3018
9.68 0.0036 3.3168
9.69 0.0036 3.3318
9.7 0.0036 3.3468
9.71 0.0036 3.3618
9.72 0.0036 3.3768
9.73 0.0036 3.3918
9.74 0.0036 3.4068
9.75 0.0036 3.4218
9.76 0.0036 3.4368
9.77 0.0036 3.4518
9.78 0.0036 3.4668
9.79 0.0036 3.4818
9.8 0.0036 3.4968
9.81 0.0036 3.5118
9.82 0.0036 3.5268
9.83 0.0036 3.5418
9.84 0.0036 3.5568
9.85 0.0036 3.5718
9.86 0.0036 3.5868
9.87 0.0036 3.6018
9.88 0.0036 3.6168
9.89 0.0036 3.6318
9.9 0.0036 3.6468
9.91 0.0036 3.6618
9.92 0.0036 3.6768
9.93 0.0036 3.6918
9.94 0.0036 3.7068
9.95 0.0036 3.7218
9.96 0.0036 3.7368
9.97 0.0036 3.7518
9.98 0.0036 3.7668
9.99 0.0036 3.7818
10.0 0.0036 3.7968
10.01 0.0036 3.8118
10.02 0.0036 3.8268
10.03 0.0036 3.8418
10.04 0.0036 3.8568
10.05 0.0036 3.8718
10.06 0.0036 3.8868
10.07 0.0036 3.9018
10.08 0.0036 3.9168
10.09 0.0036 3.9318
10.1 0.0036 3.9468
10.11 0.0036 3.9618
10.12 0.0036 3.9768
10.13 0.0036 3.9918
10.14 0.0036 4.0068
10.15 0.0036 4.0218
10.16 0.0036 4.0368
10.17 0.0036 4.0518
10.18 0.0036 4.0668
10.19 0.0036 4.0818
10.2 0.0036 4.0968
10.21 0.0036 4.1118
10.22 0.0036 4.1268
10.23 0.0036 4.1418
10.24 0.0036 4.1568
10.25 0.0036 4.1718
10.26 0.0036 4.1868
10.27 0.0036 4.2018
10.28 0.0036 4.2168
10.29 0.0036 4.2318
10.3 0.0036 4.2468
10.31 0.0036 4.2618
10.32 0.0036 4.2768
10.33 0.0036 4.2918
10.34 0.0036 4.3068
10.35 0.0036 4.3218
10.36 0.0036 4.3368
10.37 0.0036 4.3518
10.38 0.0036 4.3668
10.39 0.0036 4.3818
10.4 0.0036 4.3968
10.41 0.0036 4.4118
10.42 0.0036 4.4268
10.43 0.0036 4.4418
10.44 0.0036 4.4568
10.45 0.0036 4.4718
10.46 0.0036 4.4868
10.47 0.0036 4.5018
10.48 0.0036 4.5168
10.49 0.0036 4.5318
10.5 0.0036 4.5468
10.51 0.0036 4.5618
10.52 0.0036 4.5768
10.53 0.0036 4.5918
10.54 0.0036 4.6068
10.55 0.0036 4.6218
10.56 0.0036 4.6368
10.57 0.0036 4.6518
10.58 0.0036 4.6668
10.59 0.0036 4.6818
10.6 0.0036 4.6968
10.61 0.0036 4.7118
10.62 0.0036 4.7268
10.63 0.0036 4.7418
10.64 0.0036 4.7568
10.65 0.0036 4.7718
10.66 0.0036 4.7868
10.67 0.0036 4.8018
10.68 0.0036 4.8168
10.69 0.0036 4.8318
10.7 0.0036 4.8468
10.71 0.0036 4.8618
10.72 0.0036 4.8768
10.73 0.0036 4.8918
10.74 0.0036 4.9068
10.75 0.0036 4.9218
10.76 0.0036 4.9368
10.77 0.0036 4.9518
10.78 0.0036 4.9668
10.79 0.0036 4.9818
10.8 0.0036 4.9968
10.81 0.0036 5.0118
10.82 0.0036 5.0268
10.83 0.0036 5.0418
10.84 0.0036 5.0568
10.85 0.0036 5.0718
10.86 0.0036 5.0868
10.87 0.0036 5.1018
10.88 0.0036 5.1168
10.89 0.0036 5.1318
10.9 0.0036 5.1468
10.91 0.0036 5.1618
10.92 0.0036 5.1768
10.93 0.0036 5.1918
10.94 0.0036 5.2068
10.95 0.0036 5.2218
10.96 0.0036 5.2368
10.97 0.0036 5.2518
10.98 0.0036 5.2668
10.99 0.0036 5.2818
11.0 0.0036 5.2968
11.01 0.0036 5.3118
11.02 0.0036 5.3268
11.03 0.0036 5.3418
11.04 0.0036 5.3568
11.05 0.0036 5.3718
11.06 0.0036 5.3868
11.07 0.0036 5.4018
11.08 0.0036 5.4168
11.09 0.0036 5.4318
11.1 0.0036 5.4468
11.11 0.0036 5.4618
11.12 0.0036 5.4768
11.13 0.0036 5.4918
11.14 0.0036 5.5068
11.15 0.0036 5.5218
11.16 0.0036 5.5368
11.17 0.0036 5.5518
11.18 0.0036 5.5668
11.19 0.0036 5.5818
11.2 0.0036 5.5968
11.21 0.0036 5.6118
11.22 0.0036 5.6268
11.23 0.0036 5.6418
11.24 0.0036 5.6568
11.25 0.0036 5.6718
11.26 0.0036 5.6868
11.27 0.0036 5.7018
11.28 0.0036 5.7168
11.29 0.0036 5.7318
11.3 0.0036 5.7468
11.31 0.0036 5.7618
11.32 0.0036 5.7768
11.33 0.0036 5.7918
11.34 0.0036 5.8068
11.35 0.0036 5.8218
11.36 0.0036 5.8368
11.37 0.0036 5.8518
11.38 0.0036 5.8668
11.39 0.0036 5.8818
11.4 0.0036 5.8968
11.41 0.0036 5.9118
11.42 0.0036 5.9268
11.43 0.0036 5.9418
11.44 0.0036 5.9568
11.45 0.0036 5.9718
11.46 0.0036 5.9868
11.47 0.0036 6.0018
11.48 0.0036 6.0168
11.49 0.0036 6.0318
11.5 0.0036 6.0468
11.51 0.0036 6.0618
11.52 0.0036 6.0768
11.53 0.0036 6.0918
11.54 0.0036 6.1068
11.55 0.0036 6.1218
11.56 0.0036 6.1368
11.57 0.0036 6.1518
11.58 0.0036 6.1668
11.59 0.0036 6.1818
11.6 0.0036 6.1968
11.61 0.0036 6.2118
11.62 0.0036 6.2268
11.63 0.0036 6.2418
11.64 0.0036 6.2568
11.65 0.0036 6.2718
11.66 0.0036 6.2868
11.67 0.0036 6.3018
11.68 0.0036 6.3168
11.69 0.0036 6.3318
11.7 0.0036 6.3468
11.71 0.0036 6.3618
11.72 0.0036 6.3768
11.73 0.0036 6.3918
11.74 0.0036 6.4068
11.75 0.0036 6.4218
11.76 0.0036 6.4368
11.77 0.0036 6.4518
11.78 0.0036 6.4668
11.79 0.0036 6.4818
11.8 0.0036 6.4968
11.81 0.0036 6.5118
11.82 0.0036 6.5268
11.83 0.0036 6.5418
11.84 0.0036 6.5568
11.85 0.0036 6.5718
11.86 0.0036 6.5868
11.87 0.0036 6.6018
11.88 0.0036 6.6168
11.89 0.0036 6.6318
11.9 0.0036 6.6468
11.91 0.0036 6.6618
11.92 0.0036 6.6768
11.93 0.0036 6.6918
11.94 0.0036 6.7068
11.95 0.0036 6.7218
11.96 0.0036 6.7368
11.97 0.0036 6.7518
11.98 0.0036 6.7668
11.99 0.0036 6.7818
12.0 0.0036 6.7968
12.01 0.0036 6.8118
12.02 0.0036 6.8268
12.03 0.0036 6.8418
12.04 0.0036 6.8568
12.05 0.0036 6.8718
12.06 0.0036 6.8868
12.07 0.0036 6.9018
12.08 0.0036 6.9168
12.09 0.0036 6.9318
12.1 0.0036 6.9468
12.11 0.0036 6.9618
12.12 0.0036 6.9768
12.13 0.0036 6.9918
12.14 0.0036 7.0068
12.15 0.0036 7.0218
12.16 0.0036 7.0368
12.17 0.0036 7.0518
12.18 0.0036 7.0668
12.19 0.0036 7.0818
12.2 0.0036 7.0968
12.21 0.0036 7.1118
12.22 0.0036 7.1268
12.23 0.0036 7.1418
12.24 0.0036 7.1568
12.25 0.0036 7.1718
12.26 0.0036 7.1868
12.27 0.0036 7.2018
12.28 0.0036 7.2168
12.29 0.0036 7.2318
12.3 0.0036 7.2468
12.31 0.0036 7.2618
12.32 0.0036 7.2768
12.33 0.0036 7.2918
12.34 0.0036 7.3068
12.35 0.0036 7.3218
12.36 0.0036 7.3368
12.37 0.0036 7.3518
12.38 0.0036 7.3668
12.39 0.0036 7.3818
12.4 0.0036 7.3968
12.41 0.0036 7.4118
12.42 0.0036 7.4268
12.43 0.0036 7.4418
12.44 0.0036 7.4568
12.45 0.0036 7.4718
12.46 0.0036 7.4868
12.47 0.0036 7.5018
12.48 0.0036 7.5168
12.49 0.0036 7.5318
12.5 0.0036 7.5468
12.51 0.0036 7.5618
12.52 0.0036 7.5768
12.53 0.0036 7.5918
12.54 0.0036 7.6068
12.55 0.0036 7.6218
12.56 0.0036 7.6368
12.57 0.0036 7.6518
12.58 0.0036 7.6668
12.59 0.0036 7.6818
12.6 0.0036 7.6968
12.61 0.0036 7.7118
12.62 0.0036 7.7268
12.63 0.0036 7.7418
12.64 0.0036 7.7568
12.65 0.0036 7.7718
12.66 0.0036 7.7868
12.67 0.0036 7.8018
12.68 0.0036 7.8168
12.69 0.0036 7.8318
12.7 0.0036 7.8468
12.71 0.0036 7.8618
12.72 0.0036 7.8768
12.73 0.0036 7.8918
12.74 0.0036 7.9068
12.75 0.0036 7.9218
12.76 0.0036 7.9368
12.77 0.0036 7.9518
12.78 0.0036 7.9668
12.79 0.0036 7.9818
12.8 0.0036 7.9968
12.81 0.0036 8.0118
12.82 0.0036 8.0268
12.83 0.0036 8.0418
12.84 0.0036 8.0568
12.85 0.0036 8.0718
12.86 0.0036 8.0868
12.87 0.0036 8.1018
12.88 0.0036 8.1168
12.89 0.0036 8.1318
12.9 0.0036 8.1468
12.91 0.0036 8.1618
12.92 0.0036 8.1768
12.93 0.0036 8.1918
12.94 0.0036 8.2068
12.95 0.0036 8.2218
12.96 0.0036 8.2368
12.97 0.0036 8.2518
12.98 0.0036 8.2668
12.99 0.0036 8.2818
13.0 0.0036 8.2968
13.01 0.0036 8.3118
13.02 0.0036 8.3268
13.03 0.0036 8.3418
13.04 0.0036 8.3568
13.05 0.0036 8.3718
13.06 0.0036 8.3868
13.07 0.0036 8.4018
13.08 0.0036 8.4168
13.09 0.0036 8.4318
13.1 0.0036 8.4468
13.11 0.0036 8.4618
13.12 0.0036 8.4768
13.13 0.0036 8.4918
13.14 0.0036 8.5068
13.15 0.0036 8.5218
13.16 0.0036 8.5368
13.17 0.0036 8.5518
13.18 0.0036 8.5668
13.19 0.0036 8.5818
13.2 0.0036 8.5968
13.21 0.0036 8.6118
13.22 0.0036 8.6268
13.23 0.0036 8.6418
13.24 0.0036 8.6568
13.25 0.0036 8.6718
13.26 0.0036 8.6868
13.27 0.0036 8.7018
13.28 0.0036 8.7168
13.29 0.0036 8.7318
13.3 0.0036 8.7468
13.31 0.0036 8.7618
13.32 0.0036 8.7768
13.33 0.0036 8.7918
13.34 0.0036 8.8068
13.35 0.0036 8.8218
13.36 0.0036 8.8368
13.37 0.0036 8.8518
13.38 0.0036 8.8668
13.39 0.0036 8.8818
13.4 0.0036 8.8968
13.41 0.0036 8.9118
13.42 0.0036 8.9268
13.43 0.0036 8.9418
13.44 0.0036 8.9568
13.45 0.0036 8.9718
13.46 0.0036 8.9868
13.47 0.0036 9.0018
13.48 0.0036 9.0168
13.49 0.0036 9.0318
13.5 0.0036 9.0468
13.51 0.0036 9.0618
13.52 0.0036 9.0768
13.53 0.0036 9.0918
13.54 0.0036 9.1068
13.55 0.0036 9.1218
13.56 0.0036 9.1368
13.57 0.0036 9.1518
13.58 0.0036 9.1668
13.59 0.0036 9.1818
13.6 0.0036 9.1968
13.61 0.0036 9.2118
13.62 0.0036 9.2268
13.63 0.0036 9.2418
13.64 0.0036 9.2568
13.65 0.0036 9.2718
13.66 0.0036 9.2868
13.67 0.0036 9.3018
13.68 0.0036 9.3168
13.69 0.0036 9.3318
13.7 0.0036 9.3468
13.71 0.0036 9.3618
13.72 0.0036 9.3768
13.73 0.0036 9.3918
13.74 0.0036 9.4068
13.75 0.0036 9.4218
13.76 0.0036 9.4368
13.77 0.0036 9.4518
13.78 0.0036 9.4668
13.79 0.0036 9.4818
13.8 0.0036 9.4968
13.81 0.0036 9.5118
13.82 0.0036 9.5268
13.83 0.0036 9.5418
13.84 0.0036 9.5568
13.85 0.0036 9.5718
13.86 0.0036 9.5868
13.87 0.0036 9.6018
13.88 0.0036 9.6168
13.89 0.0036 9.6318
13.9 0.0036 9.6468
13.91 0.0036 9.6618
13.92 0.0036 9.6768
13.93 0.0036 9.6918
13.94 0.0036 9.7068
13.95 0.0036 9.7218
13.96 0.0036 9.7368
13.97 0.0036 9.7518
13.98 0.0036 9.7668
13.99 0.0036 9.7818
14.0 0.0036 9.7968
14.01 0.0036 9.8118
14.02 0.0036 9.8268
14.03 0.0036 9.8418
14.04 0.0036 9.8568
14.05 0.0036 9.8718
14.06 0.0036 9.8868
14.07 0.0036 9.9018
14.08 0.0036 9.9168
14.09 0.0036 9.9318
14.1 0.0036 9.9468
14.11 0.0036 9.9618
14.12 0.0036 9.9768
14.13 0.0036 9.9918
14.14 0.0036 10.0068
14.15 0.0142 9.9962
14.16 0.0248 9.9856
14.17 0.0354 9.975
14.18 0.046 9.9644
14.19 0.0566 9.9538
14.2 0.0672 9.9432
14.21 0.0778 9.9326
14.22 0.0884 9.922
14.23 0.099 9.9114
14.24 0.1096 9.9008
14.25 0.1202 9.8902
14.26 0.1308 9.8796
14.27 0.1414 9.869
14.28 0.152 9.8584
14.29 0.1626 9.8478
14.3 0.1732 9.8372
14.31 0.1838 9.8266
14.32 0.1944 9.816
14.33 0.205 9.8054
14.34 0.2156 9.7948
14.35 0.2262 9.7842
14.36 0.2368 9.7736
14.37 0.2474 9.763
14.38 0.258 9.7524
14.39 0.2686 9.7418
14.4 0.2792 9.7312
14.41 0.2898 9.7206
14.42 0.3004 9.71
14.43 0.311 9.6994
14.44 0.3216 9.6888
14.45 0.3322 9.6782
14.46 0.3428 9.6676
14.47 0.3534 9.657
14.48 0.364 9.6464
14.49 0.3746 9.6358
14.5 0.3852 9.6252
14.51 0.3958 9.6146
14.52 0.4064 9.604
14.53 0.417 9.5934
14.54 0.4276 9.5828
14.55 0.4382 9.5722
14.56 0.4488 9.5616
14.57 0.4594 9.551
14.58 0.47 9.5404
14.59 0.4806 9.5298
14.6 0.4912 9.5192
14.61 0.5018 9.5086
14.62 0.5124 9.498
14.63 0.523 9.4874
14.64 0.5336 9.4768
14.65 0.5442 9.4662
14.66 0.5548 9.4556
14.67 0.5654 9.445
14.68 0.576 9.4344
14.69 0.5866 9.4238
14.7 0.5972 9.4132
14.71 0.6078 9.4026
14.72 0.6184 9.392
14.73 0.629 9.3814
14.74 0.6396 9.3708
14.75 0.6502 9.3602
14.76 0.6608 9.3496
14.77 0.6714 9.339
14.78 0.682 9.3284
14.79 0.6926 9.3178
14.8 0.7032 9.3072
14.81 0.7138 9.2966
14.82 0.7244 9.286
14.83 0.735 9.2754
14.84 0.7456 9.2648
14.85 0.7562 9.2542
14.86 0.7668 9.2436
14.87 0.7774 9.233
14.88 0.788 9.2224
14.89 0.7986 9.2118
14.9 0.8092 9.2012
14.91 0.8198 9.1906
14.92 0.8304 9.18
14.93 0.841 9.1694
14.94 0.8516 9.1588
14.95 0.8622 9.1482
14.96 0.8728 9.1376
14.97 0.8834 9.127
14.98 0.894 9.1164
14.99 0.9046 9.1058
15.0 0.9152 9.0952
15.01 0.9258 9.0846
15.02 0.9364 9.074
15.03 0.947 9.0634
15.04 0.9576 9.0528
15.05 0.9682 9.0422
15.06 0.9788 9.0316
15.07 0.9894 9.021
15.08 1.0 9.0104
15.09 1.0106 8.9998
15.1 1.0212 8.9892
15.11 1.0318 8.9786
15.12 1.0424 8.968
15.13 1.053 8.9574
15.14 1.0636 8.9468
15.15 1.0742 8.9362
15.16 1.0848 8.9256
15.17 1.0954 8.915
15.18 1.106 8.9044
15.19 1.1166 8.8938
15.2 1.1272 8.8832
15.21 1.1378 8.8726
15.22 1.1484 8.862
15.23 1.159 8.8514
15.24 1.1696 8.8408
15.25 1.1802 8.8302
15.26 1.1908 8.8196
15.27 1.2014 8.809
15.28 1.212 8.7984
15.29 1.2226 8.7878
15.3 1.2332 8.7772
15.31 1.2438 8.7666
15.32 1.2544 8.756
15.33 1.265 8.7454
15.34 1.2756 8.7348
15.35 1.2862 8.7242
15.36 1.2968 8.7136
15.37 1.3074 8.703
15.38 1.318 8.6924
15.39 1.3286 8.6818
15.4 1.3392 8.6712
15.41 1.3498 8.6606
15.42 1.3604 8.65
15.43 1.371 8.6394
15.44 1.3816 8.6288
15.45 1.3922 8.6182
15.46 1.4028 8.6076
15.47 1.4134 8.597
15.48 1.424 8.5864
15.49 1.4346 8.5758
15.5 1.4452 8.5652
15.51 1.4558 8.5546
15.52 1.4664 8.544
15.53 1.477 8.5334
15.54 1.4876 8.5228
15.55 1.4982 8.5122
15.56 1.5088 8.5016
15.57 1.5194 8.491
15.58 1.53 8.4804
15.59 1.5406 8.4698
15.6 1.5512 8.4592
15.61 1.5618 8.4486
15.62 1.5724 8.438
15.63 1.583 8.4274
15.64 1.5936 8.4168
15.65 1.6042 8.4062
15.66 1.6148 8.3956
15.67 1.6254 8.385
15.68 1.636 8.3744
15.69 1.6466 8.3638
15.7 1.6572 8.3532
15.71 1.6678 8.3426
15.72 1.6784 8.332
15.73 1.689 8.3214
15.74 1.6996 8.3108
15.75 1.7102 8.3002
15.76 1.7208 8.2896
15.77 1.7314 8.279
15.78 1.742 8.2684
15.79 1.7526 8.2578
15.8 1.7632 8.2472
15.81 1.7738 8.2366
15.82 1.7844 8.226
15.83 1.795 8.2154
15.84 1.8056 8.2048
15.85 1.8162 8.1942
15.86 1.8268 8.1836
15.87 1.8374 8.173
15.88 1.848 8.1624
15.89 1.8586 8.1518
15.9 1.8692 8.1412
15.91 1.8798 8.1306
15.92 1.8904 8.12
15.93 1.901 8.1094
15.94 1.9116 8.0988
15.95 1.9222 8.0882
15.96 1.9328 8.0776
15.97 1.9434 8.067
15.98 1.954 8.0564
15.99 1.9646 8.0458
16.0 1.9752 8.0352
16.01 1.9858 8.0246
16.02 1.9964 8.014
16.03 2.007 8.0034
16.04 2.0176 7.9928
16.05 2.0282 7.9822
16.06 2.0388 7.9716
16.07 2.0494 7.961
16.08 2.06 7.9504
16.09 2.0706 7.9398
16.1 2.0812 7.9292
16.11 2.0918 7.9186
16.12 2.1024 7.908
16.13 2.113 7.8974
16.14 2.1236 7.8868
16.15 2.1342 7.8762
16.16 2.1448 7.8656
16.17 2.1554 7.855
16.18 2.166 7.8444
16.19 2.1766 7.8338
16.2 2.1872 7.8232
16.21 2.1978 7.8126
16.22 2.2084 7.802
16.23 2.219 7.7914
16.24 2.2296 7.7808
16.25 2.2402 7.7702
16.26 2.2508 7.7596
16.27 2.2614 7.749
16.28 2.272 7.7384
16.29 2.2826 7.7278
16.3 2.2932 7.7172
16.31 2.3038 7.7066
16.32 2.3144 7.696
16.33 2.325 7.6854
16.34 2.3356 7.6748
16.35 2.3462 7.6642
16.36 2.3568 7.6536
16.37 2.3674 7.643
16.38 2.378 7.6324
16.39 2.3886 7.6218
16.4 2.3992 7.6112
16.41 2.4098 7.6006
16.42 2.4204 7.59
16.43 2.431 7.5794
16.44 2.4416 7.5688
16.45 2.4522 7.5582
16.46 2.4628 7.5476
16.47 2.4734 7.537
16.48 2.484 7.5264
16.49 2.4946 7.5158
16.5 2.5052 7.5052
16.51 2.5158 7.4946
16.52 2.5264 7.484
16.53 2.537 7.4734
16.54 2.5476 7.4628
16.55 2.5582 7.4522
16.56 2.5688 7.4416
16.57 2.5794 7.431
16.58 2.59 7.4204
16.59 2.6006 7.4098
16.6 2.6112 7.3992
16.61 2.6218 7.3886
16.62 2.6324 7.378
16.63 2.643 7.3674
16.64 2.6536 7.3568
16.65 2.6642 7.3462
16.66 2.6748 7.3356
16.67 2.6854 7.325
16.68 2.696 7.3144
16.69 2.7066 7.3038
16.7 2.7172 7.2932
16.71 2.7278 7.2826
16.72 2.7384 7.272
16.73 2.749 7.2614
16.74 2.7596 7.2508
16.75 2.7702 7.2402
16.76 2.7808 7.2296
16.77 2.7914 7.219
16.78 2.802 7.2084
16.79 2.8126 7.1978
16.8 2.8232 7.1872
16.81 2.8338 7.1766
16.82 2.8444 7.166
16.83 2.855 7.1554
16.84 2.8656 7.1448
16.85 2.8762 7.1342
16.86 2.8868 7.1236
16.87 2.8974 7.113
16.88 2.908 7.1024
16.89 2.9186 7.0918
16.9 2.9292 7.0812
16.91 2.9398 7.0706
16.92 2.9504 7.06
16.93 2.961 7.0494
16.94 2.9716 7.0388
16.95 2.9822 7.0282
16.96 2.9928 7.0176
16.97 3.0034 7.007
16.98 3.014 6.9964
16.99 3.0246 6.9858
17.0 3.0352 6.9752
17.01 3.0458 6.9646
17.02 3.0564 6.954
17.03 3.067 6.9434
17.04 3.0776 6.9328
17.05 3.0882 6.9222
17.06 3.0988 6.9116
17.07 3.1094 6.901
17.08 3.12 6.8904
17.09 3.1306 6.8798
17.1 3.1412 6.8692
17.11 3.1518 6.8586
17.12 3.1624 6.848
17.13 3.173 6.8374
17.14 3.1836 6.8268
17.15 3.1942 6.8162
17.16 3.2048 6.8056
17.17 3.2154 6.795
17.18 3.226 6.7844
17.19 3.2366 6.7738
17.2 3.2472 6.7632
17.21 3.2578 6.7526
17.22 3.2684 6.742
17.23 3.279 6.7314
17.24 3.2896 6.7208
17.25 3.3002 6.7102
17.26 3.3108 6.6996
17.27 3.3214 6.689
17.28 3.332 6.6784
17.29 3.3426 6.6678
17.3 3.3532 6.6572
17.31 3.3638 6.6466
17.32 3.3744 6.636
17.33 3.385 6.6254
17.34 3.3956 6.6148
17.35 3.4062 6.6042
17.36 3.4168 6.5936
17.37 3.4274 6.583
17.38 3.438 6.5724
17.39 3.4486 6.5618
17.4 3.4592 6.5512
17.41 3.4698 6.5406
17.42 3.4804 6.53
17.43 3.491 6.5194
17.44 3.5016 6.5088
17.45 3.5122 6.4982
17.46 3.5228 6.4876
17.47 3.5334 6.477
17.48 3.544 6.4664
17.49 3.5546 6.4558
17.5 3.5652 6.4452
17.51 3.5758 6.4346
17.52 3.5864 6.424
17.53 3.597 6.4134
17.54 3.6076 6.4028
17.55 3.6182 6.3922
17.56 3.6288 6.3816
17.57 3.6394 6.371
17.58 3.65 6.3604
17.59 3.6606 6.3498
17.6 3.6712 6.3392
17.61 3.6818 6.3286
17.62 3.6924 6.318
17.63 3.703 6.3074
17.64 3.7136 6.2968
17.65 3.7242 6.2862
17.66 3.7348 6.2756
17.67 3.7454 6.265
17.68 3.756 6.2544
17.69 3.7666 6.2438
17.7 3.7772 6.2332
17.71 3.7878 6.2226
17.72 3.7984 6.212
17.73 3.809 6.2014
17.74 3.8196 6.1908
17.75 3.8302 6.1802
17.76 3.8408 6.1696
17.77 3.8514 6.159
17.78 3.862 6.1484
17.79 3.8726 6.1378
17.8 3.8832 6.1272
17.81 3.8938 6.1166
17.82 3.9044 6.106
17.83 3.915 6.0954
17.84 3.9256 6.0848
17.85 3.9362 6.0742
17.86 3.9468 6.0636
17.87 3.9574 6.053
17.88 3.968 6.0424
17.89 3.9786 6.0318
17.9 3.9892 6.0212
17.91 3.9998 6.0106
17.92 4.0104 6.0
17.93 4.021 5.9894
17.94 4.0316 5.9788
17.95 4.0422 5.9682
17.96 4.0528 5.9576
17.97 4.0634 5.947
17.98 4.074 5.9364
17.99 4.0846 5.9258
18.0 4.0952 5.9152
18.01 4.1058 5.9046
18.02 4.1164 5.894
18.03 4.127 5.8834
18.04 4.1376 5.8728
18.05 4.1482 5.8622
18.06 4.1588 5.8516
18.07 4.1694 5.841
18.08 4.18 5.8304
18.09 4.1906 5.8198
18.1 4.2012 5.8092
18.11 4.2118 5.7986
18.12 4.2224 5.788
18.13 4.233 5.7774
18.14 4.2436 5.7668
18.15 4.2542 5.7562
18.16 4.2648 5.7456
18.17 4.2754 5.735
18.18 4.286 5.7244
18.19 4.2966 5.7138
18.2 4.3072 5.7032
18.21 4.3178 5.6926
18.22 4.3284 5.682
18.23 4.339 5.6714
18.24 4.3496 5.6608
18.25 4.3602 5.6502
18.26 4.3708 5.6396
18.27 4.3814 5.629
18.28 4.392 5.6184
18.29 4.4026 5.6078
18.3 4.4132 5.5972
18.31 4.4238 5.5866
18.32 4.4344 5.576
18.33 4.445 5.5654
18.34 4.4556 5.5548
18.35 4.4662 5.5442
18.36 4.4768 5.5336
18.37 4.4874 5.523
18.38 4.498 5.5124
18.39 4.5086 5.5018
18.4 4.5192 5.4912
18.41 4.5298 5.4806
18.42 4.5404 5.47
18.43 4.551 5.4594
18.44 4.5616 5.4488
18.45 4.5722 5.4382
18.46 4.5828 5.4276
18.47 4.5934 5.417
18.48 4.604 5.4064
18.49 4.6146 5.3958
18.5 4.6252 5.3852
18.51 4.6358 5.3746
18.52 4.6464 5.364
18.53 4.657 5.3534
18.54 4.6676 5.3428
18.55 4.6782 5.3322
18.56 4.6888 5.3216
18.57 4.6994 5.311
18.58 4.71 5.3004
18.59 4.7206 5.2898
18.6 4.7312 5.2792
18.61 4.7418 5.2686
18.62 4.7524 5.258
18.63 4.763 5.2474
18.64 4.7736 5.2368
18.65 4.7842 5.2262
18.66 4.7948 5.2156
18.67 4.8054 5.205
18.68 4.816 5.1944
18.69 4.8266 5.1838
18.7 4.8372 5.1732
18.71 4.8478 5.1626
18.72 4.8584 5.152
18.73 4.869 5.1414
18.74 4.8796 5.1308
18.75 4.8902 5.1202
18.76 4.9008 5.1096
18.77 4.9114 5.099
18.78 4.922 5.0884
18.79 4.9326 5.0778
18.8 4.9432 5.0672
18.81 4.9538 5.0566
18.82 4.9644 5.046
18.83 4.975 5.0354
18.84 4.9856 5.0248
18.85 4.9962 5.0142
18.86 5.0068 5.0036
18.87 5.0174 4.993
18.88 5.028 4.9824
18.89 5.0386 4.9718
18.9 5.0492 4.9612
18.91 5.0598 4.9506
18.92 5.0704 4.94
18.93 5.081 4.9294
18.94 5.0916 4.9188
18.95 5.1022 4.9082
18.96 5.1128 4.8976
18.97 5.1234 4.887
18.98 5.134 4.8764
18.99 5.1446 4.8658
19.0 5.1552 4.8552
19.01 5.1658 4.8446
19.02 5.1764 4.834
19.03 5.187 4.8234
19.04 5.1976 4.8128
19.05 5.2082 4.8022
19.06 5.2188 4.7916
19.07 5.2294 4.781
19.08 5.24 4.7704
19.09 5.2506 4.7598
19.1 5.2612 4.7492
19.11 5.2718 4.7386
19.12 5.2824 4.728
19.13 5.293 4.7174
19.14 5.3036 4.7068
19.15 5.3142 4.6962
19.16 5.3248 4.6856
19.17 5.3354 4.675
19.18 5.346 4.6644
19.19 5.3566 4.6538
19.2 5.3672 4.6432
19.21 5.3778 4.6326
19.22 5.3884 4.622
19.23 5.399 4.6114
19.24 5.4096 4.6008
19.25 5.4202 4.5902
19.26 5.4308 4.5796
19.27 5.4414 4.569
19.28 5.452 4.5584
19.29 5.4626 4.5478
19.3 5.4732 4.5372
19.31 5.4838 4.5266
19.32 5.4944 4.516
19.33 5.505 4.5054
19.34 5.5156 4.4948
19.35 5.5262 4.4842
19.36 5.5368 4.4736
19.37 5.5474 4.463
19.38 5.558 4.4524
19.39 5.5686 4.4418
19.4 5.5792 4.4312
19.41 5.5898 4.4206
19.42 5.6004 4.41
19.43 5.611 4.3994
19.44 5.6216 4.3888
19.45 5.6322 4.3782
19.46 5.6428 4.3676
19.47 5.6534 4.357
19.48 5.664 4.3464
19.49 5.6746 4.3358
19.5 5.6852 4.3252
19.51 5.6958 4.3146
19.52 5.7064 4.304
19.53 5.717 4.2934
19.54 5.7276 4.2828
19.55 5.7382 4.2722
19.56 5.7488 4.2616
19.57 5.7594 4.251
19.58 5.77 4.2404
19.59 5.7806 4.2298
19.6 5.7912 4.2192
19.61 5.8018 4.2086
19.62 5.8124 4.198
19.63 5.823 4.1874
19.64 5.8336 4.1768
19.65 5.8442 4.1662
19.66 5.8548 4.1556
19.67 5.8654 4.145
19.68 5.876 4.1344
19.69 5.8866 4.1238
19.7 5.8972 4.1132
19.71 5.9078 4.1026
19.72 5.9184 4.092
19.73 5.929 4.0814
19.74 5.9396 4.0708
19.75 5.9502 4.0602
19.76 5.9608 4.0496
19.77 5.9714 4.039
19.78 5.982 4.0284
19.79 5.9926 4.0178
19.8 6.0032 4.0072
19.81 6.0138 3.9966
19.82 6.0244 3.986
19.83 6.035 3.9754
19.84 6.0456 3.9648
19.85 6.0562 3.9542
19.86 6.0668 3.9436
19.87 6.0774 3.933
19.88 6.088 3.9224
19.89 6.0986 3.9118
19.9 6.1092 3.9012
19.91 6.1198 3.8906
19.92 6.1304 3.88
19.93 6.141 3.8694
19.94 6.1516 3.8588
19.95 6.1622 3.8482
19.96 6.1728 3.8376
19.97 6.1834 3.827
19.98 6.194 3.8164
19.99 6.2046 3.8058
20.0 6.2152 3.7952
20.01 6.2258 3.7846
20.02 6.2364 3.774
20.03 6.247 3.7634
20.04 6.2576 3.7528
20.05 6.2682 3.7422
20.06 6.2788 3.7316
20.07 6.2894 3.721
20.08 6.3 3.7104
20.09 6.3106 3.6998
20.1 6.3212 3.6892
20.11 6.3318 3.6786
20.12 6.3424 3.668
20.13 6.353 3.6574
20.14 6.3636 3.6468
20.15 6.3742 3.6362
20.16 6.3848 3.6256
20.17 6.3954 3.615
20.18 6.406 3.6044
20.19 6.4166 3.5938
20.2 6.4272 3.5832
20.21 6.4378 3.5726
20.22 6.4484 3.562
20.23 6.459 3.5514
20.24 6.4696 3.5408
20.25 6.4802 3.5302
20.26 6.4908 3.5196
20.27 6.5014 3.509
20.28 6.512 3.4984
20.29 6.5226 3.4878
20.3 6.5332 3.4772
20.31 6.5438 3.4666
20.32 6.5544 3.456
20.33 6.565 3.4454
20.34 6.5756 3.4348
20.35 6.5862 3.4242
20.36 6.5968 3.4136
20.37 6.6074 3.403
20.38 6.618 3.3924
20.39 6.6286 3.3818
20.4 6.6392 3.3712
20.41 6.6498 3.3606
20.42 6.6604 3.35
20.43 6.671 3.3394
20.44 6.6816 3.3288
20.45 6.6922 3.3182
20.46 6.7028 3.3076
20.47 6.7134 3.297
20.48 6.724 3.2864
20.49 6.7346 3.2758
20.5 6.7452 3.2652
20.51 6.7558 3.2546
20.52 6.7664 3.244
20.53 6.777 3.2334
20.54 6.7876 3.2228
20.55 6.7982 3.2122
20.56 6.8088 3.2016
20.57 6.8194 3.191
20.58 6.83 3.1804
20.59 6.8406 3.1698
20.6 6.8512 3.1592
20.61 6.8618 3.1486
20.62 6.8724 3.138
20.63 6.883 3.1274
20.64 6.8936 3.1168
20.65 6.9042 3.1062
20.66 6.9148 3.0956
20.67 6.9254 3.085
20.68 6.936 3.0744
20.69 6.9466 3.0638
20.7 6.9572 3.0532
20.71 6.9678 3.0426
20.72 6.9784 3.032
20.73 6.989 3.0214
20.74 6.9996 3.0108
20.75 7.0102 3.0002
20.76 7.0208 2.9896
20.77 7.0314 2.979
20.78 7.042 2.9684
20.79 7.0526 2.9578
20.8 7.0632 2.9472
20.81 7.0738 2.9366
20.82 7.0844 2.926
20.83 7.095 2.9154
20.84 7.1056 2.9048
20.85 7.1162 2.8942
20.86 7.1268 2.8836
20.87 7.1374 2.873
20.88 7.148 2.8624
20.89 7.1586 2.8518
20.9 7.1692 2.8412
20.91 7.1798 2.8306
20.92 7.1904 2.82
20.93 7.201 2.8094
20.94 7.2116 2.7988
20.95 7.2222 2.7882
20.96 7.2328 2.7776
20.97 7.2434 2.767
20.98 7.254 2.7564
20.99 7.2646 2.7458
21.0 7.2752 2.7352
21.01 7.2858 2.7246
21.02 7.2964 2.714
21.03 7.307 2.7034
21.04 7.3176 2.6928
21.05 7.3282 2.6822
21.06 7.3388 2.6716
21.07 7.3494 2.661
21.08 7.36 2.6504
21.09 7.3706 2.6398
21.1 7.3812 2.6292
21.11 7.3918 2.6186
21.12 7.4024 2.608
21.13 7.413 2.5974
21.14 7.4236 2.5868
21.15 7.4342 2.5762
21.16 7.4448 2.5656
21.17 7.4554 2.555
21.18 7.466 2.5444
21.19 7.4766 2.5338
21.2 7.4872 2.5232
21.21 7.4978 2.5126
21.22 7.5084 2.502
21.23 7.519 2.4914
21.24 7.5296 2.4808
21.25 7.5402 2.4702
21.26 7.5508 2.4596
21.27 7.5614 2.449
21.28 7.572 2.4384
21.29 7.5826 2.4278
21.3 7.5932 2.4172
21.31 7.6038 2.4066
21.32 7.6144 2.396
21.33 7.625 2.3854
21.34 7.6356 2.3748
21.35 7.6462 2.3642
21.36 7.6568 2.3536
21.37 7.6674 2.343
21.38 7.678 2.3324
21.39 7.6886 2.3218
21.4 7.6992 2.3112
21.41 7.7098 2.3006
21.42 7.7204 2.29
21.43 7.731 2.2794
21.44 7.7416 2.2688
21.45 7.7522 2.2582
21.46 7.7628 2.2476
21.47 7.7734 2.237
21.48 7.784 2.2264
21.49 7.7946 2.2158
21.5 7.8052 2.2052
21.51 7.8158 2.1946
21.52 7.8264 2.184
21.53 7.837 2.1734
21.54 7.8476 2.1628
21.55 7.8582 2.1522
21.56 7.8688 2.1416
21.57 7.8794 2.131
21.58 7.89 2.1204
21.59 7.9006 2.1098
21.6 7.9112 2.0992
21.61 7.9218 2.0886
21.62 7.9324 2.078
21.63 7.943 2.0674
21.64 7.9536 2.0568
21.65 7.9642 2.0462
21.66 7.9748 2.0356
21.67 7.9854 2.025
21.68 7.996 2.0144
21.69 8.0066 2.0038
21.7 8.0172 1.9932
21.71 8.0278 1.9826
21.72 8.0384 1.972
21.73 8.049 1.9614
21.74 8.0596 1.9508
21.75 8.0702 1.9402
21.76 8.0808 1.9296
21.77 8.0914 1.919
21.78 8.102 1.9084
21.79 8.1126 1.8978
21.8 8.1232 1.8872
21.81 8.1338 1.8766
21.82 8.1444 1.866
21.83 8.155 1.8554
21.84 8.1656 1.8448
21.85 8.1762 1.8342
21.86 8.1868 1.8236
21.87 8.1974 1.813
21.88 8.208 1.8024
21.89 8.2186 1.7918
21.9 8.2292 1.7812
21.91 8.2398 1.7706
21.92 8.2504 1.76
21.93 8.261 1.7494
21.94 8.2716 1.7388
21.95 8.2822 1.7282
21.96 8.2928 1.7176
21.97 8.3034 1.707
21.98 8.314 1.6964
21.99 8.3246 1.6858
22.0 8.3352 1.6752
22.01 8.3458 1.6646
22.02 8.3564 1.654
22.03 8.367 1.6434
22.04 8.3776 1.6328
22.05 8.3882 1.6222
22.06 8.3988 1.6116
22.07 8.4094 1.601
22.08 8.42 1.5904
22.09 8.4306 1.5798
22.1 8.4412 1.5692
22.11 8.4518 1.5586
22.12 8.4624 1.548
22.13 8.473 1.5374
22.14 8.4836 1.5268
22.15 8.4942 1.5162
22.16 8.5048 1.5056
22.17 8.5154 1.495
22.18 8.526 1.4844
22.19 8.5366 1.4738
22.2 8.5472 1.4632
22.21 8.5578 1.4526
22.22 8.5684 1.442
22.23 8.579 1.4314
22.24 8.5896 1.4208
22.25 8.6002 1.4102
22.26 8.6108 1.3996
22.27 8.6214 1.389
22.28 8.632 1.3784
22.29 8.6426 1.3678
22.3 8.6532 1.3572
22.31 8.6638 1.3466
22.32 8.6744 1.336
22.33 8.685 1.3254
22.34 8.6956 1.3148
22.35 8.7062 1.3042
22.36 8.7168 1.2936
22.37 8.7274 1.283
22.38 8.738 1.2724
22.39 8.7486 1.2618
22.4 8.7592 1.2512
22.41 8.7698 1.2406
22.42 8.7804 1.23
22.43 8.791 1.2194
22.44 8.8016 1.2088
22.45 8.8122 1.1982
22.46 8.8228 1.1876
22.47 8.8334 1.177
22.48 8.844 1.1664
22.49 8.8546 1.1558
22.5 8.8652 1.1452
22.51 8.8758 1.1346
22.52 8.8864 1.124
22.53 8.897 1.1134
22.54 8.9076 1.1028
22.55 8.9182 1.0922
22.56 8.9288 1.0816
22.57 8.9394 1.071
22.58 8.95 1.0604
22.59 8.9606 1.0498
22.6 8.9712 1.0392
22.61 8.9818 1.0286
22.62 8.9924 1.018
22.63 9.003 1.0074
22.64 9.0136 0.9968
22.65 9.0242 0.9862
22.66 9.0348 0.9756
22.67 9.0454 0.965
22.68 9.056 0.9544
22.69 9.0666 0.9438
22.7 9.0772 0.9332
22.71 9.0878 0.9226
22.72 9.0984 0.912
22.73 9.109 0.9014
22.74 9.1196 0.8908
22.75 9.1302 0.8802
22.76 9.1408 0.8696
22.77 9.1514 0.859
22.78 9.162 0.8484
22.79 9.1726 0.8378
22.8 9.1832 0.8272
22.81 9.1938 0.8166
22.82 9.2044 0.806
22.83 9.215 0.7954
22.84 9.2256 0.7848
22.85 9.2362 0.7742
22.86 9.2468 0.7636
22.87 9.2574 0.753
22.88 9.268 0.7424
22.89 9.2786 0.7318
22.9 9.2892 0.7212
22.91 9.2998 0.7106
22.92 9.3104 0.7
22.93 9.321 0.6894
22.94 9.3316 0.6788
22.95 9.3422 0.6682
22.96 9.3528 0.6576
22.97 9.3634 0.647
22.98 9.374 0.6364
22.99 9.3846 0.6258
23.0 9.3952 0.6152
23.01 9.4058 0.6046
23.02 9.4164 0.594
23.03 9.427 0.5834
23.04 9.4376 0.5728
23.05 9.4482 0.5622
23.06 9.4588 0.5516
23.07 9.4694 0.541
23.08 9.48 0.5304
23.09 9.4906 0.5198
23.1 9.5012 0.5092
23.11 9.5118 0.4986
23.12 9.5224 0.488
23.13 9.533 0.4774
23.14 9.5436 0.4668
23.15 9.5542 0.4562
23.16 9.5648 0.4456
23.17 9.5754 0.435
23.18 9.586 0.4244
23.19 9.5966 0.4138
23.2 9.6072 0.4032
23.21 9.6178 0.3926
23.22 9.6284 0.382
23.23 9.639 0.3714
23.24 9.6496 0.3608
23.25 9.6602 0.3502
23.26 9.6708 0.3396
23.27 9.6814 0.329
23.28 9.692 0.3184
23.29 9.7026 0.3078
23.3 9.7132 0.2972
23.31 9.7238 0.2866
23.32 9.7344 0.276
23.33 9.745 0.2654
23.34 9.7556 0.2548
23.35 9.7662 0.2442
23.36 9.7768 0.2336
23.37 9.7874 0.223
23.38 9.798 0.2124
23.39 9.8086 0.2018
23.4 9.8192 0.1912
23.41 9.8298 0.1806
23.42 9.8404 0.17
23.43 9.851 0.1594
23.44 9.8616 0.1488
23.45 9.8722 0.1382
23.46 9.8828 0.1276
23.47 9.8934 0.117
23.48 9.904 0.1064
23.49 9.9146 0.0958
23.5 9.9252 0.0852
23.51 9.9358 0.0746
23.52 9.9464 0.064
23.53 9.957 0.0534
23.54 9.9676 0.0428
23.55 9.9782 0.0322
23.56 9.9888 0.0216
23.57 9.9994 0.011
