0.04 0.015 10.0
0.05 0.03 10.0
0.06 0.045 10.0
0.07 0.06 10.0
0.08 0.075 10.0
0.09 0.09 10.0
0.1 0.105 10.0
0.11 0.12 10.0
0.12 0.135 10.0
0.13 0.15 10.0
0.14 0.165 10.0
0.15 0.18 10.0
0.16 0.195 10.0
0.17 0.21 10.0
0.18 0.225 10.0
0.19 0.24 10.0
0.2 0.255 10.0
0.21 0.27 10.0
0.22 0.285 10.0
0.23 0.3 10.0
0.24 0.315 10.0
0.25 0.33 10.0
0.26 0.345 10.0
0.27 0.36 10.0
0.28 0.375 10.0
0.29 0.39 10.0
0.3 0.405 10.0
0.31 0.42 10.0
0.32 0.435 10.0
0.33 0.45 10.0
0.34 0.465 10.0
0.35 0.48 10.0
0.36 0.495 10.0
0.37 0.51 10.0
0.38 0.525 10.0
0.39 0.54 10.0
0.4 0.555 10.0
0.41 0.57 10.0
0.42 0.585 10.0
0.43 0.6 10.0
0.44 0.615 10.0
0.45 0.63 10.0
0.46 0.645 10.0
0.47 0.66 10.0
0.48 0.675 10.0
0.49 0.69 10.0
0.5 0.705 10.0
0.51 0.72 10.0
0.52 0.735 10.0
0.53 0.75 10.0
0.54 0.765 10.0
0.55 0.78 10.0
0.56 0.795 10.0
0.57 0.81 10.0
0.58 0.825 10.0
0.59 0.84 10.0
0.6 0.855 10.0
0.61 0.87 10.0
0.62 0.885 10.0
0.63 0.9 10.0
0.64 0.915 10.0
0.65 0.93 10.0
0.66 0.945 10.0
0.67 0.96 10.0
0.68 0.975 10.0
0.69 0.99 10.0
0.7 1.005 10.0
0.71 1.02 10.0
0.72 1.035 10.0
0.73 1.05 10.0
0.74 1.065 10.0
0.75 1.08 10.0
0.76 1.095 10.0
0.77 1.11 10.0
0.78 1.125 10.0
0.79 1.14 10.0
0.8 1.155 10.0
0.81 1.17 10.0
0.82 1.185 10.0
0.83 1.2 10.0
0.84 1.215 10.0
0.85 1.23 10.0
0.86 1.245 10.0
0.87 1.26 10.0
0.88 1.275 10.0
0.89 1.29 10.0
0.9 1.305 10.0
0.91 1.32 10.0
0.92 1.335 10.0
0.93 1.35 10.0
0.94 1.365 10.0
0.95 1.38 10.0
0.96 1.395 10.0
0.97 1.41 10.0
0.98 1.425 10.0
0.99 1.44 10.0
1.0 1.455 10.0
1.01 1.47 10.0
1.02 1.485 10.0
1.03 1.5 10.0
1.04 1.515 10.0
1.05 1.53 10.0
1.06 1.545 10.0
1.07 1.56 10.0
1.08 1.575 10.0
1.09 1.59 10.0
1.1 1.605 10.0
1.11 1.62 10.0
1.12 1.635 10.0
1.13 1.65 10.0
1.14 1.665 10.0
1.15 1.68 10.0
1.16 1.695 10.0
1.17 1.71 10.0
1.18 1.725 10.0
1.19 1.74 10.0
1.2 1.755 10.0
1.21 1.77 10.0
1.22 1.785 10.0
1.23 1.8 10.0
1.24 1.815 10.0
1.25 1.83 10.0
1.26 1.845 10.0
1.27 1.86 10.0
1.28 1.875 10.0
1.29 1.89 10.0
1.3 1.905 10.0
1.31 1.92 10.0
1.32 1.935 10.0
1.33 1.95 10.0
1.34 1.965 10.0
1.35 1.98 10.0
1.36 1.995 10.0
1.37 2.01 10.0
1.38 2.025 10.0
1.39 2.04 10.0
1.4 2.055 10.0
1.41 2.07 10.0
1.42 2.085 10.0
1.43 2.1 10.0
1.44 2.115 10.0
1.45 2.13 10.0
1.46 2.145 10.0
1.47 2.16 10.0
1.48 2.175 10.0
1.49 2.19 10.0
1.5 2.205 10.0
1.51 2.22 10.0
1.52 2.235 10.0
1.53 2.25 10.0
1.54 2.265 10.0
1.55 2.28 10.0
1.56 2.295 10.0
1.57 2.31 10.0
1.58 2.325 10.0
1.59 2.34 10.0
1.6 2.355 10.0
1.61 2.37 10.0
1.62 2.385 10.0
1.63 2.4 10.0
1.64 2.415 10.0
1.65 2.43 10.0
1.66 2.445 10.0
1.67 2.46 10.0
1.68 2.475 10.0
1.69 2.49 10.0
1.7 2.505 10.0
1.71 2.52 10.0
1.72 2.535 10.0
1.73 2.55 10.0
1.74 2.565 10.0
1.75 2.58 10.0
1.76 2.595 10.0
1.77 2.61 10.0
1.78 2.625 10.0
1.79 2.64 10.0
1.8 2.655 10.0
1.81 2.67 10.0
1.82 2.685 10.0
1.83 2.7 10.0
1.84 2.715 10.0
1.85 2.73 10.0
1.86 2.745 10.0
1.87 2.76 10.0
1.88 2.775 10.0
1.89 2.79 10.0
1.9 2.805 10.0
1.91 2.82 10.0
1.92 2.835 10.0
1.93 2.85 10.0
1.94 2.865 10.0
1.95 2.88 10.0
1.96 2.895 10.0
1.97 2.91 10.0
1.98 2.925 10.0
1.99 2.94 10.0
2.0 2.955 10.0
2.01 2.97 10.0
2.02 2.985 10.0
2.03 3.0 10.0
2.04 3.015 10.0
2.05 3.03 10.0
2.06 3.045 10.0
2.07 3.06 10.0
2.08 3.075 10.0
2.09 3.09 10.0
2.1 3.105 10.0
2.11 3.12 10.0
2.12 3.135 10.0
2.13 3.15 10.0
2.14 3.165 10.0
2.15 3.18 10.0
2.16 3.195 10.0
2.17 3.21 10.0
2.18 3.225 10.0
2.19 3.24 10.0
2.2 3.255 10.0
2.21 3.27 10.0
2.22 3.285 10.0
2.23 3.3 10.0
2.24 3.315 10.0
2.25 3.33 10.0
2.26 3.345 10.0
2.27 3.36 10.0
2.28 3.375 10.0
2.29 3.39 10.0
2.3 3.405 10.0
2.31 3.42 10.0
2.32 3.435 10.0
2.33 3.45 10.0
2.34 3.465 10.0
2.35 3.48 10.0
2.36 3.495 10.0
2.37 3.51 10.0
2.38 3.525 10.0
2.39 3.54 10.0
2.4 3.555 10.0
2.41 3.57 10.0
2.42 3.585 10.0
2.43 3.6 10.0
2.44 3.615 10.0
2.45 3.63 10.0
2.46 3.645 10.0
2.47 3.66 10.0
2.48 3.675 10.0
2.49 3.69 10.0
2.5 3.705 10.0
2.51 3.72 10.0
2.52 3.735 10.0
2.53 3.75 10.0
2.54 3.765 10.0
2.55 3.78 10.0
2.56 3.795 10.0
2.57 3.81 10.0
2.58 3.825 10.0
2.59 3.84 10.0
2.6 3.855 10.0
2.61 3.87 10.0
2.62 3.885 10.0
2.63 3.9 10.0
2.64 3.915 10.0
2.65 3.93 10.0
2.66 3.945 10.0
2.67 3.96 10.0
2.68 3.975 10.0
2.69 3.99 10.0
2.7 4.005 10.0
2.71 4.02 10.0
2.72 4.035 10.0
2.73 4.05 10.0
2.74 4.065 10.0
2.75 4.08 10.0
2.76 4.095 10.0
2.77 4.11 10.0
2.78 4.125 10.0
2.79 4.14 10.0
2.8 4.155 10.0
2.81 4.17 10.0
2.82 4.185 10.0
2.83 4.2 10.0
2.84 4.215 10.0
2.85 4.23 10.0
2.86 4.245 10.0
2.87 4.26 10.0
2.88 4.275 10.0
2.89 4.29 10.0
2.9 4.305 10.0
2.91 4.32 10.0
2.92 4.335 10.0
2.93 4.35 10.0
2.94 4.365 10.0
2.95 4.38 10.0
2.96 4.395 10.0
2.97 4.41 10.0
2.98 4.425 10.0
2.99 4.44 10.0
3.0 4.455 10.0
3.01 4.47 10.0
3.02 4.485 10.0
3.03 4.5 10.0
3.04 4.515 10.0
3.05 4.53 10.0
3.06 4.545 10.0
3.07 4.56 10.0
3.08 4.575 10.0
3.09 4.59 10.0
3.1 4.605 10.0
3.11 4.62 10.0
3.12 4.635 10.0
3.13 4.65 10.0
3.14 4.665 10.0
3.15 4.68 10.0
3.16 4.695 10.0
3.17 4.71 10.0
3.18 4.725 10.0
3.19 4.74 10.0
3.2 4.755 10.0
3.21 4.77 10.0
3.22 4.785 10.0
3.23 4.8 10.0
3.24 4.815 10.0
3.25 4.83 10.0
3.26 4.845 10.0
3.27 4.86 10.0
3.28 4.875 10.0
3.29 4.89 10.0
3.3 4.905 10.0
3.31 4.92 10.0
3.32 4.935 10.0
3.33 4.95 10.0
3.34 4.965 10.0
3.35 4.98 10.0
3.36 4.995 10.0
3.37 5.01 10.0
3.38 5.025 10.0
3.39 5.04 10.0
3.4 5.055 10.0
3.41 5.07 10.0
3.42 5.085 10.0
3.43 5.1 10.0
3.44 5.115 10.0
3.45 5.13 10.0
3.46 5.145 10.0
3.47 5.16 10.0
3.48 5.175 10.0
3.49 5.19 10.0
3.5 5.205 10.0
3.51 5.22 10.0
3.52 5.235 10.0
3.53 5.25 10.0
3.54 5.265 10.0
3.55 5.28 10.0
3.56 5.295 10.0
3.57 5.31 10.0
3.58 5.325 10.0
3.59 5.34 10.0
3.6 5.355 10.0
3.61 5.37 10.0
3.62 5.385 10.0
3.63 5.4 10.0
3.64 5.415 10.0
3.65 5.43 10.0
3.66 5.445 10.0
3.67 5.46 10.0
3.68 5.475 10.0
3.69 5.49 10.0
3.7 5.505 10.0
3.71 5.52 10.0
3.72 5.535 10.0
3.73 5.55 10.0
3.74 5.565 10.0
3.75 5.58 10.0
3.76 5.595 10.0
3.77 5.61 10.0
3.78 5.625 10.0
3.79 5.64 10.0
3.8 5.655 10.0
3.81 5.67 10.0
3.82 5.685 10.0
3.83 5.7 10.0
3.84 5.715 10.0
3.85 5.73 10.0
3.86 5.745 10.0
3.87 5.76 10.0
3.88 5.775 10.0
3.89 5.79 10.0
3.9 5.805 10.0
3.91 5.82 10.0
3.92 5.835 10.0
3.93 5.85 10.0
3.94 5.865 10.0
3.95 5.88 10.0
3.96 5.895 10.0
3.97 5.91 10.0
3.98 5.925 10.0
3.99 5.94 10.0
4.0 5.955 10.0
4.01 5.97 10.0
4.02 5.985 10.0
4.03 6.0 10.0
4.04 6.015 10.0
4.05 6.03 10.0
4.06 6.045 10.0
4.07 6.06 10.0
4.08 6.075 10.0
4.09 6.09 10.0
4.1 6.105 10.0
4.11 6.12 10.0
4.12 6.135 10.0
4.13 6.15 10.0
4.14 6.165 10.0
4.15 6.18 10.0
4.16 6.195 10.0
4.17 6.21 10.0
4.18 6.225 10.0
4.19 6.24 10.0
4.2 6.255 10.0
4.21 6.27 10.0
4.22 6.285 10.0
4.23 6.3 10.0
4.24 6.315 10.0
4.25 6.33 10.0
4.26 6.345 10.0
4.27 6.36 10.0
4.28 6.375 10.0
4.29 6.39 10.0
4.3 6.405 10.0
4.31 6.42 10.0
4.32 6.435 10.0
4.33 6.45 10.0
4.34 6.465 10.0
4.35 6.48 10.0
4.36 6.495 10.0
4.37 6.51 10.0
4.38 6.525 10.0
4.39 6.54 10.0
4.4 6.555 10.0
4.41 6.57 10.0
4.42 6.585 10.0
4.43 6.6 10.0
4.44 6.615 10.0
4.45 6.63 10.0
4.46 6.645 10.0
4.47 6.66 10.0
4.48 6.675 10.0
4.49 6.69 10.0
4.5 6.705 10.0
4.51 6.72 10.0
4.52 6.735 10.0
4.53 6.75 10.0
4.54 6.765 10.0
4.55 6.78 10.0
4.56 6.795 10.0
4.57 6.81 10.0
4.58 6.825 10.0
4.59 6.84 10.0
4.6 6.855 10.0
4.61 6.87 10.0
4.62 6.885 10.0
4.63 6.9 10.0
4.64 6.915 10.0
4.65 6.93 10.0
4.66 6.945 10.0
4.67 6.96 10.0
4.68 6.975 10.0
4.69 6.99 10.0
4.7 7.005 10.0
4.71 7.02 10.0
4.72 7.035 10.0
4.73 7.05 10.0
4.74 7.065 10.0
4.75 7.08 10.0
4.76 7.095 10.0
4.77 7.11 10.0
4.78 7.125 10.0
4.79 7.14 10.0
4.8 7.155 10.0
4.81 7.17 10.0
4.82 7.185 10.0
4.83 7.2 10.0
4.84 7.215 10.0
4.85 7.23 10.0
4.86 7.245 10.0
4.87 7.26 10.0
4.88 7.275 10.0
4.89 7.29 10.0
4.9 7.305 10.0
4.91 7.32 10.0
4.92 7.335 10.0
4.93 7.35 10.0
4.94 7.365 10.0
4.95 7.38 10.0
4.96 7.395 10.0
4.97 7.41 10.0
4.98 7.425 10.0
4.99 7.44 10.0
5.0 7.455 10.0
5.01 7.47 10.0
5.02 7.485 10.0
5.03 7.5 10.0
5.04 7.515 10.0
5.05 7.53 10.0
5.06 7.545 10.0
5.07 7.56 10.0
5.08 7.575 10.0
5.09 7.59 10.0
5.1 7.605 10.0
5.11 7.62 10.0
5.12 7.635 10.0
5.13 7.65 10.0
5.14 7.665 10.0
5.15 7.68 10.0
5.16 7.695 10.0
5.17 7.71 10.0
5.18 7.725 10.0
5.19 7.74 10.0
5.2 7.755 10.0
5.21 7.77 10.0
5.22 7.785 10.0
5.23 7.8 10.0
5.24 7.815 10.0
5.25 7.83 10.0
5.26 7.845 10.0
5.27 7.86 10.0
5.28 7.875 10.0
5.29 7.89 10.0
5.3 7.905 10.0
5.31 7.92 10.0
5.32 7.935 10.0
5.33 7.95 10.0
5.34 7.965 10.0
5.35 7.98 10.0
5.36 7.995 10.0
5.37 8.01 10.0
5.38 8.025 10.0
5.39 8.04 10.0
5.4 8.055 10.0
5.41 8.07 10.0
5.42 8.085 10.0
5.43 8.1 10.0
5.44 8.115 10.0
5.45 8.13 10.0
5.46 8.145 10.0
5.47 8.16 10.0
5.48 8.175 10.0
5.49 8.19 10.0
5.5 8.205 10.0
5.51 8.22 10.0
5.52 8.235 10.0
5.53 8.25 10.0
5.54 8.265 10.0
5.55 8.28 10.0
5.56 8.295 10.0
5.57 8.31 10.0
5.58 8.325 10.0
5.59 8.34 10.0
5.6 8.355 10.0
5.61 8.37 10.0
5.62 8.385 10.0
5.63 8.4 10.0
5.64 8.415 10.0
5.65 8.43 10.0
5.66 8.445 10.0
5.67 8.46 10.0
5.68 8.475 10.0
5.69 8.49 10.0
5.7 8.505 10.0
5.71 8.52 10.0
5.72 8.535 10.0
5.73 8.55 10.0
5.74 8.565 10.0
5.75 8.58 10.0
5.76 8.595 10.0
5.77 8.61 10.0
5.78 8.625 10.0
5.79 8.64 10.0
5.8 8.655 10.0
5.81 8.67 10.0
5.82 8.685 10.0
5.83 8.7 10.0
5.84 8.715 10.0
5.85 8.73 10.0
5.86 8.745 10.0
5.87 8.76 10.0
5.88 8.775 10.0
5.89 8.79 10.0
5.9 8.805 10.0
5.91 8.82 10.0
5.92 8.835 10.0
5.93 8.85 10.0
5.94 8.865 10.0
5.95 8.88 10.0
5.96 8.895 10.0
5.97 8.91 10.0
5.98 8.925 10.0
5.99 8.94 10.0
6.0 8.955 10.0
6.01 8.97 10.0
6.02 8.985 10.0
6.03 9.0 10.0
6.04 9.015 10.0
6.05 9.03 10.0
6.06 9.045 10.0
6.07 9.06 10.0
6.08 9.075 10.0
6.09 9.09 10.0
6.1 9.105 10.0
6.11 9.12 10.0
6.12 9.135 10.0
6.13 9.15 10.0
6.14 9.165 10.0
6.15 9.18 10.0
6.16 9.195 10.0
6.17 9.21 10.0
6.18 9.225 10.0
6.19 9.24 10.0
6.2 9.255 10.0
6.21 9.27 10.0
6.22 9.285 10.0
6.23 9.3 10.0
6.24 9.315 10.0
6.25 9.33 10.0
6.26 9.345 10.0
6.27 9.36 10.0
6.28 9.375 10.0
6.29 9.39 10.0
6.3 9.405 10.0
6.31 9.42 10.0
6.32 9.435 10.0
6.33 9.45 10.0
6.34 9.465 10.0
6.35 9.48 10.0
6.36 9.495 10.0
6.37 9.51 10.0
6.38 9.525 10.0
6.39 9.54 10.0
6.4 9.555 10.0
6.41 9.57 10.0
6.42 9.585 10.0
6.43 9.6 10.0
6.44 9.615 10.0
6.45 9.63 10.0
6.46 9.645 10.0
6.47 9.66 10.0
6.48 9.675 10.0
6.49 9.69 10.0
6.5 9.705 10.0
6.51 9.72 10.0
6.52 9.735 10.0
6.53 9.75 10.0
6.54 9.765 10.0
6.55 9.78 10.0
6.56 9.795 10.0
6.57 9.81 10.0
6.58 9.825 10.0
6.59 9.84 10.0
6.6 9.855 10.0
6.61 9.87 10.0
6.62 9.885 10.0
6.63 9.9 10.0
6.64 9.915 10.0
6.65 9.93 10.0
6.66 9.945 10.0
6.67 9.96 10.0
6.68 9.975 10.0
6.69 9.99 10.0
6.7 10.005 10.0
