0.04 5.015 0.0
0.05 5.03 0.0
0.06 5.045 0.0
0.07 5.06 0.0
0.08 5.075 0.0
0.09 5.09 0.0
0.1 5.105 0.0
0.11 5.12 0.0
0.12 5.135 0.0
0.13 5.15 0.0
0.14 5.165 0.0
0.15 5.18 0.0
0.16 5.195 0.0
0.17 5.21 0.0
0.18 5.225 0.0
0.19 5.24 0.0
0.2 5.255 0.0
0.21 5.27 0.0
0.22 5.285 0.0
0.23 5.3 0.0
0.24 5.315 0.0
0.25 5.33 0.0
0.26 5.345 0.0
0.27 5.36 0.0
0.28 5.375 0.0
0.29 5.39 0.0
0.3 5.405 0.0
0.31 5.42 0.0
0.32 5.435 0.0
0.33 5.45 0.0
0.34 5.465 0.0
0.35 5.48 0.0
0.36 5.495 0.0
0.37 5.51 0.0
0.38 5.525 0.0
0.39 5.54 0.0
0.4 5.555 0.0
0.41 5.57 0.0
0.42 5.585 0.0
0.43 5.6 0.0
0.44 5.615 0.0
0.45 5.63 0.0
0.46 5.645 0.0
0.47 5.66 0.0
0.48 5.675 0.0
0.49 5.69 0.0
0.5 5.705 0.0
0.51 5.72 0.0
0.52 5.735 0.0
0.53 5.75 0.0
0.54 5.765 0.0
0.55 5.78 0.0
0.56 5.795 0.0
0.57 5.81 0.0
0.58 5.825 0.0
0.59 5.84 0.0
0.6 5.855 0.0
0.61 5.87 0.0
0.62 5.885 0.0
0.63 5.9 0.0
0.64 5.915 0.0
0.65 5.93 0.0
0.66 5.945 0.0
0.67 5.96 0.0
0.68 5.975 0.0
0.69 5.99 0.0
0.7 6.005 0.0
0.71 6.02 0.0
0.72 6.035 0.0
0.73 6.05 0.0
0.74 6.065 0.0
0.75 6.08 0.0
0.76 6.095 0.0
0.77 6.11 0.0
0.78 6.125 0.0
0.79 6.14 0.0
0.8 6.155 0.0
0.81 6.17 0.0
0.82 6.185 0.0
0.83 6.2 0.0
0.84 6.215 0.0
0.85 6.23 0.0
0.86 6.245 0.0
0.87 6.26 0.0
0.88 6.275 0.0
0.89 6.29 0.0
0.9 6.305 0.0
0.91 6.32 0.0
0.92 6.335 0.0
0.93 6.35 0.0
0.94 6.365 0.0
0.95 6.38 0.0
0.96 6.395 0.0
0.97 6.41 0.0
0.98 6.425 0.0
0.99 6.44 0.0
1.0 6.455 0.0
1.01 6.47 0.0
1.02 6.485 0.0
1.03 6.5 0.0
1.04 6.515 0.0
1.05 6.53 0.0
1.06 6.545 0.0
1.07 6.56 0.0
1.08 6.575 0.0
1.09 6.59 0.0
1.1 6.605 0.0
1.11 6.62 0.0
1.12 6.635 0.0
1.13 6.65 0.0
1.14 6.665 0.0
1.15 6.68 0.0
1.16 6.695 0.0
1.17 6.71 0.0
1.18 6.725 0.0
1.19 6.74 0.0
1.2 6.755 0.0
1.21 6.77 0.0
1.22 6.785 0.0
1.23 6.8 0.0
1.24 6.815 0.0
1.25 6.83 0.0
1.26 6.845 0.0
1.27 6.86 0.0
1.28 6.875 0.0
1.29 6.89 0.0
1.3 6.905 0.0
1.31 6.92 0.0
1.32 6.935 0.0
1.33 6.95 0.0
1.34 6.965 0.0
1.35 6.98 0.0
1.36 6.995 0.0
1.37 7.01 0.0
1.38 7.025 0.0
1.39 7.04 0.0
1.4 7.055 0.0
1.41 7.07 0.0
1.42 7.085 0.0
1.43 7.1 0.0
1.44 7.115 0.0
1.45 7.13 0.0
1.46 7.145 0.0
1.47 7.16 0.0
1.48 7.175 0.0
1.49 7.19 0.0
1.5 7.205 0.0
1.51 7.22 0.0
1.52 7.235 0.0
1.53 7.25 0.0
1.54 7.265 0.0
1.55 7.28 0.0
1.56 7.295 0.0
1.57 7.31 0.0
1.58 7.325 0.0
1.59 7.34 0.0
1.6 7.355 0.0
1.61 7.37 0.0
1.62 7.385 0.0
1.63 7.4 0.0
1.64 7.415 0.0
1.65 7.43 0.0
1.66 7.445 0.0
1.67 7.46 0.0
1.68 7.475 0.0
1.69 7.49 0.0
1.7 7.505 0.0
1.71 7.52 0.0
1.72 7.535 0.0
1.73 7.55 0.0
1.74 7.565 0.0
1.75 7.58 0.0
1.76 7.595 0.0
1.77 7.61 0.0
1.78 7.625 0.0
1.79 7.64 0.0
1.8 7.655 0.0
1.81 7.67 0.0
1.82 7.685 0.0
1.83 7.7 0.0
1.84 7.715 0.0
1.85 7.73 0.0
1.86 7.745 0.0
1.87 7.76 0.0
1.88 7.775 0.0
1.89 7.79 0.0
1.9 7.805 0.0
1.91 7.82 0.0
1.92 7.835 0.0
1.93 7.85 0.0
1.94 7.865 0.0
1.95 7.88 0.0
1.96 7.895 0.0
1.97 7.91 0.0
1.98 7.925 0.0
1.99 7.94 0.0
2.0 7.955 0.0
2.01 7.97 0.0
2.02 7.985 0.0
2.03 8.0 0.0
2.04 8.015 0.0
2.05 8.03 0.0
2.06 8.045 0.0
2.07 8.06 0.0
2.08 8.075 0.0
2.09 8.09 0.0
2.1 8.105 0.0
2.11 8.12 0.0
2.12 8.135 0.0
2.13 8.15 0.0
2.14 8.165 0.0
2.15 8.18 0.0
2.16 8.195 0.0
2.17 8.21 0.0
2.18 8.225 0.0
2.19 8.24 0.0
2.2 8.255 0.0
2.21 8.27 0.0
2.22 8.285 0.0
2.23 8.3 0.0
2.24 8.315 0.0
2.25 8.33 0.0
2.26 8.345 0.0
2.27 8.36 0.0
2.28 8.375 0.0
2.29 8.39 0.0
2.3 8.405 0.0
2.31 8.42 0.0
2.32 8.435 0.0
2.33 8.45 0.0
2.34 8.465 0.0
2.35 8.48 0.0
2.36 8.495 0.0
2.37 8.51 0.0
2.38 8.525 0.0
2.39 8.54 0.0
2.4 8.555 0.0
2.41 8.57 0.0
2.42 8.585 0.0
2.43 8.6 0.0
2.44 8.615 0.0
2.45 8.63 0.0
2.46 8.645 0.0
2.47 8.66 0.0
2.48 8.675 0.0
2.49 8.69 0.0
2.5 8.705 0.0
2.51 8.72 0.0
2.52 8.735 0.0
2.53 8.75 0.0
2.54 8.765 0.0
2.55 8.78 0.0
2.56 8.795 0.0
2.57 8.81 0.0
2.58 8.825 0.0
2.59 8.84 0.0
2.6 8.855 0.0
2.61 8.87 0.0
2.62 8.885 0.0
2.63 8.9 0.0
2.64 8.915 0.0
2.65 8.93 0.0
2.66 8.945 0.0
2.67 8.96 0.0
2.68 8.975 0.0
2.69 8.99 0.0
2.7 9.005 0.0
2.71 9.02 0.0
2.72 9.035 0.0
2.73 9.05 0.0
2.74 9.065 0.0
2.75 9.08 0.0
2.76 9.095 0.0
2.77 9.11 0.0
2.78 9.125 0.0
2.79 9.14 0.0
2.8 9.155 0.0
2.81 9.17 0.0
2.82 9.185 0.0
2.83 9.2 0.0
2.84 9.215 0.0
2.85 9.23 0.0
2.86 9.245 0.0
2.87 9.26 0.0
2.88 9.275 0.0
2.89 9.29 0.0
2.9 9.305 0.0
2.91 9.32 0.0
2.92 9.335 0.0
2.93 9.35 0.0
2.94 9.365 0.0
2.95 9.38 0.0
2.96 9.395 0.0
2.97 9.41 0.0
2.98 9.425 0.0
2.99 9.44 0.0
3.0 9.455 0.0
3.01 9.47 0.0
3.02 9.485 0.0
3.03 9.5 0.0
3.04 9.515 0.0
3.05 9.53 0.0
3.06 9.545 0.0
3.07 9.56 0.0
3.08 9.575 0.0
3.09 9.59 0.0
3.1 9.605 0.0
3.11 9.62 0.0
3.12 9.635 0.0
3.13 9.65 0.0
3.14 9.665 0.0
3.15 9.68 0.0
3.16 9.695 0.0
3.17 9.71 0.0
3.18 9.725 0.0
3.19 9.74 0.0
3.2 9.755 0.0
3.21 9.77 0.0
3.22 9.785 0.0
3.23 9.8 0.0
3.24 9.815 0.0
3.25 9.83 0.0
3.26 9.845 0.0
3.27 9.86 0.0
3.28 9.875 0.0
3.29 9.89 0.0
3.3 9.905 0.0
3.31 9.92 0.0
3.32 9.935 0.0
3.33 9.95 0.0
3.34 9.965 0.0
3.35 9.98 0.0
3.36 9.995 0.0
3.37 10.01 0.0
