0.05 5.015 0.0
0.06 5.03 0.0
0.07 5.045 0.0
0.08 5.06 0.0
0.09 5.075 0.0
0.1 5.09 0.0
0.11 5.105 0.0
0.12 5.12 0.0
0.13 5.135 0.0
0.14 5.15 0.0
0.15 5.165 0.0
0.16 5.18 0.0
0.17 5.195 0.0
0.18 5.21 0.0
0.19 5.225 0.0
0.2 5.24 0.0
0.21 5.255 0.0
0.22 5.27 0.0
0.23 5.285 0.0
0.24 5.3 0.0
0.25 5.315 0.0
0.26 5.33 0.0
0.27 5.345 0.0
0.28 5.36 0.0
0.29 5.375 0.0
0.3 5.39 0.0
0.31 5.405 0.0
0.32 5.42 0.0
0.33 5.435 0.0
0.34 5.45 0.0
0.35 5.465 0.0
0.36 5.48 0.0
0.37 5.495 0.0
0.38 5.51 0.0
0.39 5.525 0.0
0.4 5.54 0.0
0.41 5.555 0.0
0.42 5.57 0.0
0.43 5.585 0.0
0.44 5.6 0.0
0.45 5.615 0.0
0.46 5.63 0.0
0.47 5.645 0.0
0.48 5.66 0.0
0.49 5.675 0.0
0.5 5.69 0.0
0.51 5.705 0.0
0.52 5.72 0.0
0.53 5.735 0.0
0.54 5.75 0.0
0.55 5.765 0.0
0.56 5.78 0.0
0.57 5.795 0.0
0.58 5.81 0.0
0.59 5.825 0.0
0.6 5.84 0.0
0.61 5.855 0.0
0.62 5.87 0.0
0.63 5.885 0.0
0.64 5.9 0.0
0.65 5.915 0.0
0.66 5.93 0.0
0.67 5.945 0.0
0.68 5.96 0.0
0.69 5.975 0.0
0.7 5.99 0.0
0.71 6.005 0.0
0.72 6.02 0.0
0.73 6.035 0.0
0.74 6.05 0.0
0.75 6.065 0.0
0.76 6.08 0.0
0.77 6.095 0.0
0.78 6.11 0.0
0.79 6.125 0.0
0.8 6.14 0.0
0.81 6.155 0.0
0.82 6.17 0.0
0.83 6.185 0.0
0.84 6.2 0.0
0.85 6.215 0.0
0.86 6.23 0.0
0.87 6.245 0.0
0.88 6.26 0.0
0.89 6.275 0.0
0.9 6.29 0.0
0.91 6.305 0.0
0.92 6.32 0.0
0.93 6.335 0.0
0.94 6.35 0.0
0.95 6.365 0.0
0.96 6.38 0.0
0.97 6.395 0.0
0.98 6.41 0.0
0.99 6.425 0.0
1.0 6.44 0.0
1.01 6.455 0.0
1.02 6.47 0.0
1.03 6.485 0.0
1.04 6.5 0.0
1.05 6.515 0.0
1.06 6.53 0.0
1.07 6.545 0.0
1.08 6.56 0.0
1.09 6.575 0.0
1.1 6.59 0.0
1.11 6.605 0.0
1.12 6.62 0.0
1.13 6.635 0.0
1.14 6.65 0.0
1.15 6.665 0.0
1.16 6.68 0.0
1.17 6.695 0.0
1.18 6.71 0.0
1.19 6.725 0.0
1.2 6.74 0.0
1.21 6.755 0.0
1.22 6.77 0.0
1.23 6.785 0.0
1.24 6.8 0.0
1.25 6.815 0.0
1.26 6.83 0.0
1.27 6.845 0.0
1.28 6.86 0.0
1.29 6.875 0.0
1.3 6.89 0.0
1.31 6.905 0.0
1.32 6.92 0.0
1.33 6.935 0.0
1.34 6.95 0.0
1.35 6.965 0.0
1.36 6.98 0.0
1.37 6.995 0.0
1.38 7.01 0.0
1.39 7.025 0.0
1.4 7.04 0.0
1.41 7.055 0.0
1.42 7.07 0.0
1.43 7.085 0.0
1.44 7.1 0.0
1.45 7.115 0.0
1.46 7.13 0.0
1.47 7.145 0.0
1.48 7.16 0.0
1.49 7.175 0.0
1.5 7.19 0.0
1.51 7.205 0.0
1.52 7.22 0.0
1.53 7.235 0.0
1.54 7.25 0.0
1.55 7.265 0.0
1.56 7.28 0.0
1.57 7.295 0.0
1.58 7.31 0.0
1.59 7.325 0.0
1.6 7.34 0.0
1.61 7.355 0.0
1.62 7.37 0.0
1.63 7.385 0.0
1.64 7.4 0.0
1.65 7.415 0.0
1.66 7.43 0.0
1.67 7.445 0.0
1.68 7.46 0.0
1.69 7.475 0.0
1.7 7.49 0.0
1.71 7.505 0.0
1.72 7.52 0.0
1.73 7.535 0.0
1.74 7.55 0.0
1.75 7.565 0.0
1.76 7.58 0.0
1.77 7.595 0.0
1.78 7.61 0.0
1.79 7.625 0.0
1.8 7.64 0.0
1.81 7.655 0.0
1.82 7.67 0.0
1.83 7.685 0.0
1.84 7.7 0.0
1.85 7.715 0.0
1.86 7.73 0.0
1.87 7.745 0.0
1.88 7.76 0.0
1.89 7.775 0.0
1.9 7.79 0.0
1.91 7.805 0.0
1.92 7.82 0.0
1.93 7.835 0.0
1.94 7.85 0.0
1.95 7.865 0.0
1.96 7.88 0.0
1.97 7.895 0.0
1.98 7.91 0.0
1.99 7.925 0.0
2.0 7.94 0.0
2.01 7.955 0.0
2.02 7.97 0.0
2.03 7.985 0.0
2.04 8.0 0.0
2.05 8.015 0.0
2.06 8.03 0.0
2.07 8.045 0.0
2.08 8.06 0.0
2.09 8.075 0.0
2.1 8.09 0.0
2.11 8.105 0.0
2.12 8.12 0.0
2.13 8.135 0.0
2.14 8.15 0.0
2.15 8.165 0.0
2.16 8.18 0.0
2.17 8.195 0.0
2.18 8.21 0.0
2.19 8.225 0.0
2.2 8.24 0.0
2.21 8.255 0.0
2.22 8.27 0.0
2.23 8.285 0.0
2.24 8.3 0.0
2.25 8.315 0.0
2.26 8.33 0.0
2.27 8.345 0.0
2.28 8.36 0.0
2.29 8.375 0.0
2.3 8.39 0.0
2.31 8.405 0.0
2.32 8.42 0.0
2.33 8.435 0.0
2.34 8.45 0.0
2.35 8.465 0.0
2.36 8.48 0.0
2.37 8.495 0.0
2.38 8.51 0.0
2.39 8.525 0.0
2.4 8.54 0.0
2.41 8.555 0.0
2.42 8.57 0.0
2.43 8.585 0.0
2.44 8.6 0.0
2.45 8.615 0.0
2.46 8.63 0.0
2.47 8.645 0.0
2.48 8.66 0.0
2.49 8.675 0.0
2.5 8.69 0.0
2.51 8.705 0.0
2.52 8.72 0.0
2.53 8.735 0.0
2.54 8.75 0.0
2.55 8.765 0.0
2.56 8.78 0.0
2.57 8.795 0.0
2.58 8.81 0.0
2.59 8.825 0.0
2.6 8.84 0.0
2.61 8.855 0.0
2.62 8.87 0.0
2.63 8.885 0.0
2.64 8.9 0.0
2.65 8.915 0.0
2.66 8.93 0.0
2.67 8.945 0.0
2.68 8.96 0.0
2.69 8.975 0.0
2.7 8.99 0.0
2.71 9.005 0.0
2.72 9.02 0.0
2.73 9.035 0.0
2.74 9.05 0.0
2.75 9.065 0.0
2.76 9.08 0.0
2.77 9.095 0.0
2.78 9.11 0.0
2.79 9.125 0.0
2.8 9.14 0.0
2.81 9.155 0.0
2.82 9.17 0.0
2.83 9.185 0.0
2.84 9.2 0.0
2.85 9.215 0.0
2.86 9.23 0.0
2.87 9.245 0.0
2.88 9.26 0.0
2.89 9.275 0.0
2.9 9.29 0.0
2.91 9.305 0.0
2.92 9.32 0.0
2.93 9.335 0.0
2.94 9.35 0.0
2.95 9.365 0.0
2.96 9.38 0.0
2.97 9.395 0.0
2.98 9.41 0.0
2.99 9.425 0.0
3.0 9.44 0.0
3.01 9.455 0.0
3.02 9.47 0.0
3.03 9.485 0.0
3.04 9.5 0.0
3.05 9.515 0.0
3.06 9.53 0.0
3.07 9.545 0.0
3.08 9.56 0.0
3.09 9.575 0.0
3.1 9.59 0.0
3.11 9.605 0.0
3.12 9.62 0.0
3.13 9.635 0.0
3.14 9.65 0.0
3.15 9.665 0.0
3.16 9.68 0.0
3.17 9.695 0.0
3.18 9.71 0.0
3.19 9.725 0.0
3.2 9.74 0.0
3.21 9.755 0.0
3.22 9.77 0.0
3.23 9.785 0.0
3.24 9.8 0.0
3.25 9.815 0.0
3.26 9.83 0.0
3.27 9.845 0.0
3.28 9.86 0.0
3.29 9.875 0.0
3.3 9.89 0.0
3.31 9.905 0.0
3.32 9.92 0.0
3.33 9.935 0.0
3.34 9.95 0.0
3.35 9.965 0.0
3.36 9.98 0.0
3.37 9.995 0.0
3.38 10.01 0.0
3.39 9.9994 0.0106
3.4 9.9888 0.0212
3.41 9.9782 0.0318
3.42 9.9676 0.0424
3.43 9.957 0.053
3.44 9.9464 0.0636
3.45 9.9358 0.0742
3.46 9.9252 0.0848
3.47 9.9146 0.0954
3.48 9.904 0.106
3.49 9.8934 0.1166
3.5 9.8828 0.1272
3.51 9.8722 0.1378
3.52 9.8616 0.1484
3.53 9.851 0.159
3.54 9.8404 0.1696
3.55 9.8298 0.1802
3.56 9.8192 0.1908
3.57 9.8086 0.2014
3.58 9.798 0.212
3.59 9.7874 0.2226
3.6 9.7768 0.2332
3.61 9.7662 0.2438
3.62 9.7556 0.2544
3.63 9.745 0.265
3.64 9.7344 0.2756
3.65 9.7238 0.2862
3.66 9.7132 0.2968
3.67 9.7026 0.3074
3.68 9.692 0.318
3.69 9.6814 0.3286
3.7 9.6708 0.3392
3.71 9.6602 0.3498
3.72 9.6496 0.3604
3.73 9.639 0.371
3.74 9.6284 0.3816
3.75 9.6178 0.3922
3.76 9.6072 0.4028
3.77 9.5966 0.4134
3.78 9.586 0.424
3.79 9.5754 0.4346
3.8 9.5648 0.4452
3.81 9.5542 0.4558
3.82 9.5436 0.4664
3.83 9.533 0.477
3.84 9.5224 0.4876
3.85 9.5118 0.4982
3.86 9.5012 0.5088
3.87 9.4906 0.5194
3.88 9.48 0.53
3.89 9.4694 0.5406
3.9 9.4588 0.5512
3.91 9.4482 0.5618
3.92 9.4376 0.5724
3.93 9.427 0.583
3.94 9.4164 0.5936
3.95 9.4058 0.6042
3.96 9.3952 0.6148
3.97 9.3846 0.6254
3.98 9.374 0.636
3.99 9.3634 0.6466
4.0 9.3528 0.6572
4.01 9.3422 0.6678
4.02 9.3316 0.6784
4.03 9.321 0.689
4.04 9.3104 0.6996
4.05 9.2998 0.7102
4.06 9.2892 0.7208
4.07 9.2786 0.7314
4.08 9.268 0.742
4.09 9.2574 0.7526
4.1 9.2468 0.7632
4.11 9.2362 0.7738
4.12 9.2256 0.7844
4.13 9.215 0.795
4.14 9.2044 0.8056
4.15 9.1938 0.8162
4.16 9.1832 0.8268
4.17 9.1726 0.8374
4.18 9.162 0.848
4.19 9.1514 0.8586
4.2 9.1408 0.8692
4.21 9.1302 0.8798
4.22 9.1196 0.8904
4.23 9.109 0.901
4.24 9.0984 0.9116
4.25 9.0878 0.9222
4.26 9.0772 0.9328
4.27 9.0666 0.9434
4.28 9.056 0.954
4.29 9.0454 0.9646
4.3 9.0348 0.9752
4.31 9.0242 0.9858
4.32 9.0136 0.9964
4.33 9.003 1.007
4.34 8.9924 1.0176
4.35 8.9818 1.0282
4.36 8.9712 1.0388
4.37 8.9606 1.0494
4.38 8.95 1.06
4.39 8.9394 1.0706
4.4 8.9288 1.0812
4.41 8.9182 1.0918
4.42 8.9076 1.1024
4.43 8.897 1.113
4.44 8.8864 1.1236
4.45 8.8758 1.1342
4.46 8.8652 1.1448
4.47 8.8546 1.1554
4.48 8.844 1.166
4.49 8.8334 1.1766
4.5 8.8228 1.1872
4.51 8.8122 1.1978
4.52 8.8016 1.2084
4.53 8.791 1.219
4.54 8.7804 1.2296
4.55 8.7698 1.2402
4.56 8.7592 1.2508
4.57 8.7486 1.2614
4.58 8.738 1.272
4.59 8.7274 1.2826
4.6 8.7168 1.2932
4.61 8.7062 1.3038
4.62 8.6956 1.3144
4.63 8.685 1.325
4.64 8.6744 1.3356
4.65 8.6638 1.3462
4.66 8.6532 1.3568
4.67 8.6426 1.3674
4.68 8.632 1.378
4.69 8.6214 1.3886
4.7 8.6108 1.3992
4.71 8.6002 1.4098
4.72 8.5896 1.4204
4.73 8.579 1.431
4.74 8.5684 1.4416
4.75 8.5578 1.4522
4.76 8.5472 1.4628
4.77 8.5366 1.4734
4.78 8.526 1.484
4.79 8.5154 1.4946
4.8 8.5048 1.5052
4.81 8.4942 1.5158
4.82 8.4836 1.5264
4.83 8.473 1.537
4.84 8.4624 1.5476
4.85 8.4518 1.5582
4.86 8.4412 1.5688
4.87 8.4306 1.5794
4.88 8.42 1.59
4.89 8.4094 1.6006
4.9 8.3988 1.6112
4.91 8.3882 1.6218
4.92 8.3776 1.6324
4.93 8.367 1.643
4.94 8.3564 1.6536
4.95 8.3458 1.6642
4.96 8.3352 1.6748
4.97 8.3246 1.6854
4.98 8.314 1.696
4.99 8.3034 1.7066
5.0 8.2928 1.7172
5.01 8.2822 1.7278
5.02 8.2716 1.7384
5.03 8.261 1.749
5.04 8.2504 1.7596
5.05 8.2398 1.7702
5.06 8.2292 1.7808
5.07 8.2186 1.7914
5.08 8.208 1.802
5.09 8.1974 1.8126
5.1 8.1868 1.8232
5.11 8.1762 1.8338
5.12 8.1656 1.8444
5.13 8.155 1.855
5.14 8.1444 1.8656
5.15 8.1338 1.8762
5.16 8.1232 1.8868
5.17 8.1126 1.8974
5.18 8.102 1.908
5.19 8.0914 1.9186
5.2 8.0808 1.9292
5.21 8.0702 1.9398
5.22 8.0596 1.9504
5.23 8.049 1.961
5.24 8.0384 1.9716
5.25 8.0278 1.9822
5.26 8.0172 1.9928
5.27 8.0066 2.0034
5.28 7.996 2.014
5.29 7.9854 2.0246
5.3 7.9748 2.0352
5.31 7.9642 2.0458
5.32 7.9536 2.0564
5.33 7.943 2.067
5.34 7.9324 2.0776
5.35 7.9218 2.0882
5.36 7.9112 2.0988
5.37 7.9006 2.1094
5.38 7.89 2.12
5.39 7.8794 2.1306
5.4 7.8688 2.1412
5.41 7.8582 2.1518
5.42 7.8476 2.1624
5.43 7.837 2.173
5.44 7.8264 2.1836
5.45 7.8158 2.1942
5.46 7.8052 2.2048
5.47 7.7946 2.2154
5.48 7.784 2.226
5.49 7.7734 2.2366
5.5 7.7628 2.2472
5.51 7.7522 2.2578
5.52 7.7416 2.2684
5.53 7.731 2.279
5.54 7.7204 2.2896
5.55 7.7098 2.3002
5.56 7.6992 2.3108
5.57 7.6886 2.3214
5.58 7.678 2.332
5.59 7.6674 2.3426
5.6 7.6568 2.3532
5.61 7.6462 2.3638
5.62 7.6356 2.3744
5.63 7.625 2.385
5.64 7.6144 2.3956
5.65 7.6038 2.4062
5.66 7.5932 2.4168
5.67 7.5826 2.4274
5.68 7.572 2.438
5.69 7.5614 2.4486
5.7 7.5508 2.4592
5.71 7.5402 2.4698
5.72 7.5296 2.4804
5.73 7.519 2.491
5.74 7.5084 2.5016
5.75 7.4978 2.5122
5.76 7.4872 2.5228
5.77 7.4766 2.5334
5.78 7.466 2.544
5.79 7.4554 2.5546
5.8 7.4448 2.5652
5.81 7.4342 2.5758
5.82 7.4236 2.5864
5.83 7.413 2.597
5.84 7.4024 2.6076
5.85 7.3918 2.6182
5.86 7.3812 2.6288
5.87 7.3706 2.6394
5.88 7.36 2.65
5.89 7.3494 2.6606
5.9 7.3388 2.6712
5.91 7.3282 2.6818
5.92 7.3176 2.6924
5.93 7.307 2.703
5.94 7.2964 2.7136
5.95 7.2858 2.7242
5.96 7.2752 2.7348
5.97 7.2646 2.7454
5.98 7.254 2.756
5.99 7.2434 2.7666
6.0 7.2328 2.7772
6.01 7.2222 2.7878
6.02 7.2116 2.7984
6.03 7.201 2.809
6.04 7.1904 2.8196
6.05 7.1798 2.8302
6.06 7.1692 2.8408
6.07 7.1586 2.8514
6.08 7.148 2.862
6.09 7.1374 2.8726
6.1 7.1268 2.8832
6.11 7.1162 2.8938
6.12 7.1056 2.9044
6.13 7.095 2.915
6.14 7.0844 2.9256
6.15 7.0738 2.9362
6.16 7.0632 2.9468
6.17 7.0526 2.9574
6.18 7.042 2.968
6.19 7.0314 2.9786
6.2 7.0208 2.9892
6.21 7.0102 2.9998
6.22 6.9996 3.0104
6.23 6.989 3.021
6.24 6.9784 3.0316
6.25 6.9678 3.0422
6.26 6.9572 3.0528
6.27 6.9466 3.0634
6.28 6.936 3.074
6.29 6.9254 3.0846
6.3 6.9148 3.0952
6.31 6.9042 3.1058
6.32 6.8936 3.1164
6.33 6.883 3.127
6.34 6.8724 3.1376
6.35 6.8618 3.1482
6.36 6.8512 3.1588
6.37 6.8406 3.1694
6.38 6.83 3.18
6.39 6.8194 3.1906
6.4 6.8088 3.2012
6.41 6.7982 3.2118
6.42 6.7876 3.2224
6.43 6.777 3.233
6.44 6.7664 3.2436
6.45 6.7558 3.2542
6.46 6.7452 3.2648
6.47 6.7346 3.2754
6.48 6.724 3.286
6.49 6.7134 3.2966
6.5 6.7028 3.3072
6.51 6.6922 3.3178
6.52 6.6816 3.3284
6.53 6.671 3.339
6.54 6.6604 3.3496
6.55 6.6498 3.3602
6.56 6.6392 3.3708
6.57 6.6286 3.3814
6.58 6.618 3.392
6.59 6.6074 3.4026
6.6 6.5968 3.4132
6.61 6.5862 3.4238
6.62 6.5756 3.4344
6.63 6.565 3.445
6.64 6.5544 3.4556
6.65 6.5438 3.4662
6.66 6.5332 3.4768
6.67 6.5226 3.4874
6.68 6.512 3.498
6.69 6.5014 3.5086
6.7 6.4908 3.5192
6.71 6.4802 3.5298
6.72 6.4696 3.5404
6.73 6.459 3.551
6.74 6.4484 3.5616
6.75 6.4378 3.5722
6.76 6.4272 3.5828
6.77 6.4166 3.5934
6.78 6.406 3.604
6.79 6.3954 3.6146
6.8 6.3848 3.6252
6.81 6.3742 3.6358
6.82 6.3636 3.6464
6.83 6.353 3.657
6.84 6.3424 3.6676
6.85 6.3318 3.6782
6.86 6.3212 3.6888
6.87 6.3106 3.6994
6.88 6.3 3.71
6.89 6.2894 3.7206
6.9 6.2788 3.7312
6.91 6.2682 3.7418
6.92 6.2576 3.7524
6.93 6.247 3.763
6.94 6.2364 3.7736
6.95 6.2258 3.7842
6.96 6.2152 3.7948
6.97 6.2046 3.8054
6.98 6.194 3.816
6.99 6.1834 3.8266
7.0 6.1728 3.8372
7.01 6.1622 3.8478
7.02 6.1516 3.8584
7.03 6.141 3.869
7.04 6.1304 3.8796
7.05 6.1198 3.8902
7.06 6.1092 3.9008
7.07 6.0986 3.9114
7.08 6.088 3.922
7.09 6.0774 3.9326
7.1 6.0668 3.9432
7.11 6.0562 3.9538
7.12 6.0456 3.9644
7.13 6.035 3.975
7.14 6.0244 3.9856
7.15 6.0138 3.9962
7.16 6.0032 4.0068
7.17 5.9926 4.0174
7.18 5.982 4.028
7.19 5.9714 4.0386
7.2 5.9608 4.0492
7.21 5.9502 4.0598
7.22 5.9396 4.0704
7.23 5.929 4.081
7.24 5.9184 4.0916
7.25 5.9078 4.1022
7.26 5.8972 4.1128
7.27 5.8866 4.1234
7.28 5.876 4.134
7.29 5.8654 4.1446
7.3 5.8548 4.1552
7.31 5.8442 4.1658
7.32 5.8336 4.1764
7.33 5.823 4.187
7.34 5.8124 4.1976
7.35 5.8018 4.2082
7.36 5.7912 4.2188
7.37 5.7806 4.2294
7.38 5.77 4.24
7.39 5.7594 4.2506
7.4 5.7488 4.2612
7.41 5.7382 4.2718
7.42 5.7276 4.2824
7.43 5.717 4.293
7.44 5.7064 4.3036
7.45 5.6958 4.3142
7.46 5.6852 4.3248
7.47 5.6746 4.3354
7.48 5.664 4.346
7.49 5.6534 4.3566
7.5 5.6428 4.3672
7.51 5.6322 4.3778
7.52 5.6216 4.3884
7.53 5.611 4.399
7.54 5.6004 4.4096
7.55 5.5898 4.4202
7.56 5.5792 4.4308
7.57 5.5686 4.4414
7.58 5.558 4.452
7.59 5.5474 4.4626
7.6 5.5368 4.4732
7.61 5.5262 4.4838
7.62 5.5156 4.4944
7.63 5.505 4.505
7.64 5.4944 4.5156
7.65 5.4838 4.5262
7.66 5.4732 4.5368
7.67 5.4626 4.5474
7.68 5.452 4.558
7.69 5.4414 4.5686
7.7 5.4308 4.5792
7.71 5.4202 4.5898
7.72 5.4096 4.6004
7.73 5.399 4.611
7.74 5.3884 4.6216
7.75 5.3778 4.6322
7.76 5.3672 4.6428
7.77 5.3566 4.6534
7.78 5.346 4.664
7.79 5.3354 4.6746
7.8 5.3248 4.6852
7.81 5.3142 4.6958
7.82 5.3036 4.7064
7.83 5.293 4.717
7.84 5.2824 4.7276
7.85 5.2718 4.7382
7.86 5.2612 4.7488
7.87 5.2506 4.7594
7.88 5.24 4.77
7.89 5.2294 4.7806
7.9 5.2188 4.7912
7.91 5.2082 4.8018
7.92 5.1976 4.8124
7.93 5.187 4.823
7.94 5.1764 4.8336
7.95 5.1658 4.8442
7.96 5.1552 4.8548
7.97 5.1446 4.8654
7.98 5.134 4.876
7.99 5.1234 4.8866
8.0 5.1128 4.8972
8.01 5.1022 4.9078
8.02 5.0916 4.9184
8.03 5.081 4.929
8.04 5.0704 4.9396
8.05 5.0598 4.9502
8.06 5.0492 4.9608
8.07 5.0386 4.9714
8.08 5.028 4.982
8.09 5.0174 4.9926
8.1 5.0068 5.0032
8.11 4.9962 5.0138
8.12 4.9856 5.0244
8.13 4.975 5.035
8.14 4.9644 5.0456
8.15 4.9538 5.0562
8.16 4.9432 5.0668
8.17 4.9326 5.0774
8.18 4.922 5.088
8.19 4.9114 5.0986
8.2 4.9008 5.1092
8.21 4.8902 5.1198
8.22 4.8796 5.1304
8.23 4.869 5.141
8.24 4.8584 5.1516
8.25 4.8478 5.1622
8.26 4.8372 5.1728
8.27 4.8266 5.1834
8.28 4.816 5.194
8.29 4.8054 5.2046
8.3 4.7948 5.2152
8.31 4.7842 5.2258
8.32 4.7736 5.2364
8.33 4.763 5.247
8.34 4.7524 5.2576
8.35 4.7418 5.2682
8.36 4.7312 5.2788
8.37 4.7206 5.2894
8.38 4.71 5.3
8.39 4.6994 5.3106
8.4 4.6888 5.3212
8.41 4.6782 5.3318
8.42 4.6676 5.3424
8.43 4.657 5.353
8.44 4.6464 5.3636
8.45 4.6358 5.3742
8.46 4.6252 5.3848
8.47 4.6146 5.3954
8.48 4.604 5.406
8.49 4.5934 5.4166
8.5 4.5828 5.4272
8.51 4.5722 5.4378
8.52 4.5616 5.4484
8.53 4.551 5.459
8.54 4.5404 5.4696
8.55 4.5298 5.4802
8.56 4.5192 5.4908
8.57 4.5086 5.5014
8.58 4.498 5.512
8.59 4.4874 5.5226
8.6 4.4768 5.5332
8.61 4.4662 5.5438
8.62 4.4556 5.5544
8.63 4.445 5.565
8.64 4.4344 5.5756
8.65 4.4238 5.5862
8.66 4.4132 5.5968
8.67 4.4026 5.6074
8.68 4.392 5.618
8.69 4.3814 5.6286
8.7 4.3708 5.6392
8.71 4.3602 5.6498
8.72 4.3496 5.6604
8.73 4.339 5.671
8.74 4.3284 5.6816
8.75 4.3178 5.6922
8.76 4.3072 5.7028
8.77 4.2966 5.7134
8.78 4.286 5.724
8.79 4.2754 5.7346
8.8 4.2648 5.7452
8.81 4.2542 5.7558
8.82 4.2436 5.7664
8.83 4.233 5.777
8.84 4.2224 5.7876
8.85 4.2118 5.7982
8.86 4.2012 5.8088
8.87 4.1906 5.8194
8.88 4.18 5.83
8.89 4.1694 5.8406
8.9 4.1588 5.8512
8.91 4.1482 5.8618
8.92 4.1376 5.8724
8.93 4.127 5.883
8.94 4.1164 5.8936
8.95 4.1058 5.9042
8.96 4.0952 5.9148
8.97 4.0846 5.9254
8.98 4.074 5.936
8.99 4.0634 5.9466
9.0 4.0528 5.9572
9.01 4.0422 5.9678
9.02 4.0316 5.9784
9.03 4.021 5.989
9.04 4.0104 5.9996
9.05 3.9998 6.0102
9.06 3.9892 6.0208
9.07 3.9786 6.0314
9.08 3.968 6.042
9.09 3.9574 6.0526
9.1 3.9468 6.0632
9.11 3.9362 6.0738
9.12 3.9256 6.0844
9.13 3.915 6.095
9.14 3.9044 6.1056
9.15 3.8938 6.1162
9.16 3.8832 6.1268
9.17 3.8726 6.1374
9.18 3.862 6.148
9.19 3.8514 6.1586
9.2 3.8408 6.1692
9.21 3.8302 6.1798
9.22 3.8196 6.1904
9.23 3.809 6.201
9.24 3.7984 6.2116
9.25 3.7878 6.2222
9.26 3.7772 6.2328
9.27 3.7666 6.2434
9.28 3.756 6.254
9.29 3.7454 6.2646
9.3 3.7348 6.2752
9.31 3.7242 6.2858
9.32 3.7136 6.2964
9.33 3.703 6.307
9.34 3.6924 6.3176
9.35 3.6818 6.3282
9.36 3.6712 6.3388
9.37 3.6606 6.3494
9.38 3.65 6.36
9.39 3.6394 6.3706
9.4 3.6288 6.3812
9.41 3.6182 6.3918
9.42 3.6076 6.4024
9.43 3.597 6.413
9.44 3.5864 6.4236
9.45 3.5758 6.4342
9.46 3.5652 6.4448
9.47 3.5546 6.4554
9.48 3.544 6.466
9.49 3.5334 6.4766
9.5 3.5228 6.4872
9.51 3.5122 6.4978
9.52 3.5016 6.5084
9.53 3.491 6.519
9.54 3.4804 6.5296
9.55 3.4698 6.5402
9.56 3.4592 6.5508
9.57 3.4486 6.5614
9.58 3.438 6.572
9.59 3.4274 6.5826
9.6 3.4168 6.5932
9.61 3.4062 6.6038
9.62 3.3956 6.6144
9.63 3.385 6.625
9.64 3.3744 6.6356
9.65 3.3638 6.6462
9.66 3.3532 6.6568
9.67 3.3426 6.6674
9.68 3.332 6.678
9.69 3.3214 6.6886
9.7 3.3108 6.6992
9.71 3.3002 6.7098
9.72 3.2896 6.7204
9.73 3.279 6.731
9.74 3.2684 6.7416
9.75 3.2578 6.7522
9.76 3.2472 6.7628
9.77 3.2366 6.7734
9.78 3.226 6.784
9.79 3.2154 6.7946
9.8 3.2048 6.8052
9.81 3.1942 6.8158
9.82 3.1836 6.8264
9.83 3.173 6.837
9.84 3.1624 6.8476
9.85 3.1518 6.8582
9.86 3.1412 6.8688
9.87 3.1306 6.8794
9.88 3.12 6.89
9.89 3.1094 6.9006
9.9 3.0988 6.9112
9.91 3.0882 6.9218
9.92 3.0776 6.9324
9.93 3.067 6.943
9.94 3.0564 6.9536
9.95 3.0458 6.9642
9.96 3.0352 6.9748
9.97 3.0246 6.9854
9.98 3.014 6.996
9.99 3.0034 7.0066
10.0 2.9928 7.0172
10.01 2.9822 7.0278
10.02 2.9716 7.0384
10.03 2.961 7.049
10.04 2.9504 7.0596
10.05 2.9398 7.0702
10.06 2.9292 7.0808
10.07 2.9186 7.0914
10.08 2.908 7.102
10.09 2.8974 7.1126
10.1 2.8868 7.1232
10.11 2.8762 7.1338
10.12 2.8656 7.1444
10.13 2.855 7.155
10.14 2.8444 7.1656
10.15 2.8338 7.1762
10.16 2.8232 7.1868
10.17 2.8126 7.1974
10.18 2.802 7.208
10.19 2.7914 7.2186
10.2 2.7808 7.2292
10.21 2.7702 7.2398
10.22 2.7596 7.2504
10.23 2.749 7.261
10.24 2.7384 7.2716
10.25 2.7278 7.2822
10.26 2.7172 7.2928
10.27 2.7066 7.3034
10.28 2.696 7.314
10.29 2.6854 7.3246
10.3 2.6748 7.3352
10.31 2.6642 7.3458
10.32 2.6536 7.3564
10.33 2.643 7.367
10.34 2.6324 7.3776
10.35 2.6218 7.3882
10.36 2.6112 7.3988
10.37 2.6006 7.4094
10.38 2.59 7.42
10.39 2.5794 7.4306
10.4 2.5688 7.4412
10.41 2.5582 7.4518
10.42 2.5476 7.4624
10.43 2.537 7.473
10.44 2.5264 7.4836
10.45 2.5158 7.4942
10.46 2.5052 7.5048
10.47 2.4946 7.5154
10.48 2.484 7.526
10.49 2.4734 7.5366
10.5 2.4628 7.5472
10.51 2.4522 7.5578
10.52 2.4416 7.5684
10.53 2.431 7.579
10.54 2.4204 7.5896
10.55 2.4098 7.6002
10.56 2.3992 7.6108
10.57 2.3886 7.6214
10.58 2.378 7.632
10.59 2.3674 7.6426
10.6 2.3568 7.6532
10.61 2.3462 7.6638
10.62 2.3356 7.6744
10.63 2.325 7.685
10.64 2.3144 7.6956
10.65 2.3038 7.7062
10.66 2.2932 7.7168
10.67 2.2826 7.7274
10.68 2.272 7.738
10.69 2.2614 7.7486
10.7 2.2508 7.7592
10.71 2.2402 7.7698
10.72 2.2296 7.7804
10.73 2.219 7.791
10.74 2.2084 7.8016
10.75 2.1978 7.8122
10.76 2.1872 7.8228
10.77 2.1766 7.8334
10.78 2.166 7.844
10.79 2.1554 7.8546
10.8 2.1448 7.8652
10.81 2.1342 7.8758
10.82 2.1236 7.8864
10.83 2.113 7.897
10.84 2.1024 7.9076
10.85 2.0918 7.9182
10.86 2.0812 7.9288
10.87 2.0706 7.9394
10.88 2.06 7.95
10.89 2.0494 7.9606
10.9 2.0388 7.9712
10.91 2.0282 7.9818
10.92 2.0176 7.9924
10.93 2.007 8.003
10.94 1.9964 8.0136
10.95 1.9858 8.0242
10.96 1.9752 8.0348
10.97 1.9646 8.0454
10.98 1.954 8.056
10.99 1.9434 8.0666
11.0 1.9328 8.0772
11.01 1.9222 8.0878
11.02 1.9116 8.0984
11.03 1.901 8.109
11.04 1.8904 8.1196
11.05 1.8798 8.1302
11.06 1.8692 8.1408
11.07 1.8586 8.1514
11.08 1.848 8.162
11.09 1.8374 8.1726
11.1 1.8268 8.1832
11.11 1.8162 8.1938
11.12 1.8056 8.2044
11.13 1.795 8.215
11.14 1.7844 8.2256
11.15 1.7738 8.2362
11.16 1.7632 8.2468
11.17 1.7526 8.2574
11.18 1.742 8.268
11.19 1.7314 8.2786
11.2 1.7208 8.2892
11.21 1.7102 8.2998
11.22 1.6996 8.3104
11.23 1.689 8.321
11.24 1.6784 8.3316
11.25 1.6678 8.3422
11.26 1.6572 8.3528
11.27 1.6466 8.3634
11.28 1.636 8.374
11.29 1.6254 8.3846
11.3 1.6148 8.3952
11.31 1.6042 8.4058
11.32 1.5936 8.4164
11.33 1.583 8.427
11.34 1.5724 8.4376
11.35 1.5618 8.4482
11.36 1.5512 8.4588
11.37 1.5406 8.4694
11.38 1.53 8.48
11.39 1.5194 8.4906
11.4 1.5088 8.5012
11.41 1.4982 8.5118
11.42 1.4876 8.5224
11.43 1.477 8.533
11.44 1.4664 8.5436
11.45 1.4558 8.5542
11.46 1.4452 8.5648
11.47 1.4346 8.5754
11.48 1.424 8.586
11.49 1.4134 8.5966
11.5 1.4028 8.6072
11.51 1.3922 8.6178
11.52 1.3816 8.6284
11.53 1.371 8.639
11.54 1.3604 8.6496
11.55 1.3498 8.6602
11.56 1.3392 8.6708
11.57 1.3286 8.6814
11.58 1.318 8.692
11.59 1.3074 8.7026
11.6 1.2968 8.7132
11.61 1.2862 8.7238
11.62 1.2756 8.7344
11.63 1.265 8.745
11.64 1.2544 8.7556
11.65 1.2438 8.7662
11.66 1.2332 8.7768
11.67 1.2226 8.7874
11.68 1.212 8.798
11.69 1.2014 8.8086
11.7 1.1908 8.8192
11.71 1.1802 8.8298
11.72 1.1696 8.8404
11.73 1.159 8.851
11.74 1.1484 8.8616
11.75 1.1378 8.8722
11.76 1.1272 8.8828
11.77 1.1166 8.8934
11.78 1.106 8.904
11.79 1.0954 8.9146
11.8 1.0848 8.9252
11.81 1.0742 8.9358
11.82 1.0636 8.9464
11.83 1.053 8.957
11.84 1.0424 8.9676
11.85 1.0318 8.9782
11.86 1.0212 8.9888
11.87 1.0106 8.9994
11.88 1.0 9.01
11.89 0.9894 9.0206
11.9 0.9788 9.0312
11.91 0.9682 9.0418
11.92 0.9576 9.0524
11.93 0.947 9.063
11.94 0.9364 9.0736
11.95 0.9258 9.0842
11.96 0.9152 9.0948
11.97 0.9046 9.1054
11.98 0.894 9.116
11.99 0.8834 9.1266
12.0 0.8728 9.1372
12.01 0.8622 9.1478
12.02 0.8516 9.1584
12.03 0.841 9.169
12.04 0.8304 9.1796
12.05 0.8198 9.1902
12.06 0.8092 9.2008
12.07 0.7986 9.2114
12.08 0.788 9.222
12.09 0.7774 9.2326
12.1 0.7668 9.2432
12.11 0.7562 9.2538
12.12 0.7456 9.2644
12.13 0.735 9.275
12.14 0.7244 9.2856
12.15 0.7138 9.2962
12.16 0.7032 9.3068
12.17 0.6926 9.3174
12.18 0.682 9.328
12.19 0.6714 9.3386
12.2 0.6608 9.3492
12.21 0.6502 9.3598
12.22 0.6396 9.3704
12.23 0.629 9.381
12.24 0.6184 9.3916
12.25 0.6078 9.4022
12.26 0.5972 9.4128
12.27 0.5866 9.4234
12.28 0.576 9.434
12.29 0.5654 9.4446
12.3 0.5548 9.4552
12.31 0.5442 9.4658
12.32 0.5336 9.4764
12.33 0.523 9.487
12.34 0.5124 9.4976
12.35 0.5018 9.5082
12.36 0.4912 9.5188
12.37 0.4806 9.5294
12.38 0.47 9.54
12.39 0.4594 9.5506
12.4 0.4488 9.5612
12.41 0.4382 9.5718
12.42 0.4276 9.5824
12.43 0.417 9.593
12.44 0.4064 9.6036
12.45 0.3958 9.6142
12.46 0.3852 9.6248
12.47 0.3746 9.6354
12.48 0.364 9.646
12.49 0.3534 9.6566
12.5 0.3428 9.6672
12.51 0.3322 9.6778
12.52 0.3216 9.6884
12.53 0.311 9.699
12.54 0.3004 9.7096
12.55 0.2898 9.7202
12.56 0.2792 9.7308
12.57 0.2686 9.7414
12.58 0.258 9.752
12.59 0.2474 9.7626
12.6 0.2368 9.7732
12.61 0.2262 9.7838
12.62 0.2156 9.7944
12.63 0.205 9.805
12.64 0.1944 9.8156
12.65 0.1838 9.8262
12.66 0.1732 9.8368
12.67 0.1626 9.8474
12.68 0.152 9.858
12.69 0.1414 9.8686
12.7 0.1308 9.8792
12.71 0.1202 9.8898
12.72 0.1096 9.9004
12.73 0.099 9.911
12.74 0.0884 9.9216
12.75 0.0778 9.9322
12.76 0.0672 9.9428
12.77 0.0566 9.9534
12.78 0.046 9.964
12.79 0.0354 9.9746
12.8 0.0248 9.9852
12.81 0.0142 9.9958
12.82 0.0142 9.9808
12.83 0.0142 9.9658
12.84 0.0142 9.9508
12.85 0.0142 9.9358
12.86 0.0142 9.9208
12.87 0.0142 9.9058
12.88 0.0142 9.8908
12.89 0.0142 9.8758
12.9 0.0142 9.8608
12.91 0.0142 9.8458
12.92 0.0142 9.8308
12.93 0.0142 9.8158
12.94 0.0142 9.8008
12.95 0.0142 9.7858
12.96 0.0142 9.7708
12.97 0.0142 9.7558
12.98 0.0142 9.7408
12.99 0.0142 9.7258
13.0 0.0142 9.7108
13.01 0.0142 9.6958
13.02 0.0142 9.6808
13.03 0.0142 9.6658
13.04 0.0142 9.6508
13.05 0.0142 9.6358
13.06 0.0142 9.6208
13.07 0.0142 9.6058
13.08 0.0142 9.5908
13.09 0.0142 9.5758
13.1 0.0142 9.5608
13.11 0.0142 9.5458
13.12 0.0142 9.5308
13.13 0.0142 9.5158
13.14 0.0142 9.5008
13.15 0.0142 9.4858
13.16 0.0142 9.4708
13.17 0.0142 9.4558
13.18 0.0142 9.4408
13.19 0.0142 9.4258
13.2 0.0142 9.4108
13.21 0.0142 9.3958
13.22 0.0142 9.3808
13.23 0.0142 9.3658
13.24 0.0142 9.3508
13.25 0.0142 9.3358
13.26 0.0142 9.3208
13.27 0.0142 9.3058
13.28 0.0142 9.2908
13.29 0.0142 9.2758
13.3 0.0142 9.2608
13.31 0.0142 9.2458
13.32 0.0142 9.2308
13.33 0.0142 9.2158
13.34 0.0142 9.2008
13.35 0.0142 9.1858
13.36 0.0142 9.1708
13.37 0.0142 9.1558
13.38 0.0142 9.1408
13.39 0.0142 9.1258
13.4 0.0142 9.1108
13.41 0.0142 9.0958
13.42 0.0142 9.0808
13.43 0.0142 9.0658
13.44 0.0142 9.0508
13.45 0.0142 9.0358
13.46 0.0142 9.0208
13.47 0.0142 9.0058
13.48 0.0142 8.9908
13.49 0.0142 8.9758
13.5 0.0142 8.9608
13.51 0.0142 8.9458
13.52 0.0142 8.9308
13.53 0.0142 8.9158
13.54 0.0142 8.9008
13.55 0.0142 8.8858
13.56 0.0142 8.8708
13.57 0.0142 8.8558
13.58 0.0142 8.8408
13.59 0.0142 8.8258
13.6 0.0142 8.8108
13.61 0.0142 8.7958
13.62 0.0142 8.7808
13.63 0.0142 8.7658
13.64 0.0142 8.7508
13.65 0.0142 8.7358
13.66 0.0142 8.7208
13.67 0.0142 8.7058
13.68 0.0142 8.6908
13.69 0.0142 8.6758
13.7 0.0142 8.6608
13.71 0.0142 8.6458
13.72 0.0142 8.6308
13.73 0.0142 8.6158
13.74 0.0142 8.6008
13.75 0.0142 8.5858
13.76 0.0142 8.5708
13.77 0.0142 8.5558
13.78 0.0142 8.5408
13.79 0.0142 8.5258
13.8 0.0142 8.5108
13.81 0.0142 8.4958
13.82 0.0142 8.4808
13.83 0.0142 8.4658
13.84 0.0142 8.4508
13.85 0.0142 8.4358
13.86 0.0142 8.4208
13.87 0.0142 8.4058
13.88 0.0142 8.3908
13.89 0.0142 8.3758
13.9 0.0142 8.3608
13.91 0.0142 8.3458
13.92 0.0142 8.3308
13.93 0.0142 8.3158
13.94 0.0142 8.3008
13.95 0.0142 8.2858
13.96 0.0142 8.2708
13.97 0.0142 8.2558
13.98 0.0142 8.2408
13.99 0.0142 8.2258
14.0 0.0142 8.2108
14.01 0.0142 8.1958
14.02 0.0142 8.1808
14.03 0.0142 8.1658
14.04 0.0142 8.1508
14.05 0.0142 8.1358
14.06 0.0142 8.1208
14.07 0.0142 8.1058
14.08 0.0142 8.0908
14.09 0.0142 8.0758
14.1 0.0142 8.0608
14.11 0.0142 8.0458
14.12 0.0142 8.0308
14.13 0.0142 8.0158
14.14 0.0142 8.0008
14.15 0.0142 7.9858
14.16 0.0142 7.9708
14.17 0.0142 7.9558
14.18 0.0142 7.9408
14.19 0.0142 7.9258
14.2 0.0142 7.9108
14.21 0.0142 7.8958
14.22 0.0142 7.8808
14.23 0.0142 7.8658
14.24 0.0142 7.8508
14.25 0.0142 7.8358
14.26 0.0142 7.8208
14.27 0.0142 7.8058
14.28 0.0142 7.7908
14.29 0.0142 7.7758
14.3 0.0142 7.7608
14.31 0.0142 7.7458
14.32 0.0142 7.7308
14.33 0.0142 7.7158
14.34 0.0142 7.7008
14.35 0.0142 7.6858
14.36 0.0142 7.6708
14.37 0.0142 7.6558
14.38 0.0142 7.6408
14.39 0.0142 7.6258
14.4 0.0142 7.6108
14.41 0.0142 7.5958
14.42 0.0142 7.5808
14.43 0.0142 7.5658
14.44 0.0142 7.5508
14.45 0.0142 7.5358
14.46 0.0142 7.5208
14.47 0.0142 7.5058
14.48 0.0142 7.4908
14.49 0.0142 7.4758
14.5 0.0142 7.4608
14.51 0.0142 7.4458
14.52 0.0142 7.4308
14.53 0.0142 7.4158
14.54 0.0142 7.4008
14.55 0.0142 7.3858
14.56 0.0142 7.3708
14.57 0.0142 7.3558
14.58 0.0142 7.3408
14.59 0.0142 7.3258
14.6 0.0142 7.3108
14.61 0.0142 7.2958
14.62 0.0142 7.2808
14.63 0.0142 7.2658
14.64 0.0142 7.2508
14.65 0.0142 7.2358
14.66 0.0142 7.2208
14.67 0.0142 7.2058
14.68 0.0142 7.1908
14.69 0.0142 7.1758
14.7 0.0142 7.1608
14.71 0.0142 7.1458
14.72 0.0142 7.1308
14.73 0.0142 7.1158
14.74 0.0142 7.1008
14.75 0.0142 7.0858
14.76 0.0142 7.0708
14.77 0.0142 7.0558
14.78 0.0142 7.0408
14.79 0.0142 7.0258
14.8 0.0142 7.0108
14.81 0.0142 6.9958
14.82 0.0142 6.9808
14.83 0.0142 6.9658
14.84 0.0142 6.9508
14.85 0.0142 6.9358
14.86 0.0142 6.9208
14.87 0.0142 6.9058
14.88 0.0142 6.8908
14.89 0.0142 6.8758
14.9 0.0142 6.8608
14.91 0.0142 6.8458
14.92 0.0142 6.8308
14.93 0.0142 6.8158
14.94 0.0142 6.8008
14.95 0.0142 6.7858
14.96 0.0142 6.7708
14.97 0.0142 6.7558
14.98 0.0142 6.7408
14.99 0.0142 6.7258
15.0 0.0142 6.7108
15.01 0.0142 6.6958
15.02 0.0142 6.6808
15.03 0.0142 6.6658
15.04 0.0142 6.6508
15.05 0.0142 6.6358
15.06 0.0142 6.6208
15.07 0.0142 6.6058
15.08 0.0142 6.5908
15.09 0.0142 6.5758
15.1 0.0142 6.5608
15.11 0.0142 6.5458
15.12 0.0142 6.5308
15.13 0.0142 6.5158
15.14 0.0142 6.5008
15.15 0.0142 6.4858
15.16 0.0142 6.4708
15.17 0.0142 6.4558
15.18 0.0142 6.4408
15.19 0.0142 6.4258
15.2 0.0142 6.4108
15.21 0.0142 6.3958
15.22 0.0142 6.3808
15.23 0.0142 6.3658
15.24 0.0142 6.3508
15.25 0.0142 6.3358
15.26 0.0142 6.3208
15.27 0.0142 6.3058
15.28 0.0142 6.2908
15.29 0.0142 6.2758
15.3 0.0142 6.2608
15.31 0.0142 6.2458
15.32 0.0142 6.2308
15.33 0.0142 6.2158
15.34 0.0142 6.2008
15.35 0.0142 6.1858
15.36 0.0142 6.1708
15.37 0.0142 6.1558
15.38 0.0142 6.1408
15.39 0.0142 6.1258
15.4 0.0142 6.1108
15.41 0.0142 6.0958
15.42 0.0142 6.0808
15.43 0.0142 6.0658
15.44 0.0142 6.0508
15.45 0.0142 6.0358
15.46 0.0142 6.0208
15.47 0.0142 6.0058
15.48 0.0142 5.9908
15.49 0.0142 5.9758
15.5 0.0142 5.9608
15.51 0.0142 5.9458
15.52 0.0142 5.9308
15.53 0.0142 5.9158
15.54 0.0142 5.9008
15.55 0.0142 5.8858
15.56 0.0142 5.8708
15.57 0.0142 5.8558
15.58 0.0142 5.8408
15.59 0.0142 5.8258
15.6 0.0142 5.8108
15.61 0.0142 5.7958
15.62 0.0142 5.7808
15.63 0.0142 5.7658
15.64 0.0142 5.7508
15.65 0.0142 5.7358
15.66 0.0142 5.7208
15.67 0.0142 5.7058
15.68 0.0142 5.6908
15.69 0.0142 5.6758
15.7 0.0142 5.6608
15.71 0.0142 5.6458
15.72 0.0142 5.6308
15.73 0.0142 5.6158
15.74 0.0142 5.6008
15.75 0.0142 5.5858
15.76 0.0142 5.5708
15.77 0.0142 5.5558
15.78 0.0142 5.5408
15.79 0.0142 5.5258
15.8 0.0142 5.5108
15.81 0.0142 5.4958
15.82 0.0142 5.4808
15.83 0.0142 5.4658
15.84 0.0142 5.4508
15.85 0.0142 5.4358
15.86 0.0142 5.4208
15.87 0.0142 5.4058
15.88 0.0142 5.3908
15.89 0.0142 5.3758
15.9 0.0142 5.3608
15.91 0.0142 5.3458
15.92 0.0142 5.3308
15.93 0.0142 5.3158
15.94 0.0142 5.3008
15.95 0.0142 5.2858
15.96 0.0142 5.2708
15.97 0.0142 5.2558
15.98 0.0142 5.2408
15.99 0.0142 5.2258
16.0 0.0142 5.2108
16.01 0.0142 5.1958
16.02 0.0142 5.1808
16.03 0.0142 5.1658
16.04 0.0142 5.1508
16.05 0.0142 5.1358
16.06 0.0142 5.1208
16.07 0.0142 5.1058
16.08 0.0142 5.0908
16.09 0.0142 5.0758
16.1 0.0142 5.0608
16.11 0.0142 5.0458
16.12 0.0142 5.0308
16.13 0.0142 5.0158
16.14 0.0142 5.0008
16.15 0.0142 4.9858
16.16 0.0142 4.9708
16.17 0.0142 4.9558
16.18 0.0142 4.9408
16.19 0.0142 4.9258
16.2 0.0142 4.9108
16.21 0.0142 4.8958
16.22 0.0142 4.8808
16.23 0.0142 4.8658
16.24 0.0142 4.8508
16.25 0.0142 4.8358
16.26 0.0142 4.8208
16.27 0.0142 4.8058
16.28 0.0142 4.7908
16.29 0.0142 4.7758
16.3 0.0142 4.7608
16.31 0.0142 4.7458
16.32 0.0142 4.7308
16.33 0.0142 4.7158
16.34 0.0142 4.7008
16.35 0.0142 4.6858
16.36 0.0142 4.6708
16.37 0.0142 4.6558
16.38 0.0142 4.6408
16.39 0.0142 4.6258
16.4 0.0142 4.6108
16.41 0.0142 4.5958
16.42 0.0142 4.5808
16.43 0.0142 4.5658
16.44 0.0142 4.5508
16.45 0.0142 4.5358
16.46 0.0142 4.5208
16.47 0.0142 4.5058
16.48 0.0142 4.4908
16.49 0.0142 4.4758
16.5 0.0142 4.4608
16.51 0.0142 4.4458
16.52 0.0142 4.4308
16.53 0.0142 4.4158
16.54 0.0142 4.4008
16.55 0.0142 4.3858
16.56 0.0142 4.3708
16.57 0.0142 4.3558
16.58 0.0142 4.3408
16.59 0.0142 4.3258
16.6 0.0142 4.3108
16.61 0.0142 4.2958
16.62 0.0142 4.2808
16.63 0.0142 4.2658
16.64 0.0142 4.2508
16.65 0.0142 4.2358
16.66 0.0142 4.2208
16.67 0.0142 4.2058
16.68 0.0142 4.1908
16.69 0.0142 4.1758
16.7 0.0142 4.1608
16.71 0.0142 4.1458
16.72 0.0142 4.1308
16.73 0.0142 4.1158
16.74 0.0142 4.1008
16.75 0.0142 4.0858
16.76 0.0142 4.0708
16.77 0.0142 4.0558
16.78 0.0142 4.0408
16.79 0.0142 4.0258
16.8 0.0142 4.0108
16.81 0.0142 3.9958
16.82 0.0142 3.9808
16.83 0.0142 3.9658
16.84 0.0142 3.9508
16.85 0.0142 3.9358
16.86 0.0142 3.9208
16.87 0.0142 3.9058
16.88 0.0142 3.8908
16.89 0.0142 3.8758
16.9 0.0142 3.8608
16.91 0.0142 3.8458
16.92 0.0142 3.8308
16.93 0.0142 3.8158
16.94 0.0142 3.8008
16.95 0.0142 3.7858
16.96 0.0142 3.7708
16.97 0.0142 3.7558
16.98 0.0142 3.7408
16.99 0.0142 3.7258
17.0 0.0142 3.7108
17.01 0.0142 3.6958
17.02 0.0142 3.6808
17.03 0.0142 3.6658
17.04 0.0142 3.6508
17.05 0.0142 3.6358
17.06 0.0142 3.6208
17.07 0.0142 3.6058
17.08 0.0142 3.5908
17.09 0.0142 3.5758
17.1 0.0142 3.5608
17.11 0.0142 3.5458
17.12 0.0142 3.5308
17.13 0.0142 3.5158
17.14 0.0142 3.5008
17.15 0.0142 3.4858
17.16 0.0142 3.4708
17.17 0.0142 3.4558
17.18 0.0142 3.4408
17.19 0.0142 3.4258
17.2 0.0142 3.4108
17.21 0.0142 3.3958
17.22 0.0142 3.3808
17.23 0.0142 3.3658
17.24 0.0142 3.3508
17.25 0.0142 3.3358
17.26 0.0142 3.3208
17.27 0.0142 3.3058
17.28 0.0142 3.2908
17.29 0.0142 3.2758
17.3 0.0142 3.2608
17.31 0.0142 3.2458
17.32 0.0142 3.2308
17.33 0.0142 3.2158
17.34 0.0142 3.2008
17.35 0.0142 3.1858
17.36 0.0142 3.1708
17.37 0.0142 3.1558
17.38 0.0142 3.1408
17.39 0.0142 3.1258
17.4 0.0142 3.1108
17.41 0.0142 3.0958
17.42 0.0142 3.0808
17.43 0.0142 3.0658
17.44 0.0142 3.0508
17.45 0.0142 3.0358
17.46 0.0142 3.0208
17.47 0.0142 3.0058
17.48 0.0142 2.9908
17.49 0.0142 2.9758
17.5 0.0142 2.9608
17.51 0.0142 2.9458
17.52 0.0142 2.9308
17.53 0.0142 2.9158
17.54 0.0142 2.9008
17.55 0.0142 2.8858
17.56 0.0142 2.8708
17.57 0.0142 2.8558
17.58 0.0142 2.8408
17.59 0.0142 2.8258
17.6 0.0142 2.8108
17.61 0.0142 2.7958
17.62 0.0142 2.7808
17.63 0.0142 2.7658
17.64 0.0142 2.7508
17.65 0.0142 2.7358
17.66 0.0142 2.7208
17.67 0.0142 2.7058
17.68 0.0142 2.6908
17.69 0.0142 2.6758
17.7 0.0142 2.6608
17.71 0.0142 2.6458
17.72 0.0142 2.6308
17.73 0.0142 2.6158
17.74 0.0142 2.6008
17.75 0.0142 2.5858
17.76 0.0142 2.5708
17.77 0.0142 2.5558
17.78 0.0142 2.5408
17.79 0.0142 2.5258
17.8 0.0142 2.5108
17.81 0.0142 2.4958
17.82 0.0142 2.4808
17.83 0.0142 2.4658
17.84 0.0142 2.4508
17.85 0.0142 2.4358
17.86 0.0142 2.4208
17.87 0.0142 2.4058
17.88 0.0142 2.3908
17.89 0.0142 2.3758
17.9 0.0142 2.3608
17.91 0.0142 2.3458
17.92 0.0142 2.3308
17.93 0.0142 2.3158
17.94 0.0142 2.3008
17.95 0.0142 2.2858
17.96 0.0142 2.2708
17.97 0.0142 2.2558
17.98 0.0142 2.2408
17.99 0.0142 2.2258
18.0 0.0142 2.2108
18.01 0.0142 2.1958
18.02 0.0142 2.1808
18.03 0.0142 2.1658
18.04 0.0142 2.1508
18.05 0.0142 2.1358
18.06 0.0142 2.1208
18.07 0.0142 2.1058
18.08 0.0142 2.0908
18.09 0.0142 2.0758
18.1 0.0142 2.0608
18.11 0.0142 2.0458
18.12 0.0142 2.0308
18.13 0.0142 2.0158
18.14 0.0142 2.0008
18.15 0.0142 1.9858
18.16 0.0142 1.9708
18.17 0.0142 1.9558
18.18 0.0142 1.9408
18.19 0.0142 1.9258
18.2 0.0142 1.9108
18.21 0.0142 1.8958
18.22 0.0142 1.8808
18.23 0.0142 1.8658
18.24 0.0142 1.8508
18.25 0.0142 1.8358
18.26 0.0142 1.8208
18.27 0.0142 1.8058
18.28 0.0142 1.7908
18.29 0.0142 1.7758
18.3 0.0142 1.7608
18.31 0.0142 1.7458
18.32 0.0142 1.7308
18.33 0.0142 1.7158
18.34 0.0142 1.7008
18.35 0.0142 1.6858
18.36 0.0142 1.6708
18.37 0.0142 1.6558
18.38 0.0142 1.6408
18.39 0.0142 1.6258
18.4 0.0142 1.6108
18.41 0.0142 1.5958
18.42 0.0142 1.5808
18.43 0.0142 1.5658
18.44 0.0142 1.5508
18.45 0.0142 1.5358
18.46 0.0142 1.5208
18.47 0.0142 1.5058
18.48 0.0142 1.4908
18.49 0.0142 1.4758
18.5 0.0142 1.4608
18.51 0.0142 1.4458
18.52 0.0142 1.4308
18.53 0.0142 1.4158
18.54 0.0142 1.4008
18.55 0.0142 1.3858
18.56 0.0142 1.3708
18.57 0.0142 1.3558
18.58 0.0142 1.3408
18.59 0.0142 1.3258
18.6 0.0142 1.3108
18.61 0.0142 1.2958
18.62 0.0142 1.2808
18.63 0.0142 1.2658
18.64 0.0142 1.2508
18.65 0.0142 1.2358
18.66 0.0142 1.2208
18.67 0.0142 1.2058
18.68 0.0142 1.1908
18.69 0.0142 1.1758
18.7 0.0142 1.1608
18.71 0.0142 1.1458
18.72 0.0142 1.1308
18.73 0.0142 1.1158
18.74 0.0142 1.1008
18.75 0.0142 1.0858
18.76 0.0142 1.0708
18.77 0.0142 1.0558
18.78 0.0142 1.0408
18.79 0.0142 1.0258
18.8 0.0142 1.0108
18.81 0.0142 0.9958
18.82 0.0142 0.9808
18.83 0.0142 0.9658
18.84 0.0142 0.9508
18.85 0.0142 0.9358
18.86 0.0142 0.9208
18.87 0.0142 0.9058
18.88 0.0142 0.8908
18.89 0.0142 0.8758
18.9 0.0142 0.8608
18.91 0.0142 0.8458
18.92 0.0142 0.8308
18.93 0.0142 0.8158
18.94 0.0142 0.8008
18.95 0.0142 0.7858
18.96 0.0142 0.7708
18.97 0.0142 0.7558
18.98 0.0142 0.7408
18.99 0.0142 0.7258
19.0 0.0142 0.7108
19.01 0.0142 0.6958
19.02 0.0142 0.6808
19.03 0.0142 0.6658
19.04 0.0142 0.6508
19.05 0.0142 0.6358
19.06 0.0142 0.6208
19.07 0.0142 0.6058
19.08 0.0142 0.5908
19.09 0.0142 0.5758
19.1 0.0142 0.5608
19.11 0.0142 0.5458
19.12 0.0142 0.5308
19.13 0.0142 0.5158
19.14 0.0142 0.5008
19.15 0.0142 0.4858
19.16 0.0142 0.4708
19.17 0.0142 0.4558
19.18 0.0142 0.4408
19.19 0.0142 0.4258
19.2 0.0142 0.4108
19.21 0.0142 0.3958
19.22 0.0142 0.3808
19.23 0.0142 0.3658
19.24 0.0142 0.3508
19.25 0.0142 0.3358
19.26 0.0142 0.3208
19.27 0.0142 0.3058
19.28 0.0142 0.2908
19.29 0.0142 0.2758
19.3 0.0142 0.2608
19.31 0.0142 0.2458
19.32 0.0142 0.2308
19.33 0.0142 0.2158
19.34 0.0142 0.2008
19.35 0.0142 0.1858
19.36 0.0142 0.1708
19.37 0.0142 0.1558
19.38 0.0142 0.1408
19.39 0.0142 0.1258
19.4 0.0142 0.1108
19.41 0.0142 0.0958
19.42 0.0142 0.0808
19.43 0.0142 0.0658
19.44 0.0142 0.0508
19.45 0.0142 0.0358
19.46 0.0142 0.0208
19.47 0.0142 0.0058
19.48 0.0142 -0.0092
19.49 0.0276 -0.0025
19.5 0.041 0.0042
19.51 0.0544 0.0109
19.52 0.0678 0.0176
19.53 0.0812 0.0243
19.54 0.0946 0.031
19.55 0.108 0.0377
19.56 0.1214 0.0444
19.57 0.1348 0.0511
19.58 0.1482 0.0578
19.59 0.1616 0.0645
19.6 0.175 0.0712
19.61 0.1884 0.0779
19.62 0.2018 0.0846
19.63 0.2152 0.0913
19.64 0.2286 0.098
19.65 0.242 0.1047
19.66 0.2554 0.1114
19.67 0.2688 0.1181
19.68 0.2822 0.1248
19.69 0.2956 0.1315
19.7 0.309 0.1382
19.71 0.3224 0.1449
19.72 0.3358 0.1516
19.73 0.3492 0.1583
19.74 0.3626 0.165
19.75 0.376 0.1717
19.76 0.3894 0.1784
19.77 0.4028 0.1851
19.78 0.4162 0.1918
19.79 0.4296 0.1985
19.8 0.443 0.2052
19.81 0.4564 0.2119
19.82 0.4698 0.2186
19.83 0.4832 0.2253
19.84 0.4966 0.232
19.85 0.51 0.2387
19.86 0.5234 0.2454
19.87 0.5368 0.2521
19.88 0.5502 0.2588
19.89 0.5636 0.2655
19.9 0.577 0.2722
19.91 0.5904 0.2789
19.92 0.6038 0.2856
19.93 0.6172 0.2923
19.94 0.6306 0.299
19.95 0.644 0.3057
19.96 0.6574 0.3124
19.97 0.6708 0.3191
19.98 0.6842 0.3258
19.99 0.6976 0.3325
20.0 0.711 0.3392
20.01 0.7244 0.3459
20.02 0.7378 0.3526
20.03 0.7512 0.3593
20.04 0.7646 0.366
20.05 0.778 0.3727
20.06 0.7914 0.3794
20.07 0.8048 0.3861
20.08 0.8182 0.3928
20.09 0.8316 0.3995
20.1 0.845 0.4062
20.11 0.8584 0.4129
20.12 0.8718 0.4196
20.13 0.8852 0.4263
20.14 0.8986 0.433
20.15 0.912 0.4397
20.16 0.9254 0.4464
20.17 0.9388 0.4531
20.18 0.9522 0.4598
20.19 0.9656 0.4665
20.2 0.979 0.4732
20.21 0.9924 0.4799
20.22 1.0058 0.4866
20.23 1.0192 0.4933
20.24 1.0326 0.5
20.25 1.046 0.5067
20.26 1.0594 0.5134
20.27 1.0728 0.5201
20.28 1.0862 0.5268
20.29 1.0996 0.5335
20.3 1.113 0.5402
20.31 1.1264 0.5469
20.32 1.1398 0.5536
20.33 1.1532 0.5603
20.34 1.1666 0.567
20.35 1.18 0.5737
20.36 1.1934 0.5804
20.37 1.2068 0.5871
20.38 1.2202 0.5938
20.39 1.2336 0.6005
20.4 1.247 0.6072
20.41 1.2604 0.6139
20.42 1.2738 0.6206
20.43 1.2872 0.6273
20.44 1.3006 0.634
20.45 1.314 0.6407
20.46 1.3274 0.6474
20.47 1.3408 0.6541
20.48 1.3542 0.6608
20.49 1.3676 0.6675
20.5 1.381 0.6742
20.51 1.3944 0.6809
20.52 1.4078 0.6876
20.53 1.4212 0.6943
20.54 1.4346 0.701
20.55 1.448 0.7077
20.56 1.4614 0.7144
20.57 1.4748 0.7211
20.58 1.4882 0.7278
20.59 1.5016 0.7345
20.6 1.515 0.7412
20.61 1.5284 0.7479
20.62 1.5418 0.7546
20.63 1.5552 0.7613
20.64 1.5686 0.768
20.65 1.582 0.7747
20.66 1.5954 0.7814
20.67 1.6088 0.7881
20.68 1.6222 0.7948
20.69 1.6356 0.8015
20.7 1.649 0.8082
20.71 1.6624 0.8149
20.72 1.6758 0.8216
20.73 1.6892 0.8283
20.74 1.7026 0.835
20.75 1.716 0.8417
20.76 1.7294 0.8484
20.77 1.7428 0.8551
20.78 1.7562 0.8618
20.79 1.7696 0.8685
20.8 1.783 0.8752
20.81 1.7964 0.8819
20.82 1.8098 0.8886
20.83 1.8232 0.8953
20.84 1.8366 0.902
20.85 1.85 0.9087
20.86 1.8634 0.9154
20.87 1.8768 0.9221
20.88 1.8902 0.9288
20.89 1.9036 0.9355
20.9 1.917 0.9422
20.91 1.9304 0.9489
20.92 1.9438 0.9556
20.93 1.9572 0.9623
20.94 1.9706 0.969
20.95 1.984 0.9757
20.96 1.9974 0.9824
20.97 2.0108 0.9891
20.98 2.0242 0.9958
20.99 2.0376 1.0025
21.0 2.051 1.0092
21.01 2.0644 1.0159
21.02 2.0778 1.0226
21.03 2.0912 1.0293
21.04 2.1046 1.036
21.05 2.118 1.0427
21.06 2.1314 1.0494
21.07 2.1448 1.0561
21.08 2.1582 1.0628
21.09 2.1716 1.0695
21.1 2.185 1.0762
21.11 2.1984 1.0829
21.12 2.2118 1.0896
21.13 2.2252 1.0963
21.14 2.2386 1.103
21.15 2.252 1.1097
21.16 2.2654 1.1164
21.17 2.2788 1.1231
21.18 2.2922 1.1298
21.19 2.3056 1.1365
21.2 2.319 1.1432
21.21 2.3324 1.1499
21.22 2.3458 1.1566
21.23 2.3592 1.1633
21.24 2.3726 1.17
21.25 2.386 1.1767
21.26 2.3994 1.1834
21.27 2.4128 1.1901
21.28 2.4262 1.1968
21.29 2.4396 1.2035
21.3 2.453 1.2102
21.31 2.4664 1.2169
21.32 2.4798 1.2236
21.33 2.4932 1.2303
21.34 2.5066 1.237
21.35 2.52 1.2437
21.36 2.5334 1.2504
21.37 2.5468 1.2571
21.38 2.5602 1.2638
21.39 2.5736 1.2705
21.4 2.587 1.2772
21.41 2.6004 1.2839
21.42 2.6138 1.2906
21.43 2.6272 1.2973
21.44 2.6406 1.304
21.45 2.654 1.3107
21.46 2.6674 1.3174
21.47 2.6808 1.3241
21.48 2.6942 1.3308
21.49 2.7076 1.3375
21.5 2.721 1.3442
21.51 2.7344 1.3509
21.52 2.7478 1.3576
21.53 2.7612 1.3643
21.54 2.7746 1.371
21.55 2.788 1.3777
21.56 2.8014 1.3844
21.57 2.8148 1.3911
21.58 2.8282 1.3978
21.59 2.8416 1.4045
21.6 2.855 1.4112
21.61 2.8684 1.4179
21.62 2.8818 1.4246
21.63 2.8952 1.4313
21.64 2.9086 1.438
21.65 2.922 1.4447
21.66 2.9354 1.4514
21.67 2.9488 1.4581
21.68 2.9622 1.4648
21.69 2.9756 1.4715
21.7 2.989 1.4782
21.71 3.0024 1.4849
21.72 3.0158 1.4916
21.73 3.0292 1.4983
21.74 3.0426 1.505
21.75 3.056 1.5117
21.76 3.0694 1.5184
21.77 3.0828 1.5251
21.78 3.0962 1.5318
21.79 3.1096 1.5385
21.8 3.123 1.5452
21.81 3.1364 1.5519
21.82 3.1498 1.5586
21.83 3.1632 1.5653
21.84 3.1766 1.572
21.85 3.19 1.5787
21.86 3.2034 1.5854
21.87 3.2168 1.5921
21.88 3.2302 1.5988
21.89 3.2436 1.6055
21.9 3.257 1.6122
21.91 3.2704 1.6189
21.92 3.2838 1.6256
21.93 3.2972 1.6323
21.94 3.3106 1.639
21.95 3.324 1.6457
21.96 3.3374 1.6524
21.97 3.3508 1.6591
21.98 3.3642 1.6658
21.99 3.3776 1.6725
22.0 3.391 1.6792
22.01 3.4044 1.6859
22.02 3.4178 1.6926
22.03 3.4312 1.6993
22.04 3.4446 1.706
22.05 3.458 1.7127
22.06 3.4714 1.7194
22.07 3.4848 1.7261
22.08 3.4982 1.7328
22.09 3.5116 1.7395
22.1 3.525 1.7462
22.11 3.5384 1.7529
22.12 3.5518 1.7596
22.13 3.5652 1.7663
22.14 3.5786 1.773
22.15 3.592 1.7797
22.16 3.6054 1.7864
22.17 3.6188 1.7931
22.18 3.6322 1.7998
22.19 3.6456 1.8065
22.2 3.659 1.8132
22.21 3.6724 1.8199
22.22 3.6858 1.8266
22.23 3.6992 1.8333
22.24 3.7126 1.84
22.25 3.726 1.8467
22.26 3.7394 1.8534
22.27 3.7528 1.8601
22.28 3.7662 1.8668
22.29 3.7796 1.8735
22.3 3.793 1.8802
22.31 3.8064 1.8869
22.32 3.8198 1.8936
22.33 3.8332 1.9003
22.34 3.8466 1.907
22.35 3.86 1.9137
22.36 3.8734 1.9204
22.37 3.8868 1.9271
22.38 3.9002 1.9338
22.39 3.9136 1.9405
22.4 3.927 1.9472
22.41 3.9404 1.9539
22.42 3.9538 1.9606
22.43 3.9672 1.9673
22.44 3.9806 1.974
22.45 3.994 1.9807
22.46 4.0074 1.9874
22.47 4.0208 1.9941
22.48 4.0342 2.0008
22.49 4.0476 2.0075
22.5 4.061 2.0142
22.51 4.0744 2.0209
22.52 4.0878 2.0276
22.53 4.1012 2.0343
22.54 4.1146 2.041
22.55 4.128 2.0477
22.56 4.1414 2.0544
22.57 4.1548 2.0611
22.58 4.1682 2.0678
22.59 4.1816 2.0745
22.6 4.195 2.0812
22.61 4.2084 2.0879
22.62 4.2218 2.0946
22.63 4.2352 2.1013
22.64 4.2486 2.108
22.65 4.262 2.1147
22.66 4.2754 2.1214
22.67 4.2888 2.1281
22.68 4.3022 2.1348
22.69 4.3156 2.1415
22.7 4.329 2.1482
22.71 4.3424 2.1549
22.72 4.3558 2.1616
22.73 4.3692 2.1683
22.74 4.3826 2.175
22.75 4.396 2.1817
22.76 4.4094 2.1884
22.77 4.4228 2.1951
22.78 4.4362 2.2018
22.79 4.4496 2.2085
22.8 4.463 2.2152
22.81 4.4764 2.2219
22.82 4.4898 2.2286
22.83 4.5032 2.2353
22.84 4.5166 2.242
22.85 4.53 2.2487
22.86 4.5434 2.2554
22.87 4.5568 2.2621
22.88 4.5702 2.2688
22.89 4.5836 2.2755
22.9 4.597 2.2822
22.91 4.6104 2.2889
22.92 4.6238 2.2956
22.93 4.6372 2.3023
22.94 4.6506 2.309
22.95 4.664 2.3157
22.96 4.6774 2.3224
22.97 4.6908 2.3291
22.98 4.7042 2.3358
22.99 4.7176 2.3425
23.0 4.731 2.3492
23.01 4.7444 2.3559
23.02 4.7578 2.3626
23.03 4.7712 2.3693
23.04 4.7846 2.376
23.05 4.798 2.3827
23.06 4.8114 2.3894
23.07 4.8248 2.3961
23.08 4.8382 2.4028
23.09 4.8516 2.4095
23.1 4.865 2.4162
23.11 4.8784 2.4229
23.12 4.8918 2.4296
23.13 4.9052 2.4363
23.14 4.9186 2.443
23.15 4.932 2.4497
23.16 4.9454 2.4564
23.17 4.9588 2.4631
23.18 4.9722 2.4698
23.19 4.9856 2.4765
23.2 4.999 2.4832
23.21 5.0124 2.4899
23.22 5.0258 2.4966
23.23 5.0392 2.5033
23.24 5.0526 2.51
23.25 5.066 2.5167
23.26 5.0794 2.5234
23.27 5.0928 2.5301
23.28 5.1062 2.5368
23.29 5.1196 2.5435
23.3 5.133 2.5502
23.31 5.1464 2.5569
23.32 5.1598 2.5636
23.33 5.1732 2.5703
23.34 5.1866 2.577
23.35 5.2 2.5837
23.36 5.2134 2.5904
23.37 5.2268 2.5971
23.38 5.2402 2.6038
23.39 5.2536 2.6105
23.4 5.267 2.6172
23.41 5.2804 2.6239
23.42 5.2938 2.6306
23.43 5.3072 2.6373
23.44 5.3206 2.644
23.45 5.334 2.6507
23.46 5.3474 2.6574
23.47 5.3608 2.6641
23.48 5.3742 2.6708
23.49 5.3876 2.6775
23.5 5.401 2.6842
23.51 5.4144 2.6909
23.52 5.4278 2.6976
23.53 5.4412 2.7043
23.54 5.4546 2.711
23.55 5.468 2.7177
23.56 5.4814 2.7244
23.57 5.4948 2.7311
23.58 5.5082 2.7378
23.59 5.5216 2.7445
23.6 5.535 2.7512
23.61 5.5484 2.7579
23.62 5.5618 2.7646
23.63 5.5752 2.7713
23.64 5.5886 2.778
23.65 5.602 2.7847
23.66 5.6154 2.7914
23.67 5.6288 2.7981
23.68 5.6422 2.8048
23.69 5.6556 2.8115
23.7 5.669 2.8182
23.71 5.6824 2.8249
23.72 5.6958 2.8316
23.73 5.7092 2.8383
23.74 5.7226 2.845
23.75 5.736 2.8517
23.76 5.7494 2.8584
23.77 5.7628 2.8651
23.78 5.7762 2.8718
23.79 5.7896 2.8785
23.8 5.803 2.8852
23.81 5.8164 2.8919
23.82 5.8298 2.8986
23.83 5.8432 2.9053
23.84 5.8566 2.912
23.85 5.87 2.9187
23.86 5.8834 2.9254
23.87 5.8968 2.9321
23.88 5.9102 2.9388
23.89 5.9236 2.9455
23.9 5.937 2.9522
23.91 5.9504 2.9589
23.92 5.9638 2.9656
23.93 5.9772 2.9723
23.94 5.9906 2.979
23.95 6.004 2.9857
23.96 6.0174 2.9924
23.97 6.0308 2.9991
23.98 6.0442 3.0058
23.99 6.0576 3.0125
24.0 6.071 3.0192
24.01 6.0844 3.0259
24.02 6.0978 3.0326
24.03 6.1112 3.0393
24.04 6.1246 3.046
24.05 6.138 3.0527
24.06 6.1514 3.0594
24.07 6.1648 3.0661
24.08 6.1782 3.0728
24.09 6.1916 3.0795
24.1 6.205 3.0862
24.11 6.2184 3.0929
24.12 6.2318 3.0996
24.13 6.2452 3.1063
24.14 6.2586 3.113
24.15 6.272 3.1197
24.16 6.2854 3.1264
24.17 6.2988 3.1331
24.18 6.3122 3.1398
24.19 6.3256 3.1465
24.2 6.339 3.1532
24.21 6.3524 3.1599
24.22 6.3658 3.1666
24.23 6.3792 3.1733
24.24 6.3926 3.18
24.25 6.406 3.1867
24.26 6.4194 3.1934
24.27 6.4328 3.2001
24.28 6.4462 3.2068
24.29 6.4596 3.2135
24.3 6.473 3.2202
24.31 6.4864 3.2269
24.32 6.4998 3.2336
24.33 6.5132 3.2403
24.34 6.5266 3.247
24.35 6.54 3.2537
24.36 6.5534 3.2604
24.37 6.5668 3.2671
24.38 6.5802 3.2738
24.39 6.5936 3.2805
24.4 6.607 3.2872
24.41 6.6204 3.2939
24.42 6.6338 3.3006
24.43 6.6472 3.3073
24.44 6.6606 3.314
24.45 6.674 3.3207
24.46 6.6874 3.3274
24.47 6.7008 3.3341
24.48 6.7142 3.3408
24.49 6.7276 3.3475
24.5 6.741 3.3542
24.51 6.7544 3.3609
24.52 6.7678 3.3676
24.53 6.7812 3.3743
24.54 6.7946 3.381
24.55 6.808 3.3877
24.56 6.8214 3.3944
24.57 6.8348 3.4011
24.58 6.8482 3.4078
24.59 6.8616 3.4145
24.6 6.875 3.4212
24.61 6.8884 3.4279
24.62 6.9018 3.4346
24.63 6.9152 3.4413
24.64 6.9286 3.448
24.65 6.942 3.4547
24.66 6.9554 3.4614
24.67 6.9688 3.4681
24.68 6.9822 3.4748
24.69 6.9956 3.4815
24.7 7.009 3.4882
24.71 7.0224 3.4949
24.72 7.0358 3.5016
24.73 7.0492 3.5083
24.74 7.0626 3.515
24.75 7.076 3.5217
24.76 7.0894 3.5284
24.77 7.1028 3.5351
24.78 7.1162 3.5418
24.79 7.1296 3.5485
24.8 7.143 3.5552
24.81 7.1564 3.5619
24.82 7.1698 3.5686
24.83 7.1832 3.5753
24.84 7.1966 3.582
24.85 7.21 3.5887
24.86 7.2234 3.5954
24.87 7.2368 3.6021
24.88 7.2502 3.6088
24.89 7.2636 3.6155
24.9 7.277 3.6222
24.91 7.2904 3.6289
24.92 7.3038 3.6356
24.93 7.3172 3.6423
24.94 7.3306 3.649
24.95 7.344 3.6557
24.96 7.3574 3.6624
24.97 7.3708 3.6691
24.98 7.3842 3.6758
24.99 7.3976 3.6825
25.0 7.411 3.6892
25.01 7.4244 3.6959
25.02 7.4378 3.7026
25.03 7.4512 3.7093
25.04 7.4646 3.716
25.05 7.478 3.7227
25.06 7.4914 3.7294
25.07 7.5048 3.7361
25.08 7.5182 3.7428
25.09 7.5316 3.7495
25.1 7.545 3.7562
25.11 7.5584 3.7629
25.12 7.5718 3.7696
25.13 7.5852 3.7763
25.14 7.5986 3.783
25.15 7.612 3.7897
25.16 7.6254 3.7964
25.17 7.6388 3.8031
25.18 7.6522 3.8098
25.19 7.6656 3.8165
25.2 7.679 3.8232
25.21 7.6924 3.8299
25.22 7.7058 3.8366
25.23 7.7192 3.8433
25.24 7.7326 3.85
25.25 7.746 3.8567
25.26 7.7594 3.8634
25.27 7.7728 3.8701
25.28 7.7862 3.8768
25.29 7.7996 3.8835
25.3 7.813 3.8902
25.31 7.8264 3.8969
25.32 7.8398 3.9036
25.33 7.8532 3.9103
25.34 7.8666 3.917
25.35 7.88 3.9237
25.36 7.8934 3.9304
25.37 7.9068 3.9371
25.38 7.9202 3.9438
25.39 7.9336 3.9505
25.4 7.947 3.9572
25.41 7.9604 3.9639
25.42 7.9738 3.9706
25.43 7.9872 3.9773
25.44 8.0006 3.984
25.45 8.014 3.9907
25.46 8.0274 3.9974
25.47 8.0408 4.0041
25.48 8.0542 4.0108
25.49 8.0676 4.0175
25.5 8.081 4.0242
25.51 8.0944 4.0309
25.52 8.1078 4.0376
25.53 8.1212 4.0443
25.54 8.1346 4.051
25.55 8.148 4.0577
25.56 8.1614 4.0644
25.57 8.1748 4.0711
25.58 8.1882 4.0778
25.59 8.2016 4.0845
25.6 8.215 4.0912
25.61 8.2284 4.0979
25.62 8.2418 4.1046
25.63 8.2552 4.1113
25.64 8.2686 4.118
25.65 8.282 4.1247
25.66 8.2954 4.1314
25.67 8.3088 4.1381
25.68 8.3222 4.1448
25.69 8.3356 4.1515
25.7 8.349 4.1582
25.71 8.3624 4.1649
25.72 8.3758 4.1716
25.73 8.3892 4.1783
25.74 8.4026 4.185
25.75 8.416 4.1917
25.76 8.4294 4.1984
25.77 8.4428 4.2051
25.78 8.4562 4.2118
25.79 8.4696 4.2185
25.8 8.483 4.2252
25.81 8.4964 4.2319
25.82 8.5098 4.2386
25.83 8.5232 4.2453
25.84 8.5366 4.252
25.85 8.55 4.2587
25.86 8.5634 4.2654
25.87 8.5768 4.2721
25.88 8.5902 4.2788
25.89 8.6036 4.2855
25.9 8.617 4.2922
25.91 8.6304 4.2989
25.92 8.6438 4.3056
25.93 8.6572 4.3123
25.94 8.6706 4.319
25.95 8.684 4.3257
25.96 8.6974 4.3324
25.97 8.7108 4.3391
25.98 8.7242 4.3458
25.99 8.7376 4.3525
26.0 8.751 4.3592
26.01 8.7644 4.3659
26.02 8.7778 4.3726
26.03 8.7912 4.3793
26.04 8.8046 4.386
26.05 8.818 4.3927
26.06 8.8314 4.3994
26.07 8.8448 4.4061
26.08 8.8582 4.4128
26.09 8.8716 4.4195
26.1 8.885 4.4262
26.11 8.8984 4.4329
26.12 8.9118 4.4396
26.13 8.9252 4.4463
26.14 8.9386 4.453
26.15 8.952 4.4597
26.16 8.9654 4.4664
26.17 8.9788 4.4731
26.18 8.9922 4.4798
26.19 9.0056 4.4865
26.2 9.019 4.4932
26.21 9.0324 4.4999
26.22 9.0458 4.5066
26.23 9.0592 4.5133
26.24 9.0726 4.52
26.25 9.086 4.5267
26.26 9.0994 4.5334
26.27 9.1128 4.5401
26.28 9.1262 4.5468
26.29 9.1396 4.5535
26.3 9.153 4.5602
26.31 9.1664 4.5669
26.32 9.1798 4.5736
26.33 9.1932 4.5803
26.34 9.2066 4.587
26.35 9.22 4.5937
26.36 9.2334 4.6004
26.37 9.2468 4.6071
26.38 9.2602 4.6138
26.39 9.2736 4.6205
26.4 9.287 4.6272
26.41 9.3004 4.6339
26.42 9.3138 4.6406
26.43 9.3272 4.6473
26.44 9.3406 4.654
26.45 9.354 4.6607
26.46 9.3674 4.6674
26.47 9.3808 4.6741
26.48 9.3942 4.6808
26.49 9.4076 4.6875
26.5 9.421 4.6942
26.51 9.4344 4.7009
26.52 9.4478 4.7076
26.53 9.4612 4.7143
26.54 9.4746 4.721
26.55 9.488 4.7277
26.56 9.5014 4.7344
26.57 9.5148 4.7411
26.58 9.5282 4.7478
26.59 9.5416 4.7545
26.6 9.555 4.7612
26.61 9.5684 4.7679
26.62 9.5818 4.7746
26.63 9.5952 4.7813
26.64 9.6086 4.788
26.65 9.622 4.7947
26.66 9.6354 4.8014
26.67 9.6488 4.8081
26.68 9.6622 4.8148
26.69 9.6756 4.8215
26.7 9.689 4.8282
26.71 9.7024 4.8349
26.72 9.7158 4.8416
26.73 9.7292 4.8483
26.74 9.7426 4.855
26.75 9.756 4.8617
26.76 9.7694 4.8684
26.77 9.7828 4.8751
26.78 9.7962 4.8818
26.79 9.8096 4.8885
26.8 9.823 4.8952
26.81 9.8364 4.9019
26.82 9.8498 4.9086
26.83 9.8632 4.9153
26.84 9.8766 4.922
26.85 9.89 4.9287
26.86 9.9034 4.9354
26.87 9.9168 4.9421
26.88 9.9302 4.9488
26.89 9.9436 4.9555
26.9 9.957 4.9622
26.91 9.9704 4.9689
26.92 9.9838 4.9756
26.93 9.9972 4.9823
26.94 10.0106 4.989
