0.07 5.015 0.0
0.08 5.03 0.0
0.09 5.045 0.0
0.1 5.06 0.0
0.11 5.075 0.0
0.12 5.09 0.0
0.13 5.105 0.0
0.14 5.12 0.0
0.15 5.135 0.0
0.16 5.15 0.0
0.17 5.165 0.0
0.18 5.18 0.0
0.19 5.195 0.0
0.2 5.21 0.0
0.21 5.225 0.0
0.22 5.24 0.0
0.23 5.255 0.0
0.24 5.27 0.0
0.25 5.285 0.0
0.26 5.3 0.0
0.27 5.315 0.0
0.28 5.33 0.0
0.29 5.345 0.0
0.3 5.36 0.0
0.31 5.375 0.0
0.32 5.39 0.0
0.33 5.405 0.0
0.34 5.42 0.0
0.35 5.435 0.0
0.36 5.45 0.0
0.37 5.465 0.0
0.38 5.48 0.0
0.39 5.495 0.0
0.4 5.51 0.0
0.41 5.525 0.0
0.42 5.54 0.0
0.43 5.555 0.0
0.44 5.57 0.0
0.45 5.585 0.0
0.46 5.6 0.0
0.47 5.615 0.0
0.48 5.63 0.0
0.49 5.645 0.0
0.5 5.66 0.0
0.51 5.675 0.0
0.52 5.69 0.0
0.53 5.705 0.0
0.54 5.72 0.0
0.55 5.735 0.0
0.56 5.75 0.0
0.57 5.765 0.0
0.58 5.78 0.0
0.59 5.795 0.0
0.6 5.81 0.0
0.61 5.825 0.0
0.62 5.84 0.0
0.63 5.855 0.0
0.64 5.87 0.0
0.65 5.885 0.0
0.66 5.9 0.0
0.67 5.915 0.0
0.68 5.93 0.0
0.69 5.945 0.0
0.7 5.96 0.0
0.71 5.975 0.0
0.72 5.99 0.0
0.73 6.005 0.0
0.74 6.02 0.0
0.75 6.035 0.0
0.76 6.05 0.0
0.77 6.065 0.0
0.78 6.08 0.0
0.79 6.095 0.0
0.8 6.11 0.0
0.81 6.125 0.0
0.82 6.14 0.0
0.83 6.155 0.0
0.84 6.17 0.0
0.85 6.185 0.0
0.86 6.2 0.0
0.87 6.215 0.0
0.88 6.23 0.0
0.89 6.245 0.0
0.9 6.26 0.0
0.91 6.275 0.0
0.92 6.29 0.0
0.93 6.305 0.0
0.94 6.32 0.0
0.95 6.335 0.0
0.96 6.35 0.0
0.97 6.365 0.0
0.98 6.38 0.0
0.99 6.395 0.0
1.0 6.41 0.0
1.01 6.425 0.0
1.02 6.44 0.0
1.03 6.455 0.0
1.04 6.47 0.0
1.05 6.485 0.0
1.06 6.5 0.0
1.07 6.515 0.0
1.08 6.53 0.0
1.09 6.545 0.0
1.1 6.56 0.0
1.11 6.575 0.0
1.12 6.59 0.0
1.13 6.605 0.0
1.14 6.62 0.0
1.15 6.635 0.0
1.16 6.65 0.0
1.17 6.665 0.0
1.18 6.68 0.0
1.19 6.695 0.0
1.2 6.71 0.0
1.21 6.725 0.0
1.22 6.74 0.0
1.23 6.755 0.0
1.24 6.77 0.0
1.25 6.785 0.0
1.26 6.8 0.0
1.27 6.815 0.0
1.28 6.83 0.0
1.29 6.845 0.0
1.3 6.86 0.0
1.31 6.875 0.0
1.32 6.89 0.0
1.33 6.905 0.0
1.34 6.92 0.0
1.35 6.935 0.0
1.36 6.95 0.0
1.37 6.965 0.0
1.38 6.98 0.0
1.39 6.995 0.0
1.4 7.01 0.0
1.41 7.025 0.0
1.42 7.04 0.0
1.43 7.055 0.0
1.44 7.07 0.0
1.45 7.085 0.0
1.46 7.1 0.0
1.47 7.115 0.0
1.48 7.13 0.0
1.49 7.145 0.0
1.5 7.16 0.0
1.51 7.175 0.0
1.52 7.19 0.0
1.53 7.205 0.0
1.54 7.22 0.0
1.55 7.235 0.0
1.56 7.25 0.0
1.57 7.265 0.0
1.58 7.28 0.0
1.59 7.295 0.0
1.6 7.31 0.0
1.61 7.325 0.0
1.62 7.34 0.0
1.63 7.355 0.0
1.64 7.37 0.0
1.65 7.385 0.0
1.66 7.4 0.0
1.67 7.415 0.0
1.68 7.43 0.0
1.69 7.445 0.0
1.7 7.46 0.0
1.71 7.475 0.0
1.72 7.49 0.0
1.73 7.505 0.0
1.74 7.52 0.0
1.75 7.535 0.0
1.76 7.55 0.0
1.77 7.565 0.0
1.78 7.58 0.0
1.79 7.595 0.0
1.8 7.61 0.0
1.81 7.625 0.0
1.82 7.64 0.0
1.83 7.655 0.0
1.84 7.67 0.0
1.85 7.685 0.0
1.86 7.7 0.0
1.87 7.715 0.0
1.88 7.73 0.0
1.89 7.745 0.0
1.9 7.76 0.0
1.91 7.775 0.0
1.92 7.79 0.0
1.93 7.805 0.0
1.94 7.82 0.0
1.95 7.835 0.0
1.96 7.85 0.0
1.97 7.865 0.0
1.98 7.88 0.0
1.99 7.895 0.0
2.0 7.91 0.0
2.01 7.925 0.0
2.02 7.94 0.0
2.03 7.955 0.0
2.04 7.97 0.0
2.05 7.985 0.0
2.06 8.0 0.0
2.07 8.015 0.0
2.08 8.03 0.0
2.09 8.045 0.0
2.1 8.06 0.0
2.11 8.075 0.0
2.12 8.09 0.0
2.13 8.105 0.0
2.14 8.12 0.0
2.15 8.135 0.0
2.16 8.15 0.0
2.17 8.165 0.0
2.18 8.18 0.0
2.19 8.195 0.0
2.2 8.21 0.0
2.21 8.225 0.0
2.22 8.24 0.0
2.23 8.255 0.0
2.24 8.27 0.0
2.25 8.285 0.0
2.26 8.3 0.0
2.27 8.315 0.0
2.28 8.33 0.0
2.29 8.345 0.0
2.3 8.36 0.0
2.31 8.375 0.0
2.32 8.39 0.0
2.33 8.405 0.0
2.34 8.42 0.0
2.35 8.435 0.0
2.36 8.45 0.0
2.37 8.465 0.0
2.38 8.48 0.0
2.39 8.495 0.0
2.4 8.51 0.0
2.41 8.525 0.0
2.42 8.54 0.0
2.43 8.555 0.0
2.44 8.57 0.0
2.45 8.585 0.0
2.46 8.6 0.0
2.47 8.615 0.0
2.48 8.63 0.0
2.49 8.645 0.0
2.5 8.66 0.0
2.51 8.675 0.0
2.52 8.69 0.0
2.53 8.705 0.0
2.54 8.72 0.0
2.55 8.735 0.0
2.56 8.75 0.0
2.57 8.765 0.0
2.58 8.78 0.0
2.59 8.795 0.0
2.6 8.81 0.0
2.61 8.825 0.0
2.62 8.84 0.0
2.63 8.855 0.0
2.64 8.87 0.0
2.65 8.885 0.0
2.66 8.9 0.0
2.67 8.915 0.0
2.68 8.93 0.0
2.69 8.945 0.0
2.7 8.96 0.0
2.71 8.975 0.0
2.72 8.99 0.0
2.73 9.005 0.0
2.74 9.02 0.0
2.75 9.035 0.0
2.76 9.05 0.0
2.77 9.065 0.0
2.78 9.08 0.0
2.79 9.095 0.0
2.8 9.11 0.0
2.81 9.125 0.0
2.82 9.14 0.0
2.83 9.155 0.0
2.84 9.17 0.0
2.85 9.185 0.0
2.86 9.2 0.0
2.87 9.215 0.0
2.88 9.23 0.0
2.89 9.245 0.0
2.9 9.26 0.0
2.91 9.275 0.0
2.92 9.29 0.0
2.93 9.305 0.0
2.94 9.32 0.0
2.95 9.335 0.0
2.96 9.35 0.0
2.97 9.365 0.0
2.98 9.38 0.0
2.99 9.395 0.0
3.0 9.41 0.0
3.01 9.425 0.0
3.02 9.44 0.0
3.03 9.455 0.0
3.04 9.47 0.0
3.05 9.485 0.0
3.06 9.5 0.0
3.07 9.515 0.0
3.08 9.53 0.0
3.09 9.545 0.0
3.1 9.56 0.0
3.11 9.575 0.0
3.12 9.59 0.0
3.13 9.605 0.0
3.14 9.62 0.0
3.15 9.635 0.0
3.16 9.65 0.0
3.17 9.665 0.0
3.18 9.68 0.0
3.19 9.695 0.0
3.2 9.71 0.0
3.21 9.725 0.0
3.22 9.74 0.0
3.23 9.755 0.0
3.24 9.77 0.0
3.25 9.785 0.0
3.26 9.8 0.0
3.27 9.815 0.0
3.28 9.83 0.0
3.29 9.845 0.0
3.3 9.86 0.0
3.31 9.875 0.0
3.32 9.89 0.0
3.33 9.905 0.0
3.34 9.92 0.0
3.35 9.935 0.0
3.36 9.95 0.0
3.37 9.965 0.0
3.38 9.98 0.0
3.39 9.995 0.0
3.4 10.01 0.0
3.41 9.9994 0.0106
3.42 9.9888 0.0212
3.43 9.9782 0.0318
3.44 9.9676 0.0424
3.45 9.957 0.053
3.46 9.9464 0.0636
3.47 9.9358 0.0742
3.48 9.9252 0.0848
3.49 9.9146 0.0954
3.5 9.904 0.106
3.51 9.8934 0.1166
3.52 9.8828 0.1272
3.53 9.8722 0.1378
3.54 9.8616 0.1484
3.55 9.851 0.159
3.56 9.8404 0.1696
3.57 9.8298 0.1802
3.58 9.8192 0.1908
3.59 9.8086 0.2014
3.6 9.798 0.212
3.61 9.7874 0.2226
3.62 9.7768 0.2332
3.63 9.7662 0.2438
3.64 9.7556 0.2544
3.65 9.745 0.265
3.66 9.7344 0.2756
3.67 9.7238 0.2862
3.68 9.7132 0.2968
3.69 9.7026 0.3074
3.7 9.692 0.318
3.71 9.6814 0.3286
3.72 9.6708 0.3392
3.73 9.6602 0.3498
3.74 9.6496 0.3604
3.75 9.639 0.371
3.76 9.6284 0.3816
3.77 9.6178 0.3922
3.78 9.6072 0.4028
3.79 9.5966 0.4134
3.8 9.586 0.424
3.81 9.5754 0.4346
3.82 9.5648 0.4452
3.83 9.5542 0.4558
3.84 9.5436 0.4664
3.85 9.533 0.477
3.86 9.5224 0.4876
3.87 9.5118 0.4982
3.88 9.5012 0.5088
3.89 9.4906 0.5194
3.9 9.48 0.53
3.91 9.4694 0.5406
3.92 9.4588 0.5512
3.93 9.4482 0.5618
3.94 9.4376 0.5724
3.95 9.427 0.583
3.96 9.4164 0.5936
3.97 9.4058 0.6042
3.98 9.3952 0.6148
3.99 9.3846 0.6254
4.0 9.374 0.636
4.01 9.3634 0.6466
4.02 9.3528 0.6572
4.03 9.3422 0.6678
4.04 9.3316 0.6784
4.05 9.321 0.689
4.06 9.3104 0.6996
4.07 9.2998 0.7102
4.08 9.2892 0.7208
4.09 9.2786 0.7314
4.1 9.268 0.742
4.11 9.2574 0.7526
4.12 9.2468 0.7632
4.13 9.2362 0.7738
4.14 9.2256 0.7844
4.15 9.215 0.795
4.16 9.2044 0.8056
4.17 9.1938 0.8162
4.18 9.1832 0.8268
4.19 9.1726 0.8374
4.2 9.162 0.848
4.21 9.1514 0.8586
4.22 9.1408 0.8692
4.23 9.1302 0.8798
4.24 9.1196 0.8904
4.25 9.109 0.901
4.26 9.0984 0.9116
4.27 9.0878 0.9222
4.28 9.0772 0.9328
4.29 9.0666 0.9434
4.3 9.056 0.954
4.31 9.0454 0.9646
4.32 9.0348 0.9752
4.33 9.0242 0.9858
4.34 9.0136 0.9964
4.35 9.003 1.007
4.36 8.9924 1.0176
4.37 8.9818 1.0282
4.38 8.9712 1.0388
4.39 8.9606 1.0494
4.4 8.95 1.06
4.41 8.9394 1.0706
4.42 8.9288 1.0812
4.43 8.9182 1.0918
4.44 8.9076 1.1024
4.45 8.897 1.113
4.46 8.8864 1.1236
4.47 8.8758 1.1342
4.48 8.8652 1.1448
4.49 8.8546 1.1554
4.5 8.844 1.166
4.51 8.8334 1.1766
4.52 8.8228 1.1872
4.53 8.8122 1.1978
4.54 8.8016 1.2084
4.55 8.791 1.219
4.56 8.7804 1.2296
4.57 8.7698 1.2402
4.58 8.7592 1.2508
4.59 8.7486 1.2614
4.6 8.738 1.272
4.61 8.7274 1.2826
4.62 8.7168 1.2932
4.63 8.7062 1.3038
4.64 8.6956 1.3144
4.65 8.685 1.325
4.66 8.6744 1.3356
4.67 8.6638 1.3462
4.68 8.6532 1.3568
4.69 8.6426 1.3674
4.7 8.632 1.378
4.71 8.6214 1.3886
4.72 8.6108 1.3992
4.73 8.6002 1.4098
4.74 8.5896 1.4204
4.75 8.579 1.431
4.76 8.5684 1.4416
4.77 8.5578 1.4522
4.78 8.5472 1.4628
4.79 8.5366 1.4734
4.8 8.526 1.484
4.81 8.5154 1.4946
4.82 8.5048 1.5052
4.83 8.4942 1.5158
4.84 8.4836 1.5264
4.85 8.473 1.537
4.86 8.4624 1.5476
4.87 8.4518 1.5582
4.88 8.4412 1.5688
4.89 8.4306 1.5794
4.9 8.42 1.59
4.91 8.4094 1.6006
4.92 8.3988 1.6112
4.93 8.3882 1.6218
4.94 8.3776 1.6324
4.95 8.367 1.643
4.96 8.3564 1.6536
4.97 8.3458 1.6642
4.98 8.3352 1.6748
4.99 8.3246 1.6854
5.0 8.314 1.696
5.01 8.3034 1.7066
5.02 8.2928 1.7172
5.03 8.2822 1.7278
5.04 8.2716 1.7384
5.05 8.261 1.749
5.06 8.2504 1.7596
5.07 8.2398 1.7702
5.08 8.2292 1.7808
5.09 8.2186 1.7914
5.1 8.208 1.802
5.11 8.1974 1.8126
5.12 8.1868 1.8232
5.13 8.1762 1.8338
5.14 8.1656 1.8444
5.15 8.155 1.855
5.16 8.1444 1.8656
5.17 8.1338 1.8762
5.18 8.1232 1.8868
5.19 8.1126 1.8974
5.2 8.102 1.908
5.21 8.0914 1.9186
5.22 8.0808 1.9292
5.23 8.0702 1.9398
5.24 8.0596 1.9504
5.25 8.049 1.961
5.26 8.0384 1.9716
5.27 8.0278 1.9822
5.28 8.0172 1.9928
5.29 8.0066 2.0034
5.3 7.996 2.014
5.31 7.9854 2.0246
5.32 7.9748 2.0352
5.33 7.9642 2.0458
5.34 7.9536 2.0564
5.35 7.943 2.067
5.36 7.9324 2.0776
5.37 7.9218 2.0882
5.38 7.9112 2.0988
5.39 7.9006 2.1094
5.4 7.89 2.12
5.41 7.8794 2.1306
5.42 7.8688 2.1412
5.43 7.8582 2.1518
5.44 7.8476 2.1624
5.45 7.837 2.173
5.46 7.8264 2.1836
5.47 7.8158 2.1942
5.48 7.8052 2.2048
5.49 7.7946 2.2154
5.5 7.784 2.226
5.51 7.7734 2.2366
5.52 7.7628 2.2472
5.53 7.7522 2.2578
5.54 7.7416 2.2684
5.55 7.731 2.279
5.56 7.7204 2.2896
5.57 7.7098 2.3002
5.58 7.6992 2.3108
5.59 7.6886 2.3214
5.6 7.678 2.332
5.61 7.6674 2.3426
5.62 7.6568 2.3532
5.63 7.6462 2.3638
5.64 7.6356 2.3744
5.65 7.625 2.385
5.66 7.6144 2.3956
5.67 7.6038 2.4062
5.68 7.5932 2.4168
5.69 7.5826 2.4274
5.7 7.572 2.438
5.71 7.5614 2.4486
5.72 7.5508 2.4592
5.73 7.5402 2.4698
5.74 7.5296 2.4804
5.75 7.519 2.491
5.76 7.5084 2.5016
5.77 7.4978 2.5122
5.78 7.4872 2.5228
5.79 7.4766 2.5334
5.8 7.466 2.544
5.81 7.4554 2.5546
5.82 7.4448 2.5652
5.83 7.4342 2.5758
5.84 7.4236 2.5864
5.85 7.413 2.597
5.86 7.4024 2.6076
5.87 7.3918 2.6182
5.88 7.3812 2.6288
5.89 7.3706 2.6394
5.9 7.36 2.65
5.91 7.3494 2.6606
5.92 7.3388 2.6712
5.93 7.3282 2.6818
5.94 7.3176 2.6924
5.95 7.307 2.703
5.96 7.2964 2.7136
5.97 7.2858 2.7242
5.98 7.2752 2.7348
5.99 7.2646 2.7454
6.0 7.254 2.756
6.01 7.2434 2.7666
6.02 7.2328 2.7772
6.03 7.2222 2.7878
6.04 7.2116 2.7984
6.05 7.201 2.809
6.06 7.1904 2.8196
6.07 7.1798 2.8302
6.08 7.1692 2.8408
6.09 7.1586 2.8514
6.1 7.148 2.862
6.11 7.1374 2.8726
6.12 7.1268 2.8832
6.13 7.1162 2.8938
6.14 7.1056 2.9044
6.15 7.095 2.915
6.16 7.0844 2.9256
6.17 7.0738 2.9362
6.18 7.0632 2.9468
6.19 7.0526 2.9574
6.2 7.042 2.968
6.21 7.0314 2.9786
6.22 7.0208 2.9892
6.23 7.0102 2.9998
6.24 6.9996 3.0104
6.25 6.989 3.021
6.26 6.9784 3.0316
6.27 6.9678 3.0422
6.28 6.9572 3.0528
6.29 6.9466 3.0634
6.3 6.936 3.074
6.31 6.9254 3.0846
6.32 6.9148 3.0952
6.33 6.9042 3.1058
6.34 6.8936 3.1164
6.35 6.883 3.127
6.36 6.8724 3.1376
6.37 6.8618 3.1482
6.38 6.8512 3.1588
6.39 6.8406 3.1694
6.4 6.83 3.18
6.41 6.8194 3.1906
6.42 6.8088 3.2012
6.43 6.7982 3.2118
6.44 6.7876 3.2224
6.45 6.777 3.233
6.46 6.7664 3.2436
6.47 6.7558 3.2542
6.48 6.7452 3.2648
6.49 6.7346 3.2754
6.5 6.724 3.286
6.51 6.7134 3.2966
6.52 6.7028 3.3072
6.53 6.6922 3.3178
6.54 6.6816 3.3284
6.55 6.671 3.339
6.56 6.6604 3.3496
6.57 6.6498 3.3602
6.58 6.6392 3.3708
6.59 6.6286 3.3814
6.6 6.618 3.392
6.61 6.6074 3.4026
6.62 6.5968 3.4132
6.63 6.5862 3.4238
6.64 6.5756 3.4344
6.65 6.565 3.445
6.66 6.5544 3.4556
6.67 6.5438 3.4662
6.68 6.5332 3.4768
6.69 6.5226 3.4874
6.7 6.512 3.498
6.71 6.5014 3.5086
6.72 6.4908 3.5192
6.73 6.4802 3.5298
6.74 6.4696 3.5404
6.75 6.459 3.551
6.76 6.4484 3.5616
6.77 6.4378 3.5722
6.78 6.4272 3.5828
6.79 6.4166 3.5934
6.8 6.406 3.604
6.81 6.3954 3.6146
6.82 6.3848 3.6252
6.83 6.3742 3.6358
6.84 6.3636 3.6464
6.85 6.353 3.657
6.86 6.3424 3.6676
6.87 6.3318 3.6782
6.88 6.3212 3.6888
6.89 6.3106 3.6994
6.9 6.3 3.71
6.91 6.2894 3.7206
6.92 6.2788 3.7312
6.93 6.2682 3.7418
6.94 6.2576 3.7524
6.95 6.247 3.763
6.96 6.2364 3.7736
6.97 6.2258 3.7842
6.98 6.2152 3.7948
6.99 6.2046 3.8054
7.0 6.194 3.816
7.01 6.1834 3.8266
7.02 6.1728 3.8372
7.03 6.1622 3.8478
7.04 6.1516 3.8584
7.05 6.141 3.869
7.06 6.1304 3.8796
7.07 6.1198 3.8902
7.08 6.1092 3.9008
7.09 6.0986 3.9114
7.1 6.088 3.922
7.11 6.0774 3.9326
7.12 6.0668 3.9432
7.13 6.0562 3.9538
7.14 6.0456 3.9644
7.15 6.035 3.975
7.16 6.0244 3.9856
7.17 6.0138 3.9962
7.18 6.0032 4.0068
7.19 5.9926 4.0174
7.2 5.982 4.028
7.21 5.9714 4.0386
7.22 5.9608 4.0492
7.23 5.9502 4.0598
7.24 5.9396 4.0704
7.25 5.929 4.081
7.26 5.9184 4.0916
7.27 5.9078 4.1022
7.28 5.8972 4.1128
7.29 5.8866 4.1234
7.3 5.876 4.134
7.31 5.8654 4.1446
7.32 5.8548 4.1552
7.33 5.8442 4.1658
7.34 5.8336 4.1764
7.35 5.823 4.187
7.36 5.8124 4.1976
7.37 5.8018 4.2082
7.38 5.7912 4.2188
7.39 5.7806 4.2294
7.4 5.77 4.24
7.41 5.7594 4.2506
7.42 5.7488 4.2612
7.43 5.7382 4.2718
7.44 5.7276 4.2824
7.45 5.717 4.293
7.46 5.7064 4.3036
7.47 5.6958 4.3142
7.48 5.6852 4.3248
7.49 5.6746 4.3354
7.5 5.664 4.346
7.51 5.6534 4.3566
7.52 5.6428 4.3672
7.53 5.6322 4.3778
7.54 5.6216 4.3884
7.55 5.611 4.399
7.56 5.6004 4.4096
7.57 5.5898 4.4202
7.58 5.5792 4.4308
7.59 5.5686 4.4414
7.6 5.558 4.452
7.61 5.5474 4.4626
7.62 5.5368 4.4732
7.63 5.5262 4.4838
7.64 5.5156 4.4944
7.65 5.505 4.505
7.66 5.4944 4.5156
7.67 5.4838 4.5262
7.68 5.4732 4.5368
7.69 5.4626 4.5474
7.7 5.452 4.558
7.71 5.4414 4.5686
7.72 5.4308 4.5792
7.73 5.4202 4.5898
7.74 5.4096 4.6004
7.75 5.399 4.611
7.76 5.3884 4.6216
7.77 5.3778 4.6322
7.78 5.3672 4.6428
7.79 5.3566 4.6534
7.8 5.346 4.664
7.81 5.3354 4.6746
7.82 5.3248 4.6852
7.83 5.3142 4.6958
7.84 5.3036 4.7064
7.85 5.293 4.717
7.86 5.2824 4.7276
7.87 5.2718 4.7382
7.88 5.2612 4.7488
7.89 5.2506 4.7594
7.9 5.24 4.77
7.91 5.2294 4.7806
7.92 5.2188 4.7912
7.93 5.2082 4.8018
7.94 5.1976 4.8124
7.95 5.187 4.823
7.96 5.1764 4.8336
7.97 5.1658 4.8442
7.98 5.1552 4.8548
7.99 5.1446 4.8654
8.0 5.134 4.876
8.01 5.1234 4.8866
8.02 5.1128 4.8972
8.03 5.1022 4.9078
8.04 5.0916 4.9184
8.05 5.081 4.929
8.06 5.0704 4.9396
8.07 5.0598 4.9502
8.08 5.0492 4.9608
8.09 5.0386 4.9714
8.1 5.028 4.982
8.11 5.0174 4.9926
8.12 5.0068 5.0032
8.13 4.9962 5.0138
8.14 4.9856 5.0244
8.15 4.975 5.035
8.16 4.9644 5.0456
8.17 4.9538 5.0562
8.18 4.9432 5.0668
8.19 4.9326 5.0774
8.2 4.922 5.088
8.21 4.9114 5.0986
8.22 4.9008 5.1092
8.23 4.8902 5.1198
8.24 4.8796 5.1304
8.25 4.869 5.141
8.26 4.8584 5.1516
8.27 4.8478 5.1622
8.28 4.8372 5.1728
8.29 4.8266 5.1834
8.3 4.816 5.194
8.31 4.8054 5.2046
8.32 4.7948 5.2152
8.33 4.7842 5.2258
8.34 4.7736 5.2364
8.35 4.763 5.247
8.36 4.7524 5.2576
8.37 4.7418 5.2682
8.38 4.7312 5.2788
8.39 4.7206 5.2894
8.4 4.71 5.3
8.41 4.6994 5.3106
8.42 4.6888 5.3212
8.43 4.6782 5.3318
8.44 4.6676 5.3424
8.45 4.657 5.353
8.46 4.6464 5.3636
8.47 4.6358 5.3742
8.48 4.6252 5.3848
8.49 4.6146 5.3954
8.5 4.604 5.406
8.51 4.5934 5.4166
8.52 4.5828 5.4272
8.53 4.5722 5.4378
8.54 4.5616 5.4484
8.55 4.551 5.459
8.56 4.5404 5.4696
8.57 4.5298 5.4802
8.58 4.5192 5.4908
8.59 4.5086 5.5014
8.6 4.498 5.512
8.61 4.4874 5.5226
8.62 4.4768 5.5332
8.63 4.4662 5.5438
8.64 4.4556 5.5544
8.65 4.445 5.565
8.66 4.4344 5.5756
8.67 4.4238 5.5862
8.68 4.4132 5.5968
8.69 4.4026 5.6074
8.7 4.392 5.618
8.71 4.3814 5.6286
8.72 4.3708 5.6392
8.73 4.3602 5.6498
8.74 4.3496 5.6604
8.75 4.339 5.671
8.76 4.3284 5.6816
8.77 4.3178 5.6922
8.78 4.3072 5.7028
8.79 4.2966 5.7134
8.8 4.286 5.724
8.81 4.2754 5.7346
8.82 4.2648 5.7452
8.83 4.2542 5.7558
8.84 4.2436 5.7664
8.85 4.233 5.777
8.86 4.2224 5.7876
8.87 4.2118 5.7982
8.88 4.2012 5.8088
8.89 4.1906 5.8194
8.9 4.18 5.83
8.91 4.1694 5.8406
8.92 4.1588 5.8512
8.93 4.1482 5.8618
8.94 4.1376 5.8724
8.95 4.127 5.883
8.96 4.1164 5.8936
8.97 4.1058 5.9042
8.98 4.0952 5.9148
8.99 4.0846 5.9254
9.0 4.074 5.936
9.01 4.0634 5.9466
9.02 4.0528 5.9572
9.03 4.0422 5.9678
9.04 4.0316 5.9784
9.05 4.021 5.989
9.06 4.0104 5.9996
9.07 3.9998 6.0102
9.08 3.9892 6.0208
9.09 3.9786 6.0314
9.1 3.968 6.042
9.11 3.9574 6.0526
9.12 3.9468 6.0632
9.13 3.9362 6.0738
9.14 3.9256 6.0844
9.15 3.915 6.095
9.16 3.9044 6.1056
9.17 3.8938 6.1162
9.18 3.8832 6.1268
9.19 3.8726 6.1374
9.2 3.862 6.148
9.21 3.8514 6.1586
9.22 3.8408 6.1692
9.23 3.8302 6.1798
9.24 3.8196 6.1904
9.25 3.809 6.201
9.26 3.7984 6.2116
9.27 3.7878 6.2222
9.28 3.7772 6.2328
9.29 3.7666 6.2434
9.3 3.756 6.254
9.31 3.7454 6.2646
9.32 3.7348 6.2752
9.33 3.7242 6.2858
9.34 3.7136 6.2964
9.35 3.703 6.307
9.36 3.6924 6.3176
9.37 3.6818 6.3282
9.38 3.6712 6.3388
9.39 3.6606 6.3494
9.4 3.65 6.36
9.41 3.6394 6.3706
9.42 3.6288 6.3812
9.43 3.6182 6.3918
9.44 3.6076 6.4024
9.45 3.597 6.413
9.46 3.5864 6.4236
9.47 3.5758 6.4342
9.48 3.5652 6.4448
9.49 3.5546 6.4554
9.5 3.544 6.466
9.51 3.5334 6.4766
9.52 3.5228 6.4872
9.53 3.5122 6.4978
9.54 3.5016 6.5084
9.55 3.491 6.519
9.56 3.4804 6.5296
9.57 3.4698 6.5402
9.58 3.4592 6.5508
9.59 3.4486 6.5614
9.6 3.438 6.572
9.61 3.4274 6.5826
9.62 3.4168 6.5932
9.63 3.4062 6.6038
9.64 3.3956 6.6144
9.65 3.385 6.625
9.66 3.3744 6.6356
9.67 3.3638 6.6462
9.68 3.3532 6.6568
9.69 3.3426 6.6674
9.7 3.332 6.678
9.71 3.3214 6.6886
9.72 3.3108 6.6992
9.73 3.3002 6.7098
9.74 3.2896 6.7204
9.75 3.279 6.731
9.76 3.2684 6.7416
9.77 3.2578 6.7522
9.78 3.2472 6.7628
9.79 3.2366 6.7734
9.8 3.226 6.784
9.81 3.2154 6.7946
9.82 3.2048 6.8052
9.83 3.1942 6.8158
9.84 3.1836 6.8264
9.85 3.173 6.837
9.86 3.1624 6.8476
9.87 3.1518 6.8582
9.88 3.1412 6.8688
9.89 3.1306 6.8794
9.9 3.12 6.89
9.91 3.1094 6.9006
9.92 3.0988 6.9112
9.93 3.0882 6.9218
9.94 3.0776 6.9324
9.95 3.067 6.943
9.96 3.0564 6.9536
9.97 3.0458 6.9642
9.98 3.0352 6.9748
9.99 3.0246 6.9854
10.0 3.014 6.996
10.01 3.0034 7.0066
10.02 2.9928 7.0172
10.03 2.9822 7.0278
10.04 2.9716 7.0384
10.05 2.961 7.049
10.06 2.9504 7.0596
10.07 2.9398 7.0702
10.08 2.9292 7.0808
10.09 2.9186 7.0914
10.1 2.908 7.102
10.11 2.8974 7.1126
10.12 2.8868 7.1232
10.13 2.8762 7.1338
10.14 2.8656 7.1444
10.15 2.855 7.155
10.16 2.8444 7.1656
10.17 2.8338 7.1762
10.18 2.8232 7.1868
10.19 2.8126 7.1974
10.2 2.802 7.208
10.21 2.7914 7.2186
10.22 2.7808 7.2292
10.23 2.7702 7.2398
10.24 2.7596 7.2504
10.25 2.749 7.261
10.26 2.7384 7.2716
10.27 2.7278 7.2822
10.28 2.7172 7.2928
10.29 2.7066 7.3034
10.3 2.696 7.314
10.31 2.6854 7.3246
10.32 2.6748 7.3352
10.33 2.6642 7.3458
10.34 2.6536 7.3564
10.35 2.643 7.367
10.36 2.6324 7.3776
10.37 2.6218 7.3882
10.38 2.6112 7.3988
10.39 2.6006 7.4094
10.4 2.59 7.42
10.41 2.5794 7.4306
10.42 2.5688 7.4412
10.43 2.5582 7.4518
10.44 2.5476 7.4624
10.45 2.537 7.473
10.46 2.5264 7.4836
10.47 2.5158 7.4942
10.48 2.5052 7.5048
10.49 2.4946 7.5154
10.5 2.484 7.526
10.51 2.4734 7.5366
10.52 2.4628 7.5472
10.53 2.4522 7.5578
10.54 2.4416 7.5684
10.55 2.431 7.579
10.56 2.4204 7.5896
10.57 2.4098 7.6002
10.58 2.3992 7.6108
10.59 2.3886 7.6214
10.6 2.378 7.632
10.61 2.3674 7.6426
10.62 2.3568 7.6532
10.63 2.3462 7.6638
10.64 2.3356 7.6744
10.65 2.325 7.685
10.66 2.3144 7.6956
10.67 2.3038 7.7062
10.68 2.2932 7.7168
10.69 2.2826 7.7274
10.7 2.272 7.738
10.71 2.2614 7.7486
10.72 2.2508 7.7592
10.73 2.2402 7.7698
10.74 2.2296 7.7804
10.75 2.219 7.791
10.76 2.2084 7.8016
10.77 2.1978 7.8122
10.78 2.1872 7.8228
10.79 2.1766 7.8334
10.8 2.166 7.844
10.81 2.1554 7.8546
10.82 2.1448 7.8652
10.83 2.1342 7.8758
10.84 2.1236 7.8864
10.85 2.113 7.897
10.86 2.1024 7.9076
10.87 2.0918 7.9182
10.88 2.0812 7.9288
10.89 2.0706 7.9394
10.9 2.06 7.95
10.91 2.0494 7.9606
10.92 2.0388 7.9712
10.93 2.0282 7.9818
10.94 2.0176 7.9924
10.95 2.007 8.003
10.96 1.9964 8.0136
10.97 1.9858 8.0242
10.98 1.9752 8.0348
10.99 1.9646 8.0454
11.0 1.954 8.056
11.01 1.9434 8.0666
11.02 1.9328 8.0772
11.03 1.9222 8.0878
11.04 1.9116 8.0984
11.05 1.901 8.109
11.06 1.8904 8.1196
11.07 1.8798 8.1302
11.08 1.8692 8.1408
11.09 1.8586 8.1514
11.1 1.848 8.162
11.11 1.8374 8.1726
11.12 1.8268 8.1832
11.13 1.8162 8.1938
11.14 1.8056 8.2044
11.15 1.795 8.215
11.16 1.7844 8.2256
11.17 1.7738 8.2362
11.18 1.7632 8.2468
11.19 1.7526 8.2574
11.2 1.742 8.268
11.21 1.7314 8.2786
11.22 1.7208 8.2892
11.23 1.7102 8.2998
11.24 1.6996 8.3104
11.25 1.689 8.321
11.26 1.6784 8.3316
11.27 1.6678 8.3422
11.28 1.6572 8.3528
11.29 1.6466 8.3634
11.3 1.636 8.374
11.31 1.6254 8.3846
11.32 1.6148 8.3952
11.33 1.6042 8.4058
11.34 1.5936 8.4164
11.35 1.583 8.427
11.36 1.5724 8.4376
11.37 1.5618 8.4482
11.38 1.5512 8.4588
11.39 1.5406 8.4694
11.4 1.53 8.48
11.41 1.5194 8.4906
11.42 1.5088 8.5012
11.43 1.4982 8.5118
11.44 1.4876 8.5224
11.45 1.477 8.533
11.46 1.4664 8.5436
11.47 1.4558 8.5542
11.48 1.4452 8.5648
11.49 1.4346 8.5754
11.5 1.424 8.586
11.51 1.4134 8.5966
11.52 1.4028 8.6072
11.53 1.3922 8.6178
11.54 1.3816 8.6284
11.55 1.371 8.639
11.56 1.3604 8.6496
11.57 1.3498 8.6602
11.58 1.3392 8.6708
11.59 1.3286 8.6814
11.6 1.318 8.692
11.61 1.3074 8.7026
11.62 1.2968 8.7132
11.63 1.2862 8.7238
11.64 1.2756 8.7344
11.65 1.265 8.745
11.66 1.2544 8.7556
11.67 1.2438 8.7662
11.68 1.2332 8.7768
11.69 1.2226 8.7874
11.7 1.212 8.798
11.71 1.2014 8.8086
11.72 1.1908 8.8192
11.73 1.1802 8.8298
11.74 1.1696 8.8404
11.75 1.159 8.851
11.76 1.1484 8.8616
11.77 1.1378 8.8722
11.78 1.1272 8.8828
11.79 1.1166 8.8934
11.8 1.106 8.904
11.81 1.0954 8.9146
11.82 1.0848 8.9252
11.83 1.0742 8.9358
11.84 1.0636 8.9464
11.85 1.053 8.957
11.86 1.0424 8.9676
11.87 1.0318 8.9782
11.88 1.0212 8.9888
11.89 1.0106 8.9994
11.9 1.0 9.01
11.91 0.9894 9.0206
11.92 0.9788 9.0312
11.93 0.9682 9.0418
11.94 0.9576 9.0524
11.95 0.947 9.063
11.96 0.9364 9.0736
11.97 0.9258 9.0842
11.98 0.9152 9.0948
11.99 0.9046 9.1054
12.0 0.894 9.116
12.01 0.8834 9.1266
12.02 0.8728 9.1372
12.03 0.8622 9.1478
12.04 0.8516 9.1584
12.05 0.841 9.169
12.06 0.8304 9.1796
12.07 0.8198 9.1902
12.08 0.8092 9.2008
12.09 0.7986 9.2114
12.1 0.788 9.222
12.11 0.7774 9.2326
12.12 0.7668 9.2432
12.13 0.7562 9.2538
12.14 0.7456 9.2644
12.15 0.735 9.275
12.16 0.7244 9.2856
12.17 0.7138 9.2962
12.18 0.7032 9.3068
12.19 0.6926 9.3174
12.2 0.682 9.328
12.21 0.6714 9.3386
12.22 0.6608 9.3492
12.23 0.6502 9.3598
12.24 0.6396 9.3704
12.25 0.629 9.381
12.26 0.6184 9.3916
12.27 0.6078 9.4022
12.28 0.5972 9.4128
12.29 0.5866 9.4234
12.3 0.576 9.434
12.31 0.5654 9.4446
12.32 0.5548 9.4552
12.33 0.5442 9.4658
12.34 0.5336 9.4764
12.35 0.523 9.487
12.36 0.5124 9.4976
12.37 0.5018 9.5082
12.38 0.4912 9.5188
12.39 0.4806 9.5294
12.4 0.47 9.54
12.41 0.4594 9.5506
12.42 0.4488 9.5612
12.43 0.4382 9.5718
12.44 0.4276 9.5824
12.45 0.417 9.593
12.46 0.4064 9.6036
12.47 0.3958 9.6142
12.48 0.3852 9.6248
12.49 0.3746 9.6354
12.5 0.364 9.646
12.51 0.3534 9.6566
12.52 0.3428 9.6672
12.53 0.3322 9.6778
12.54 0.3216 9.6884
12.55 0.311 9.699
12.56 0.3004 9.7096
12.57 0.2898 9.7202
12.58 0.2792 9.7308
12.59 0.2686 9.7414
12.6 0.258 9.752
12.61 0.2474 9.7626
12.62 0.2368 9.7732
12.63 0.2262 9.7838
12.64 0.2156 9.7944
12.65 0.205 9.805
12.66 0.1944 9.8156
12.67 0.1838 9.8262
12.68 0.1732 9.8368
12.69 0.1626 9.8474
12.7 0.152 9.858
12.71 0.1414 9.8686
12.72 0.1308 9.8792
12.73 0.1202 9.8898
12.74 0.1096 9.9004
12.75 0.099 9.911
12.76 0.0884 9.9216
12.77 0.0778 9.9322
12.78 0.0672 9.9428
12.79 0.0566 9.9534
12.8 0.046 9.964
12.81 0.0354 9.9746
12.82 0.0248 9.9852
12.83 0.0142 9.9958
