0.09 9.9866 4.9933
0.1 9.9732 4.9866
0.11 9.9598 4.9799
0.12 9.9464 4.9732
0.13 9.933 4.9665
0.14 9.9196 4.9598
0.15 9.9062 4.9531
0.16 9.8928 4.9464
0.17 9.8794 4.9397
0.18 9.866 4.933
0.19 9.8526 4.9263
0.2 9.8392 4.9196
0.21 9.8258 4.9129
0.22 9.8124 4.9062
0.23 9.799 4.8995
0.24 9.7856 4.8928
0.25 9.7722 4.8861
0.26 9.7588 4.8794
0.27 9.7454 4.8727
0.28 9.732 4.866
0.29 9.7186 4.8593
0.3 9.7052 4.8526
0.31 9.6918 4.8459
0.32 9.6784 4.8392
0.33 9.665 4.8325
0.34 9.6516 4.8258
0.35 9.6382 4.8191
0.36 9.6248 4.8124
0.37 9.6114 4.8057
0.38 9.598 4.799
0.39 9.5846 4.7923
0.4 9.5712 4.7856
0.41 9.5578 4.7789
0.42 9.5444 4.7722
0.43 9.531 4.7655
0.44 9.5176 4.7588
0.45 9.5042 4.7521
0.46 9.4908 4.7454
0.47 9.4774 4.7387
0.48 9.464 4.732
0.49 9.4506 4.7253
0.5 9.4372 4.7186
0.51 9.4238 4.7119
0.52 9.4104 4.7052
0.53 9.397 4.6985
0.54 9.3836 4.6918
0.55 9.3702 4.6851
0.56 9.3568 4.6784
0.57 9.3434 4.6717
0.58 9.33 4.665
0.59 9.3166 4.6583
0.6 9.3032 4.6516
0.61 9.2898 4.6449
0.62 9.2764 4.6382
0.63 9.263 4.6315
0.64 9.2496 4.6248
0.65 9.2362 4.6181
0.66 9.2228 4.6114
0.67 9.2094 4.6047
0.68 9.196 4.598
0.69 9.1826 4.5913
0.7 9.1692 4.5846
0.71 9.1558 4.5779
0.72 9.1424 4.5712
0.73 9.129 4.5645
0.74 9.1156 4.5578
0.75 9.1022 4.5511
0.76 9.0888 4.5444
0.77 9.0754 4.5377
0.78 9.062 4.531
0.79 9.0486 4.5243
0.8 9.0352 4.5176
0.81 9.0218 4.5109
0.82 9.0084 4.5042
0.83 8.995 4.4975
0.84 8.9816 4.4908
0.85 8.9682 4.4841
0.86 8.9548 4.4774
0.87 8.9414 4.4707
0.88 8.928 4.464
0.89 8.9146 4.4573
0.9 8.9012 4.4506
0.91 8.8878 4.4439
0.92 8.8744 4.4372
0.93 8.861 4.4305
0.94 8.8476 4.4238
0.95 8.8342 4.4171
0.96 8.8208 4.4104
0.97 8.8074 4.4037
0.98 8.794 4.397
0.99 8.7806 4.3903
1.0 8.7672 4.3836
1.01 8.7538 4.3769
1.02 8.7404 4.3702
1.03 8.727 4.3635
1.04 8.7136 4.3568
1.05 8.7002 4.3501
1.06 8.6868 4.3434
1.07 8.6734 4.3367
1.08 8.66 4.33
1.09 8.6466 4.3233
1.1 8.6332 4.3166
1.11 8.6198 4.3099
1.12 8.6064 4.3032
1.13 8.593 4.2965
1.14 8.5796 4.2898
1.15 8.5662 4.2831
1.16 8.5528 4.2764
1.17 8.5394 4.2697
1.18 8.526 4.263
1.19 8.5126 4.2563
1.2 8.4992 4.2496
1.21 8.4858 4.2429
1.22 8.4724 4.2362
1.23 8.459 4.2295
1.24 8.4456 4.2228
1.25 8.4322 4.2161
1.26 8.4188 4.2094
1.27 8.4054 4.2027
1.28 8.392 4.196
1.29 8.3786 4.1893
1.3 8.3652 4.1826
1.31 8.3518 4.1759
1.32 8.3384 4.1692
1.33 8.325 4.1625
1.34 8.3116 4.1558
1.35 8.2982 4.1491
1.36 8.2848 4.1424
1.37 8.2714 4.1357
1.38 8.258 4.129
1.39 8.2446 4.1223
1.4 8.2312 4.1156
1.41 8.2178 4.1089
1.42 8.2044 4.1022
1.43 8.191 4.0955
1.44 8.1776 4.0888
1.45 8.1642 4.0821
1.46 8.1508 4.0754
1.47 8.1374 4.0687
1.48 8.124 4.062
1.49 8.1106 4.0553
1.5 8.0972 4.0486
1.51 8.0838 4.0419
1.52 8.0704 4.0352
1.53 8.057 4.0285
1.54 8.0436 4.0218
1.55 8.0302 4.0151
1.56 8.0168 4.0084
1.57 8.0034 4.0017
1.58 7.99 3.995
1.59 7.9766 3.9883
1.6 7.9632 3.9816
1.61 7.9498 3.9749
1.62 7.9364 3.9682
1.63 7.923 3.9615
1.64 7.9096 3.9548
1.65 7.8962 3.9481
1.66 7.8828 3.9414
1.67 7.8694 3.9347
1.68 7.856 3.928
1.69 7.8426 3.9213
1.7 7.8292 3.9146
1.71 7.8158 3.9079
1.72 7.8024 3.9012
1.73 7.789 3.8945
1.74 7.7756 3.8878
1.75 7.7622 3.8811
1.76 7.7488 3.8744
1.77 7.7354 3.8677
1.78 7.722 3.861
1.79 7.7086 3.8543
1.8 7.6952 3.8476
1.81 7.6818 3.8409
1.82 7.6684 3.8342
1.83 7.655 3.8275
1.84 7.6416 3.8208
1.85 7.6282 3.8141
1.86 7.6148 3.8074
1.87 7.6014 3.8007
1.88 7.588 3.794
1.89 7.5746 3.7873
1.9 7.5612 3.7806
1.91 7.5478 3.7739
1.92 7.5344 3.7672
1.93 7.521 3.7605
1.94 7.5076 3.7538
1.95 7.4942 3.7471
1.96 7.4808 3.7404
1.97 7.4674 3.7337
1.98 7.454 3.727
1.99 7.4406 3.7203
2.0 7.4272 3.7136
2.01 7.4138 3.7069
2.02 7.4004 3.7002
2.03 7.387 3.6935
2.04 7.3736 3.6868
2.05 7.3602 3.6801
2.06 7.3468 3.6734
2.07 7.3334 3.6667
2.08 7.32 3.66
2.09 7.3066 3.6533
2.1 7.2932 3.6466
2.11 7.2798 3.6399
2.12 7.2664 3.6332
2.13 7.253 3.6265
2.14 7.2396 3.6198
2.15 7.2262 3.6131
2.16 7.2128 3.6064
2.17 7.1994 3.5997
2.18 7.186 3.593
2.19 7.1726 3.5863
2.2 7.1592 3.5796
2.21 7.1458 3.5729
2.22 7.1324 3.5662
2.23 7.119 3.5595
2.24 7.1056 3.5528
2.25 7.0922 3.5461
2.26 7.0788 3.5394
2.27 7.0654 3.5327
2.28 7.052 3.526
2.29 7.0386 3.5193
2.3 7.0252 3.5126
2.31 7.0118 3.5059
2.32 6.9984 3.4992
2.33 6.985 3.4925
2.34 6.9716 3.4858
2.35 6.9582 3.4791
2.36 6.9448 3.4724
2.37 6.9314 3.4657
2.38 6.918 3.459
2.39 6.9046 3.4523
2.4 6.8912 3.4456
2.41 6.8778 3.4389
2.42 6.8644 3.4322
2.43 6.851 3.4255
2.44 6.8376 3.4188
2.45 6.8242 3.4121
2.46 6.8108 3.4054
2.47 6.7974 3.3987
2.48 6.784 3.392
2.49 6.7706 3.3853
2.5 6.7572 3.3786
2.51 6.7438 3.3719
2.52 6.7304 3.3652
2.53 6.717 3.3585
2.54 6.7036 3.3518
2.55 6.6902 3.3451
2.56 6.6768 3.3384
2.57 6.6634 3.3317
2.58 6.65 3.325
2.59 6.6366 3.3183
2.6 6.6232 3.3116
2.61 6.6098 3.3049
2.62 6.5964 3.2982
2.63 6.583 3.2915
2.64 6.5696 3.2848
2.65 6.5562 3.2781
2.66 6.5428 3.2714
2.67 6.5294 3.2647
2.68 6.516 3.258
2.69 6.5026 3.2513
2.7 6.4892 3.2446
2.71 6.4758 3.2379
2.72 6.4624 3.2312
2.73 6.449 3.2245
2.74 6.4356 3.2178
2.75 6.4222 3.2111
2.76 6.4088 3.2044
2.77 6.3954 3.1977
2.78 6.382 3.191
2.79 6.3686 3.1843
2.8 6.3552 3.1776
2.81 6.3418 3.1709
2.82 6.3284 3.1642
2.83 6.315 3.1575
2.84 6.3016 3.1508
2.85 6.2882 3.1441
2.86 6.2748 3.1374
2.87 6.2614 3.1307
2.88 6.248 3.124
2.89 6.2346 3.1173
2.9 6.2212 3.1106
2.91 6.2078 3.1039
2.92 6.1944 3.0972
2.93 6.181 3.0905
2.94 6.1676 3.0838
2.95 6.1542 3.0771
2.96 6.1408 3.0704
2.97 6.1274 3.0637
2.98 6.114 3.057
2.99 6.1006 3.0503
3.0 6.0872 3.0436
3.01 6.0738 3.0369
3.02 6.0604 3.0302
3.03 6.047 3.0235
3.04 6.0336 3.0168
3.05 6.0202 3.0101
3.06 6.0068 3.0034
3.07 5.9934 2.9967
3.08 5.98 2.99
3.09 5.9666 2.9833
3.1 5.9532 2.9766
3.11 5.9398 2.9699
3.12 5.9264 2.9632
3.13 5.913 2.9565
3.14 5.8996 2.9498
3.15 5.8862 2.9431
3.16 5.8728 2.9364
3.17 5.8594 2.9297
3.18 5.846 2.923
3.19 5.8326 2.9163
3.2 5.8192 2.9096
3.21 5.8058 2.9029
3.22 5.7924 2.8962
3.23 5.779 2.8895
3.24 5.7656 2.8828
3.25 5.7522 2.8761
3.26 5.7388 2.8694
3.27 5.7254 2.8627
3.28 5.712 2.856
3.29 5.6986 2.8493
3.3 5.6852 2.8426
3.31 5.6718 2.8359
3.32 5.6584 2.8292
3.33 5.645 2.8225
3.34 5.6316 2.8158
3.35 5.6182 2.8091
3.36 5.6048 2.8024
3.37 5.5914 2.7957
3.38 5.578 2.789
3.39 5.5646 2.7823
3.4 5.5512 2.7756
3.41 5.5378 2.7689
3.42 5.5244 2.7622
3.43 5.511 2.7555
3.44 5.4976 2.7488
3.45 5.4842 2.7421
3.46 5.4708 2.7354
3.47 5.4574 2.7287
3.48 5.444 2.722
3.49 5.4306 2.7153
3.5 5.4172 2.7086
3.51 5.4038 2.7019
3.52 5.3904 2.6952
3.53 5.377 2.6885
3.54 5.3636 2.6818
3.55 5.3502 2.6751
3.56 5.3368 2.6684
3.57 5.3234 2.6617
3.58 5.31 2.655
3.59 5.2966 2.6483
3.6 5.2832 2.6416
3.61 5.2698 2.6349
3.62 5.2564 2.6282
3.63 5.243 2.6215
3.64 5.2296 2.6148
3.65 5.2162 2.6081
3.66 5.2028 2.6014
3.67 5.1894 2.5947
3.68 5.176 2.588
3.69 5.1626 2.5813
3.7 5.1492 2.5746
3.71 5.1358 2.5679
3.72 5.1224 2.5612
3.73 5.109 2.5545
3.74 5.0956 2.5478
3.75 5.0822 2.5411
3.76 5.0688 2.5344
3.77 5.0554 2.5277
3.78 5.042 2.521
3.79 5.0286 2.5143
3.8 5.0152 2.5076
3.81 5.0018 2.5009
3.82 4.9884 2.4942
3.83 4.975 2.4875
3.84 4.9616 2.4808
3.85 4.9482 2.4741
3.86 4.9348 2.4674
3.87 4.9214 2.4607
3.88 4.908 2.454
3.89 4.8946 2.4473
3.9 4.8812 2.4406
3.91 4.8678 2.4339
3.92 4.8544 2.4272
3.93 4.841 2.4205
3.94 4.8276 2.4138
3.95 4.8142 2.4071
3.96 4.8008 2.4004
3.97 4.7874 2.3937
3.98 4.774 2.387
3.99 4.7606 2.3803
4.0 4.7472 2.3736
4.01 4.7338 2.3669
4.02 4.7204 2.3602
4.03 4.707 2.3535
4.04 4.6936 2.3468
4.05 4.6802 2.3401
4.06 4.6668 2.3334
4.07 4.6534 2.3267
4.08 4.64 2.32
4.09 4.6266 2.3133
4.1 4.6132 2.3066
4.11 4.5998 2.2999
4.12 4.5864 2.2932
4.13 4.573 2.2865
4.14 4.5596 2.2798
4.15 4.5462 2.2731
4.16 4.5328 2.2664
4.17 4.5194 2.2597
4.18 4.506 2.253
4.19 4.4926 2.2463
4.2 4.4792 2.2396
4.21 4.4658 2.2329
4.22 4.4524 2.2262
4.23 4.439 2.2195
4.24 4.4256 2.2128
4.25 4.4122 2.2061
4.26 4.3988 2.1994
4.27 4.3854 2.1927
4.28 4.372 2.186
4.29 4.3586 2.1793
4.3 4.3452 2.1726
4.31 4.3318 2.1659
4.32 4.3184 2.1592
4.33 4.305 2.1525
4.34 4.2916 2.1458
4.35 4.2782 2.1391
4.36 4.2648 2.1324
4.37 4.2514 2.1257
4.38 4.238 2.119
4.39 4.2246 2.1123
4.4 4.2112 2.1056
4.41 4.1978 2.0989
4.42 4.1844 2.0922
4.43 4.171 2.0855
4.44 4.1576 2.0788
4.45 4.1442 2.0721
4.46 4.1308 2.0654
4.47 4.1174 2.0587
4.48 4.104 2.052
4.49 4.0906 2.0453
4.5 4.0772 2.0386
4.51 4.0638 2.0319
4.52 4.0504 2.0252
4.53 4.037 2.0185
4.54 4.0236 2.0118
4.55 4.0102 2.0051
4.56 3.9968 1.9984
4.57 3.9834 1.9917
4.58 3.97 1.985
4.59 3.9566 1.9783
4.6 3.9432 1.9716
4.61 3.9298 1.9649
4.62 3.9164 1.9582
4.63 3.903 1.9515
4.64 3.8896 1.9448
4.65 3.8762 1.9381
4.66 3.8628 1.9314
4.67 3.8494 1.9247
4.68 3.836 1.918
4.69 3.8226 1.9113
4.7 3.8092 1.9046
4.71 3.7958 1.8979
4.72 3.7824 1.8912
4.73 3.769 1.8845
4.74 3.7556 1.8778
4.75 3.7422 1.8711
4.76 3.7288 1.8644
4.77 3.7154 1.8577
4.78 3.702 1.851
4.79 3.6886 1.8443
4.8 3.6752 1.8376
4.81 3.6618 1.8309
4.82 3.6484 1.8242
4.83 3.635 1.8175
4.84 3.6216 1.8108
4.85 3.6082 1.8041
4.86 3.5948 1.7974
4.87 3.5814 1.7907
4.88 3.568 1.784
4.89 3.5546 1.7773
4.9 3.5412 1.7706
4.91 3.5278 1.7639
4.92 3.5144 1.7572
4.93 3.501 1.7505
4.94 3.4876 1.7438
4.95 3.4742 1.7371
4.96 3.4608 1.7304
4.97 3.4474 1.7237
4.98 3.434 1.717
4.99 3.4206 1.7103
5.0 3.4072 1.7036
5.01 3.3938 1.6969
5.02 3.3804 1.6902
5.03 3.367 1.6835
5.04 3.3536 1.6768
5.05 3.3402 1.6701
5.06 3.3268 1.6634
5.07 3.3134 1.6567
5.08 3.3 1.65
5.09 3.2866 1.6433
5.1 3.2732 1.6366
5.11 3.2598 1.6299
5.12 3.2464 1.6232
5.13 3.233 1.6165
5.14 3.2196 1.6098
5.15 3.2062 1.6031
5.16 3.1928 1.5964
5.17 3.1794 1.5897
5.18 3.166 1.583
5.19 3.1526 1.5763
5.2 3.1392 1.5696
5.21 3.1258 1.5629
5.22 3.1124 1.5562
5.23 3.099 1.5495
5.24 3.0856 1.5428
5.25 3.0722 1.5361
5.26 3.0588 1.5294
5.27 3.0454 1.5227
5.28 3.032 1.516
5.29 3.0186 1.5093
5.3 3.0052 1.5026
5.31 2.9918 1.4959
5.32 2.9784 1.4892
5.33 2.965 1.4825
5.34 2.9516 1.4758
5.35 2.9382 1.4691
5.36 2.9248 1.4624
5.37 2.9114 1.4557
5.38 2.898 1.449
5.39 2.8846 1.4423
5.4 2.8712 1.4356
5.41 2.8578 1.4289
5.42 2.8444 1.4222
5.43 2.831 1.4155
5.44 2.8176 1.4088
5.45 2.8042 1.4021
5.46 2.7908 1.3954
5.47 2.7774 1.3887
5.48 2.764 1.382
5.49 2.7506 1.3753
5.5 2.7372 1.3686
5.51 2.7238 1.3619
5.52 2.7104 1.3552
5.53 2.697 1.3485
5.54 2.6836 1.3418
5.55 2.6702 1.3351
5.56 2.6568 1.3284
5.57 2.6434 1.3217
5.58 2.63 1.315
5.59 2.6166 1.3083
5.6 2.6032 1.3016
5.61 2.5898 1.2949
5.62 2.5764 1.2882
5.63 2.563 1.2815
5.64 2.5496 1.2748
5.65 2.5362 1.2681
5.66 2.5228 1.2614
5.67 2.5094 1.2547
5.68 2.496 1.248
5.69 2.4826 1.2413
5.7 2.4692 1.2346
5.71 2.4558 1.2279
5.72 2.4424 1.2212
5.73 2.429 1.2145
5.74 2.4156 1.2078
5.75 2.4022 1.2011
5.76 2.3888 1.1944
5.77 2.3754 1.1877
5.78 2.362 1.181
5.79 2.3486 1.1743
5.8 2.3352 1.1676
5.81 2.3218 1.1609
5.82 2.3084 1.1542
5.83 2.295 1.1475
5.84 2.2816 1.1408
5.85 2.2682 1.1341
5.86 2.2548 1.1274
5.87 2.2414 1.1207
5.88 2.228 1.114
5.89 2.2146 1.1073
5.9 2.2012 1.1006
5.91 2.1878 1.0939
5.92 2.1744 1.0872
5.93 2.161 1.0805
5.94 2.1476 1.0738
5.95 2.1342 1.0671
5.96 2.1208 1.0604
5.97 2.1074 1.0537
5.98 2.094 1.047
5.99 2.0806 1.0403
6.0 2.0672 1.0336
6.01 2.0538 1.0269
6.02 2.0404 1.0202
6.03 2.027 1.0135
6.04 2.0136 1.0068
6.05 2.0002 1.0001
6.06 1.9868 0.9934
6.07 1.9734 0.9867
6.08 1.96 0.98
6.09 1.9466 0.9733
6.1 1.9332 0.9666
6.11 1.9198 0.9599
6.12 1.9064 0.9532
6.13 1.893 0.9465
6.14 1.8796 0.9398
6.15 1.8662 0.9331
6.16 1.8528 0.9264
6.17 1.8394 0.9197
6.18 1.826 0.913
6.19 1.8126 0.9063
6.2 1.7992 0.8996
6.21 1.7858 0.8929
6.22 1.7724 0.8862
6.23 1.759 0.8795
6.24 1.7456 0.8728
6.25 1.7322 0.8661
6.26 1.7188 0.8594
6.27 1.7054 0.8527
6.28 1.692 0.846
6.29 1.6786 0.8393
6.3 1.6652 0.8326
6.31 1.6518 0.8259
6.32 1.6384 0.8192
6.33 1.625 0.8125
6.34 1.6116 0.8058
6.35 1.5982 0.7991
6.36 1.5848 0.7924
6.37 1.5714 0.7857
6.38 1.558 0.779
6.39 1.5446 0.7723
6.4 1.5312 0.7656
6.41 1.5178 0.7589
6.42 1.5044 0.7522
6.43 1.491 0.7455
6.44 1.4776 0.7388
6.45 1.4642 0.7321
6.46 1.4508 0.7254
6.47 1.4374 0.7187
6.48 1.424 0.712
6.49 1.4106 0.7053
6.5 1.3972 0.6986
6.51 1.3838 0.6919
6.52 1.3704 0.6852
6.53 1.357 0.6785
6.54 1.3436 0.6718
6.55 1.3302 0.6651
6.56 1.3168 0.6584
6.57 1.3034 0.6517
6.58 1.29 0.645
6.59 1.2766 0.6383
6.6 1.2632 0.6316
6.61 1.2498 0.6249
6.62 1.2364 0.6182
6.63 1.223 0.6115
6.64 1.2096 0.6048
6.65 1.1962 0.5981
6.66 1.1828 0.5914
6.67 1.1694 0.5847
6.68 1.156 0.578
6.69 1.1426 0.5713
6.7 1.1292 0.5646
6.71 1.1158 0.5579
6.72 1.1024 0.5512
6.73 1.089 0.5445
6.74 1.0756 0.5378
6.75 1.0622 0.5311
6.76 1.0488 0.5244
6.77 1.0354 0.5177
6.78 1.022 0.511
6.79 1.0086 0.5043
6.8 0.9952 0.4976
6.81 0.9818 0.4909
6.82 0.9684 0.4842
6.83 0.955 0.4775
6.84 0.9416 0.4708
6.85 0.9282 0.4641
6.86 0.9148 0.4574
6.87 0.9014 0.4507
6.88 0.888 0.444
6.89 0.8746 0.4373
6.9 0.8612 0.4306
6.91 0.8478 0.4239
6.92 0.8344 0.4172
6.93 0.821 0.4105
6.94 0.8076 0.4038
6.95 0.7942 0.3971
6.96 0.7808 0.3904
6.97 0.7674 0.3837
6.98 0.754 0.377
6.99 0.7406 0.3703
7.0 0.7272 0.3636
7.01 0.7138 0.3569
7.02 0.7004 0.3502
7.03 0.687 0.3435
7.04 0.6736 0.3368
7.05 0.6602 0.3301
7.06 0.6468 0.3234
7.07 0.6334 0.3167
7.08 0.62 0.31
7.09 0.6066 0.3033
7.1 0.5932 0.2966
7.11 0.5798 0.2899
7.12 0.5664 0.2832
7.13 0.553 0.2765
7.14 0.5396 0.2698
7.15 0.5262 0.2631
7.16 0.5128 0.2564
7.17 0.4994 0.2497
7.18 0.486 0.243
7.19 0.4726 0.2363
7.2 0.4592 0.2296
7.21 0.4458 0.2229
7.22 0.4324 0.2162
7.23 0.419 0.2095
7.24 0.4056 0.2028
7.25 0.3922 0.1961
7.26 0.3788 0.1894
7.27 0.3654 0.1827
7.28 0.352 0.176
7.29 0.3386 0.1693
7.3 0.3252 0.1626
7.31 0.3118 0.1559
7.32 0.2984 0.1492
7.33 0.285 0.1425
7.34 0.2716 0.1358
7.35 0.2582 0.1291
7.36 0.2448 0.1224
7.37 0.2314 0.1157
7.38 0.218 0.109
7.39 0.2046 0.1023
7.4 0.1912 0.0956
7.41 0.1778 0.0889
7.42 0.1644 0.0822
7.43 0.151 0.0755
7.44 0.1376 0.0688
7.45 0.1242 0.0621
7.46 0.1108 0.0554
7.47 0.0974 0.0487
7.48 0.084 0.042
7.49 0.0706 0.0353
7.5 0.0572 0.0286
7.51 0.0438 0.0219
7.52 0.0304 0.0152
7.53 0.017 0.0085
7.54 0.0036 0.0018
7.55 0.0036 0.0168
7.56 0.0036 0.0318
7.57 0.0036 0.0468
7.58 0.0036 0.0618
7.59 0.0036 0.0768
7.6 0.0036 0.0918
7.61 0.0036 0.1068
7.62 0.0036 0.1218
7.63 0.0036 0.1368
7.64 0.0036 0.1518
7.65 0.0036 0.1668
7.66 0.0036 0.1818
7.67 0.0036 0.1968
7.68 0.0036 0.2118
7.69 0.0036 0.2268
7.7 0.0036 0.2418
7.71 0.0036 0.2568
7.72 0.0036 0.2718
7.73 0.0036 0.2868
7.74 0.0036 0.3018
7.75 0.0036 0.3168
7.76 0.0036 0.3318
7.77 0.0036 0.3468
7.78 0.0036 0.3618
7.79 0.0036 0.3768
7.8 0.0036 0.3918
7.81 0.0036 0.4068
7.82 0.0036 0.4218
7.83 0.0036 0.4368
7.84 0.0036 0.4518
7.85 0.0036 0.4668
7.86 0.0036 0.4818
7.87 0.0036 0.4968
7.88 0.0036 0.5118
7.89 0.0036 0.5268
7.9 0.0036 0.5418
7.91 0.0036 0.5568
7.92 0.0036 0.5718
7.93 0.0036 0.5868
7.94 0.0036 0.6018
7.95 0.0036 0.6168
7.96 0.0036 0.6318
7.97 0.0036 0.6468
7.98 0.0036 0.6618
7.99 0.0036 0.6768
8.0 0.0036 0.6918
8.01 0.0036 0.7068
8.02 0.0036 0.7218
8.03 0.0036 0.7368
8.04 0.0036 0.7518
8.05 0.0036 0.7668
8.06 0.0036 0.7818
8.07 0.0036 0.7968
8.08 0.0036 0.8118
8.09 0.0036 0.8268
8.1 0.0036 0.8418
8.11 0.0036 0.8568
8.12 0.0036 0.8718
8.13 0.0036 0.8868
8.14 0.0036 0.9018
8.15 0.0036 0.9168
8.16 0.0036 0.9318
8.17 0.0036 0.9468
8.18 0.0036 0.9618
8.19 0.0036 0.9768
8.2 0.0036 0.9918
8.21 0.0036 1.0068
8.22 0.0036 1.0218
8.23 0.0036 1.0368
8.24 0.0036 1.0518
8.25 0.0036 1.0668
8.26 0.0036 1.0818
8.27 0.0036 1.0968
8.28 0.0036 1.1118
8.29 0.0036 1.1268
8.3 0.0036 1.1418
8.31 0.0036 1.1568
8.32 0.0036 1.1718
8.33 0.0036 1.1868
8.34 0.0036 1.2018
8.35 0.0036 1.2168
8.36 0.0036 1.2318
8.37 0.0036 1.2468
8.38 0.0036 1.2618
8.39 0.0036 1.2768
8.4 0.0036 1.2918
8.41 0.0036 1.3068
8.42 0.0036 1.3218
8.43 0.0036 1.3368
8.44 0.0036 1.3518
8.45 0.0036 1.3668
8.46 0.0036 1.3818
8.47 0.0036 1.3968
8.48 0.0036 1.4118
8.49 0.0036 1.4268
8.5 0.0036 1.4418
8.51 0.0036 1.4568
8.52 0.0036 1.4718
8.53 0.0036 1.4868
8.54 0.0036 1.5018
8.55 0.0036 1.5168
8.56 0.0036 1.5318
8.57 0.0036 1.5468
8.58 0.0036 1.5618
8.59 0.0036 1.5768
8.6 0.0036 1.5918
8.61 0.0036 1.6068
8.62 0.0036 1.6218
8.63 0.0036 1.6368
8.64 0.0036 1.6518
8.65 0.0036 1.6668
8.66 0.0036 1.6818
8.67 0.0036 1.6968
8.68 0.0036 1.7118
8.69 0.0036 1.7268
8.7 0.0036 1.7418
8.71 0.0036 1.7568
8.72 0.0036 1.7718
8.73 0.0036 1.7868
8.74 0.0036 1.8018
8.75 0.0036 1.8168
8.76 0.0036 1.8318
8.77 0.0036 1.8468
8.78 0.0036 1.8618
8.79 0.0036 1.8768
8.8 0.0036 1.8918
8.81 0.0036 1.9068
8.82 0.0036 1.9218
8.83 0.0036 1.9368
8.84 0.0036 1.9518
8.85 0.0036 1.9668
8.86 0.0036 1.9818
8.87 0.0036 1.9968
8.88 0.0036 2.0118
8.89 0.0036 2.0268
8.9 0.0036 2.0418
8.91 0.0036 2.0568
8.92 0.0036 2.0718
8.93 0.0036 2.0868
8.94 0.0036 2.1018
8.95 0.0036 2.1168
8.96 0.0036 2.1318
8.97 0.0036 2.1468
8.98 0.0036 2.1618
8.99 0.0036 2.1768
9.0 0.0036 2.1918
9.01 0.0036 2.2068
9.02 0.0036 2.2218
9.03 0.0036 2.2368
9.04 0.0036 2.2518
9.05 0.0036 2.2668
9.06 0.0036 2.2818
9.07 0.0036 2.2968
9.08 0.0036 2.3118
9.09 0.0036 2.3268
9.1 0.0036 2.3418
9.11 0.0036 2.3568
9.12 0.0036 2.3718
9.13 0.0036 2.3868
9.14 0.0036 2.4018
9.15 0.0036 2.4168
9.16 0.0036 2.4318
9.17 0.0036 2.4468
9.18 0.0036 2.4618
9.19 0.0036 2.4768
9.2 0.0036 2.4918
9.21 0.0036 2.5068
9.22 0.0036 2.5218
9.23 0.0036 2.5368
9.24 0.0036 2.5518
9.25 0.0036 2.5668
9.26 0.0036 2.5818
9.27 0.0036 2.5968
9.28 0.0036 2.6118
9.29 0.0036 2.6268
9.3 0.0036 2.6418
9.31 0.0036 2.6568
9.32 0.0036 2.6718
9.33 0.0036 2.6868
9.34 0.0036 2.7018
9.35 0.0036 2.7168
9.36 0.0036 2.7318
9.37 0.0036 2.7468
9.38 0.0036 2.7618
9.39 0.0036 2.7768
9.4 0.0036 2.7918
9.41 0.0036 2.8068
9.42 0.0036 2.8218
9.43 0.0036 2.8368
9.44 0.0036 2.8518
9.45 0.0036 2.8668
9.46 0.0036 2.8818
9.47 0.0036 2.8968
9.48 0.0036 2.9118
9.49 0.0036 2.9268
9.5 0.0036 2.9418
9.51 0.0036 2.9568
9.52 0.0036 2.9718
9.53 0.0036 2.9868
9.54 0.0036 3.0018
9.55 0.0036 3.0168
9.56 0.0036 3.0318
9.57 0.0036 3.0468
9.58 0.0036 3.0618
9.59 0.0036 3.0768
9.6 0.0036 3.0918
9.61 0.0036 3.1068
9.62 0.0036 3.1218
9.63 0.0036 3.1368
9.64 0.0036 3.1518
9.65 0.0036 3.1668
9.66 0.0036 3.1818
9.67 0.0036 3.1968
9.68 0.0036 3.2118
9.69 0.0036 3.2268
9.7 0.0036 3.2418
9.71 0.0036 3.2568
9.72 0.0036 3.2718
9.73 0.0036 3.2868
9.74 0.0036 3.3018
9.75 0.0036 3.3168
9.76 0.0036 3.3318
9.77 0.0036 3.3468
9.78 0.0036 3.3618
9.79 0.0036 3.3768
9.8 0.0036 3.3918
9.81 0.0036 3.4068
9.82 0.0036 3.4218
9.83 0.0036 3.4368
9.84 0.0036 3.4518
9.85 0.0036 3.4668
9.86 0.0036 3.4818
9.87 0.0036 3.4968
9.88 0.0036 3.5118
9.89 0.0036 3.5268
9.9 0.0036 3.5418
9.91 0.0036 3.5568
9.92 0.0036 3.5718
9.93 0.0036 3.5868
9.94 0.0036 3.6018
9.95 0.0036 3.6168
9.96 0.0036 3.6318
9.97 0.0036 3.6468
9.98 0.0036 3.6618
9.99 0.0036 3.6768
10.0 0.0036 3.6918
10.01 0.0036 3.7068
10.02 0.0036 3.7218
10.03 0.0036 3.7368
10.04 0.0036 3.7518
10.05 0.0036 3.7668
10.06 0.0036 3.7818
10.07 0.0036 3.7968
10.08 0.0036 3.8118
10.09 0.0036 3.8268
10.1 0.0036 3.8418
10.11 0.0036 3.8568
10.12 0.0036 3.8718
10.13 0.0036 3.8868
10.14 0.0036 3.9018
10.15 0.0036 3.9168
10.16 0.0036 3.9318
10.17 0.0036 3.9468
10.18 0.0036 3.9618
10.19 0.0036 3.9768
10.2 0.0036 3.9918
10.21 0.0036 4.0068
10.22 0.0036 4.0218
10.23 0.0036 4.0368
10.24 0.0036 4.0518
10.25 0.0036 4.0668
10.26 0.0036 4.0818
10.27 0.0036 4.0968
10.28 0.0036 4.1118
10.29 0.0036 4.1268
10.3 0.0036 4.1418
10.31 0.0036 4.1568
10.32 0.0036 4.1718
10.33 0.0036 4.1868
10.34 0.0036 4.2018
10.35 0.0036 4.2168
10.36 0.0036 4.2318
10.37 0.0036 4.2468
10.38 0.0036 4.2618
10.39 0.0036 4.2768
10.4 0.0036 4.2918
10.41 0.0036 4.3068
10.42 0.0036 4.3218
10.43 0.0036 4.3368
10.44 0.0036 4.3518
10.45 0.0036 4.3668
10.46 0.0036 4.3818
10.47 0.0036 4.3968
10.48 0.0036 4.4118
10.49 0.0036 4.4268
10.5 0.0036 4.4418
10.51 0.0036 4.4568
10.52 0.0036 4.4718
10.53 0.0036 4.4868
10.54 0.0036 4.5018
10.55 0.0036 4.5168
10.56 0.0036 4.5318
10.57 0.0036 4.5468
10.58 0.0036 4.5618
10.59 0.0036 4.5768
10.6 0.0036 4.5918
10.61 0.0036 4.6068
10.62 0.0036 4.6218
10.63 0.0036 4.6368
10.64 0.0036 4.6518
10.65 0.0036 4.6668
10.66 0.0036 4.6818
10.67 0.0036 4.6968
10.68 0.0036 4.7118
10.69 0.0036 4.7268
10.7 0.0036 4.7418
10.71 0.0036 4.7568
10.72 0.0036 4.7718
10.73 0.0036 4.7868
10.74 0.0036 4.8018
10.75 0.0036 4.8168
10.76 0.0036 4.8318
10.77 0.0036 4.8468
10.78 0.0036 4.8618
10.79 0.0036 4.8768
10.8 0.0036 4.8918
10.81 0.0036 4.9068
10.82 0.0036 4.9218
10.83 0.0036 4.9368
10.84 0.0036 4.9518
10.85 0.0036 4.9668
10.86 0.0036 4.9818
10.87 0.0036 4.9968
10.88 0.0036 5.0118
10.89 0.0036 5.0268
10.9 0.0036 5.0418
10.91 0.0036 5.0568
10.92 0.0036 5.0718
10.93 0.0036 5.0868
10.94 0.0036 5.1018
10.95 0.0036 5.1168
10.96 0.0036 5.1318
10.97 0.0036 5.1468
10.98 0.0036 5.1618
10.99 0.0036 5.1768
11.0 0.0036 5.1918
11.01 0.0036 5.2068
11.02 0.0036 5.2218
11.03 0.0036 5.2368
11.04 0.0036 5.2518
11.05 0.0036 5.2668
11.06 0.0036 5.2818
11.07 0.0036 5.2968
11.08 0.0036 5.3118
11.09 0.0036 5.3268
11.1 0.0036 5.3418
11.11 0.0036 5.3568
11.12 0.0036 5.3718
11.13 0.0036 5.3868
11.14 0.0036 5.4018
11.15 0.0036 5.4168
11.16 0.0036 5.4318
11.17 0.0036 5.4468
11.18 0.0036 5.4618
11.19 0.0036 5.4768
11.2 0.0036 5.4918
11.21 0.0036 5.5068
11.22 0.0036 5.5218
11.23 0.0036 5.5368
11.24 0.0036 5.5518
11.25 0.0036 5.5668
11.26 0.0036 5.5818
11.27 0.0036 5.5968
11.28 0.0036 5.6118
11.29 0.0036 5.6268
11.3 0.0036 5.6418
11.31 0.0036 5.6568
11.32 0.0036 5.6718
11.33 0.0036 5.6868
11.34 0.0036 5.7018
11.35 0.0036 5.7168
11.36 0.0036 5.7318
11.37 0.0036 5.7468
11.38 0.0036 5.7618
11.39 0.0036 5.7768
11.4 0.0036 5.7918
11.41 0.0036 5.8068
11.42 0.0036 5.8218
11.43 0.0036 5.8368
11.44 0.0036 5.8518
11.45 0.0036 5.8668
11.46 0.0036 5.8818
11.47 0.0036 5.8968
11.48 0.0036 5.9118
11.49 0.0036 5.9268
11.5 0.0036 5.9418
11.51 0.0036 5.9568
11.52 0.0036 5.9718
11.53 0.0036 5.9868
11.54 0.0036 6.0018
11.55 0.0036 6.0168
11.56 0.0036 6.0318
11.57 0.0036 6.0468
11.58 0.0036 6.0618
11.59 0.0036 6.0768
11.6 0.0036 6.0918
11.61 0.0036 6.1068
11.62 0.0036 6.1218
11.63 0.0036 6.1368
11.64 0.0036 6.1518
11.65 0.0036 6.1668
11.66 0.0036 6.1818
11.67 0.0036 6.1968
11.68 0.0036 6.2118
11.69 0.0036 6.2268
11.7 0.0036 6.2418
11.71 0.0036 6.2568
11.72 0.0036 6.2718
11.73 0.0036 6.2868
11.74 0.0036 6.3018
11.75 0.0036 6.3168
11.76 0.0036 6.3318
11.77 0.0036 6.3468
11.78 0.0036 6.3618
11.79 0.0036 6.3768
11.8 0.0036 6.3918
11.81 0.0036 6.4068
11.82 0.0036 6.4218
11.83 0.0036 6.4368
11.84 0.0036 6.4518
11.85 0.0036 6.4668
11.86 0.0036 6.4818
11.87 0.0036 6.4968
11.88 0.0036 6.5118
11.89 0.0036 6.5268
11.9 0.0036 6.5418
11.91 0.0036 6.5568
11.92 0.0036 6.5718
11.93 0.0036 6.5868
11.94 0.0036 6.6018
11.95 0.0036 6.6168
11.96 0.0036 6.6318
11.97 0.0036 6.6468
11.98 0.0036 6.6618
11.99 0.0036 6.6768
12.0 0.0036 6.6918
12.01 0.0036 6.7068
12.02 0.0036 6.7218
12.03 0.0036 6.7368
12.04 0.0036 6.7518
12.05 0.0036 6.7668
12.06 0.0036 6.7818
12.07 0.0036 6.7968
12.08 0.0036 6.8118
12.09 0.0036 6.8268
12.1 0.0036 6.8418
12.11 0.0036 6.8568
12.12 0.0036 6.8718
12.13 0.0036 6.8868
12.14 0.0036 6.9018
12.15 0.0036 6.9168
12.16 0.0036 6.9318
12.17 0.0036 6.9468
12.18 0.0036 6.9618
12.19 0.0036 6.9768
12.2 0.0036 6.9918
12.21 0.0036 7.0068
12.22 0.0036 7.0218
12.23 0.0036 7.0368
12.24 0.0036 7.0518
12.25 0.0036 7.0668
12.26 0.0036 7.0818
12.27 0.0036 7.0968
12.28 0.0036 7.1118
12.29 0.0036 7.1268
12.3 0.0036 7.1418
12.31 0.0036 7.1568
12.32 0.0036 7.1718
12.33 0.0036 7.1868
12.34 0.0036 7.2018
12.35 0.0036 7.2168
12.36 0.0036 7.2318
12.37 0.0036 7.2468
12.38 0.0036 7.2618
12.39 0.0036 7.2768
12.4 0.0036 7.2918
12.41 0.0036 7.3068
12.42 0.0036 7.3218
12.43 0.0036 7.3368
12.44 0.0036 7.3518
12.45 0.0036 7.3668
12.46 0.0036 7.3818
12.47 0.0036 7.3968
12.48 0.0036 7.4118
12.49 0.0036 7.4268
12.5 0.0036 7.4418
12.51 0.0036 7.4568
12.52 0.0036 7.4718
12.53 0.0036 7.4868
12.54 0.0036 7.5018
12.55 0.0036 7.5168
12.56 0.0036 7.5318
12.57 0.0036 7.5468
12.58 0.0036 7.5618
12.59 0.0036 7.5768
12.6 0.0036 7.5918
12.61 0.0036 7.6068
12.62 0.0036 7.6218
12.63 0.0036 7.6368
12.64 0.0036 7.6518
12.65 0.0036 7.6668
12.66 0.0036 7.6818
12.67 0.0036 7.6968
12.68 0.0036 7.7118
12.69 0.0036 7.7268
12.7 0.0036 7.7418
12.71 0.0036 7.7568
12.72 0.0036 7.7718
12.73 0.0036 7.7868
12.74 0.0036 7.8018
12.75 0.0036 7.8168
12.76 0.0036 7.8318
12.77 0.0036 7.8468
12.78 0.0036 7.8618
12.79 0.0036 7.8768
12.8 0.0036 7.8918
12.81 0.0036 7.9068
12.82 0.0036 7.9218
12.83 0.0036 7.9368
12.84 0.0036 7.9518
12.85 0.0036 7.9668
12.86 0.0036 7.9818
12.87 0.0036 7.9968
12.88 0.0036 8.0118
12.89 0.0036 8.0268
12.9 0.0036 8.0418
12.91 0.0036 8.0568
12.92 0.0036 8.0718
12.93 0.0036 8.0868
12.94 0.0036 8.1018
12.95 0.0036 8.1168
12.96 0.0036 8.1318
12.97 0.0036 8.1468
12.98 0.0036 8.1618
12.99 0.0036 8.1768
13.0 0.0036 8.1918
13.01 0.0036 8.2068
13.02 0.0036 8.2218
13.03 0.0036 8.2368
13.04 0.0036 8.2518
13.05 0.0036 8.2668
13.06 0.0036 8.2818
13.07 0.0036 8.2968
13.08 0.0036 8.3118
13.09 0.0036 8.3268
13.1 0.0036 8.3418
13.11 0.0036 8.3568
13.12 0.0036 8.3718
13.13 0.0036 8.3868
13.14 0.0036 8.4018
13.15 0.0036 8.4168
13.16 0.0036 8.4318
13.17 0.0036 8.4468
13.18 0.0036 8.4618
13.19 0.0036 8.4768
13.2 0.0036 8.4918
13.21 0.0036 8.5068
13.22 0.0036 8.5218
13.23 0.0036 8.5368
13.24 0.0036 8.5518
13.25 0.0036 8.5668
13.26 0.0036 8.5818
13.27 0.0036 8.5968
13.28 0.0036 8.6118
13.29 0.0036 8.6268
13.3 0.0036 8.6418
13.31 0.0036 8.6568
13.32 0.0036 8.6718
13.33 0.0036 8.6868
13.34 0.0036 8.7018
13.35 0.0036 8.7168
13.36 0.0036 8.7318
13.37 0.0036 8.7468
13.38 0.0036 8.7618
13.39 0.0036 8.7768
13.4 0.0036 8.7918
13.41 0.0036 8.8068
13.42 0.0036 8.8218
13.43 0.0036 8.8368
13.44 0.0036 8.8518
13.45 0.0036 8.8668
13.46 0.0036 8.8818
13.47 0.0036 8.8968
13.48 0.0036 8.9118
13.49 0.0036 8.9268
13.5 0.0036 8.9418
13.51 0.0036 8.9568
13.52 0.0036 8.9718
13.53 0.0036 8.9868
13.54 0.0036 9.0018
13.55 0.0036 9.0168
13.56 0.0036 9.0318
13.57 0.0036 9.0468
13.58 0.0036 9.0618
13.59 0.0036 9.0768
13.6 0.0036 9.0918
13.61 0.0036 9.1068
13.62 0.0036 9.1218
13.63 0.0036 9.1368
13.64 0.0036 9.1518
13.65 0.0036 9.1668
13.66 0.0036 9.1818
13.67 0.0036 9.1968
13.68 0.0036 9.2118
13.69 0.0036 9.2268
13.7 0.0036 9.2418
13.71 0.0036 9.2568
13.72 0.0036 9.2718
13.73 0.0036 9.2868
13.74 0.0036 9.3018
13.75 0.0036 9.3168
13.76 0.0036 9.3318
13.77 0.0036 9.3468
13.78 0.0036 9.3618
13.79 0.0036 9.3768
13.8 0.0036 9.3918
13.81 0.0036 9.4068
13.82 0.0036 9.4218
13.83 0.0036 9.4368
13.84 0.0036 9.4518
13.85 0.0036 9.4668
13.86 0.0036 9.4818
13.87 0.0036 9.4968
13.88 0.0036 9.5118
13.89 0.0036 9.5268
13.9 0.0036 9.5418
13.91 0.0036 9.5568
13.92 0.0036 9.5718
13.93 0.0036 9.5868
13.94 0.0036 9.6018
13.95 0.0036 9.6168
13.96 0.0036 9.6318
13.97 0.0036 9.6468
13.98 0.0036 9.6618
13.99 0.0036 9.6768
14.0 0.0036 9.6918
14.01 0.0036 9.7068
14.02 0.0036 9.7218
14.03 0.0036 9.7368
14.04 0.0036 9.7518
14.05 0.0036 9.7668
14.06 0.0036 9.7818
14.07 0.0036 9.7968
14.08 0.0036 9.8118
14.09 0.0036 9.8268
14.1 0.0036 9.8418
14.11 0.0036 9.8568
14.12 0.0036 9.8718
14.13 0.0036 9.8868
14.14 0.0036 9.9018
14.15 0.0036 9.9168
14.16 0.0036 9.9318
14.17 0.0036 9.9468
14.18 0.0036 9.9618
14.19 0.0036 9.9768
14.2 0.0036 9.9918
14.21 0.0036 10.0068
