0.12 9.985 0.0
0.13 9.97 0.0
0.14 9.955 0.0
0.15 9.94 0.0
0.16 9.925 0.0
0.17 9.91 0.0
0.18 9.895 0.0
0.19 9.88 0.0
0.2 9.865 0.0
0.21 9.85 0.0
0.22 9.835 0.0
0.23 9.82 0.0
0.24 9.805 0.0
0.25 9.79 0.0
0.26 9.775 0.0
0.27 9.76 0.0
0.28 9.745 0.0
0.29 9.73 0.0
0.3 9.715 0.0
0.31 9.7 0.0
0.32 9.685 0.0
0.33 9.67 0.0
0.34 9.655 0.0
0.35 9.64 0.0
0.36 9.625 0.0
0.37 9.61 0.0
0.38 9.595 0.0
0.39 9.58 0.0
0.4 9.565 0.0
0.41 9.55 0.0
0.42 9.535 0.0
0.43 9.52 0.0
0.44 9.505 0.0
0.45 9.49 0.0
0.46 9.475 0.0
0.47 9.46 0.0
0.48 9.445 0.0
0.49 9.43 0.0
0.5 9.415 0.0
0.51 9.4 0.0
0.52 9.385 0.0
0.53 9.37 0.0
0.54 9.355 0.0
0.55 9.34 0.0
0.56 9.325 0.0
0.57 9.31 0.0
0.58 9.295 0.0
0.59 9.28 0.0
0.6 9.265 0.0
0.61 9.25 0.0
0.62 9.235 0.0
0.63 9.22 0.0
0.64 9.205 0.0
0.65 9.19 0.0
0.66 9.175 0.0
0.67 9.16 0.0
0.68 9.145 0.0
0.69 9.13 0.0
0.7 9.115 0.0
0.71 9.1 0.0
0.72 9.085 0.0
0.73 9.07 0.0
0.74 9.055 0.0
0.75 9.04 0.0
0.76 9.025 0.0
0.77 9.01 0.0
0.78 8.995 0.0
0.79 8.98 0.0
0.8 8.965 0.0
0.81 8.95 0.0
0.82 8.935 0.0
0.83 8.92 0.0
0.84 8.905 0.0
0.85 8.89 0.0
0.86 8.875 0.0
0.87 8.86 0.0
0.88 8.845 0.0
0.89 8.83 0.0
0.9 8.815 0.0
0.91 8.8 0.0
0.92 8.785 0.0
0.93 8.77 0.0
0.94 8.755 0.0
0.95 8.74 0.0
0.96 8.725 0.0
0.97 8.71 0.0
0.98 8.695 0.0
0.99 8.68 0.0
1.0 8.665 0.0
1.01 8.65 0.0
1.02 8.635 0.0
1.03 8.62 0.0
1.04 8.605 0.0
1.05 8.59 0.0
1.06 8.575 0.0
1.07 8.56 0.0
1.08 8.545 0.0
1.09 8.53 0.0
1.1 8.515 0.0
1.11 8.5 0.0
1.12 8.485 0.0
1.13 8.47 0.0
1.14 8.455 0.0
1.15 8.44 0.0
1.16 8.425 0.0
1.17 8.41 0.0
1.18 8.395 0.0
1.19 8.38 0.0
1.2 8.365 0.0
1.21 8.35 0.0
1.22 8.335 0.0
1.23 8.32 0.0
1.24 8.305 0.0
1.25 8.29 0.0
1.26 8.275 0.0
1.27 8.26 0.0
1.28 8.245 0.0
1.29 8.23 0.0
1.3 8.215 0.0
1.31 8.2 0.0
1.32 8.185 0.0
1.33 8.17 0.0
1.34 8.155 0.0
1.35 8.14 0.0
1.36 8.125 0.0
1.37 8.11 0.0
1.38 8.095 0.0
1.39 8.08 0.0
1.4 8.065 0.0
1.41 8.05 0.0
1.42 8.035 0.0
1.43 8.02 0.0
1.44 8.005 0.0
1.45 7.99 0.0
1.46 7.975 0.0
1.47 7.96 0.0
1.48 7.945 0.0
1.49 7.93 0.0
1.5 7.915 0.0
1.51 7.9 0.0
1.52 7.885 0.0
1.53 7.87 0.0
1.54 7.855 0.0
1.55 7.84 0.0
1.56 7.825 0.0
1.57 7.81 0.0
1.58 7.795 0.0
1.59 7.78 0.0
1.6 7.765 0.0
1.61 7.75 0.0
1.62 7.735 0.0
1.63 7.72 0.0
1.64 7.705 0.0
1.65 7.69 0.0
1.66 7.675 0.0
1.67 7.66 0.0
1.68 7.645 0.0
1.69 7.63 0.0
1.7 7.615 0.0
1.71 7.6 0.0
1.72 7.585 0.0
1.73 7.57 0.0
1.74 7.555 0.0
1.75 7.54 0.0
1.76 7.525 0.0
1.77 7.51 0.0
1.78 7.495 0.0
1.79 7.48 0.0
1.8 7.465 0.0
1.81 7.45 0.0
1.82 7.435 0.0
1.83 7.42 0.0
1.84 7.405 0.0
1.85 7.39 0.0
1.86 7.375 0.0
1.87 7.36 0.0
1.88 7.345 0.0
1.89 7.33 0.0
1.9 7.315 0.0
1.91 7.3 0.0
1.92 7.285 0.0
1.93 7.27 0.0
1.94 7.255 0.0
1.95 7.24 0.0
1.96 7.225 0.0
1.97 7.21 0.0
1.98 7.195 0.0
1.99 7.18 0.0
2.0 7.165 0.0
2.01 7.15 0.0
2.02 7.135 0.0
2.03 7.12 0.0
2.04 7.105 0.0
2.05 7.09 0.0
2.06 7.075 0.0
2.07 7.06 0.0
2.08 7.045 0.0
2.09 7.03 0.0
2.1 7.015 0.0
2.11 7.0 0.0
2.12 6.985 0.0
2.13 6.97 0.0
2.14 6.955 0.0
2.15 6.94 0.0
2.16 6.925 0.0
2.17 6.91 0.0
2.18 6.895 0.0
2.19 6.88 0.0
2.2 6.865 0.0
2.21 6.85 0.0
2.22 6.835 0.0
2.23 6.82 0.0
2.24 6.805 0.0
2.25 6.79 0.0
2.26 6.775 0.0
2.27 6.76 0.0
2.28 6.745 0.0
2.29 6.73 0.0
2.3 6.715 0.0
2.31 6.7 0.0
2.32 6.685 0.0
2.33 6.67 0.0
2.34 6.655 0.0
2.35 6.64 0.0
2.36 6.625 0.0
2.37 6.61 0.0
2.38 6.595 0.0
2.39 6.58 0.0
2.4 6.565 0.0
2.41 6.55 0.0
2.42 6.535 0.0
2.43 6.52 0.0
2.44 6.505 0.0
2.45 6.49 0.0
2.46 6.475 0.0
2.47 6.46 0.0
2.48 6.445 0.0
2.49 6.43 0.0
2.5 6.415 0.0
2.51 6.4 0.0
2.52 6.385 0.0
2.53 6.37 0.0
2.54 6.355 0.0
2.55 6.34 0.0
2.56 6.325 0.0
2.57 6.31 0.0
2.58 6.295 0.0
2.59 6.28 0.0
2.6 6.265 0.0
2.61 6.25 0.0
2.62 6.235 0.0
2.63 6.22 0.0
2.64 6.205 0.0
2.65 6.19 0.0
2.66 6.175 0.0
2.67 6.16 0.0
2.68 6.145 0.0
2.69 6.13 0.0
2.7 6.115 0.0
2.71 6.1 0.0
2.72 6.085 0.0
2.73 6.07 0.0
2.74 6.055 0.0
2.75 6.04 0.0
2.76 6.025 0.0
2.77 6.01 0.0
2.78 5.995 0.0
2.79 5.98 0.0
2.8 5.965 0.0
2.81 5.95 0.0
2.82 5.935 0.0
2.83 5.92 0.0
2.84 5.905 0.0
2.85 5.89 0.0
2.86 5.875 0.0
2.87 5.86 0.0
2.88 5.845 0.0
2.89 5.83 0.0
2.9 5.815 0.0
2.91 5.8 0.0
2.92 5.785 0.0
2.93 5.77 0.0
2.94 5.755 0.0
2.95 5.74 0.0
2.96 5.725 0.0
2.97 5.71 0.0
2.98 5.695 0.0
2.99 5.68 0.0
3.0 5.665 0.0
3.01 5.65 0.0
3.02 5.635 0.0
3.03 5.62 0.0
3.04 5.605 0.0
3.05 5.59 0.0
3.06 5.575 0.0
3.07 5.56 0.0
3.08 5.545 0.0
3.09 5.53 0.0
3.1 5.515 0.0
3.11 5.5 0.0
3.12 5.485 0.0
3.13 5.47 0.0
3.14 5.455 0.0
3.15 5.44 0.0
3.16 5.425 0.0
3.17 5.41 0.0
3.18 5.395 0.0
3.19 5.38 0.0
3.2 5.365 0.0
3.21 5.35 0.0
3.22 5.335 0.0
3.23 5.32 0.0
3.24 5.305 0.0
3.25 5.29 0.0
3.26 5.275 0.0
3.27 5.26 0.0
3.28 5.245 0.0
3.29 5.23 0.0
3.3 5.215 0.0
3.31 5.2 0.0
3.32 5.185 0.0
3.33 5.17 0.0
3.34 5.155 0.0
3.35 5.14 0.0
3.36 5.125 0.0
3.37 5.11 0.0
3.38 5.095 0.0
3.39 5.08 0.0
3.4 5.065 0.0
3.41 5.05 0.0
3.42 5.035 0.0
3.43 5.02 0.0
3.44 5.005 0.0
3.45 4.99 0.0
