0.12 0.0 0.015
0.13 0.0 0.03
0.14 0.0 0.045
0.15 0.0 0.06
0.16 0.0 0.075
0.17 0.0 0.09
0.18 0.0 0.105
0.19 0.0 0.12
0.2 0.0 0.135
0.21 0.0 0.15
0.22 0.0 0.165
0.23 0.0 0.18
0.24 0.0 0.195
0.25 0.0 0.21
0.26 0.0 0.225
0.27 0.0 0.24
0.28 0.0 0.255
0.29 0.0 0.27
0.3 0.0 0.285
0.31 0.0 0.3
0.32 0.0 0.315
0.33 0.0 0.33
0.34 0.0 0.345
0.35 0.0 0.36
0.36 0.0 0.375
0.37 0.0 0.39
0.38 0.0 0.405
0.39 0.0 0.42
0.4 0.0 0.435
0.41 0.0 0.45
0.42 0.0 0.465
0.43 0.0 0.48
0.44 0.0 0.495
0.45 0.0 0.51
0.46 0.0 0.525
0.47 0.0 0.54
0.48 0.0 0.555
0.49 0.0 0.57
0.5 0.0 0.585
0.51 0.0 0.6
0.52 0.0 0.615
0.53 0.0 0.63
0.54 0.0 0.645
0.55 0.0 0.66
0.56 0.0 0.675
0.57 0.0 0.69
0.58 0.0 0.705
0.59 0.0 0.72
0.6 0.0 0.735
0.61 0.0 0.75
0.62 0.0 0.765
0.63 0.0 0.78
0.64 0.0 0.795
0.65 0.0 0.81
0.66 0.0 0.825
0.67 0.0 0.84
0.68 0.0 0.855
0.69 0.0 0.87
0.7 0.0 0.885
0.71 0.0 0.9
0.72 0.0 0.915
0.73 0.0 0.93
0.74 0.0 0.945
0.75 0.0 0.96
0.76 0.0 0.975
0.77 0.0 0.99
0.78 0.0 1.005
0.79 0.0 1.02
0.8 0.0 1.035
0.81 0.0 1.05
0.82 0.0 1.065
0.83 0.0 1.08
0.84 0.0 1.095
0.85 0.0 1.11
0.86 0.0 1.125
0.87 0.0 1.14
0.88 0.0 1.155
0.89 0.0 1.17
0.9 0.0 1.185
0.91 0.0 1.2
0.92 0.0 1.215
0.93 0.0 1.23
0.94 0.0 1.245
0.95 0.0 1.26
0.96 0.0 1.275
0.97 0.0 1.29
0.98 0.0 1.305
0.99 0.0 1.32
1.0 0.0 1.335
1.01 0.0 1.35
1.02 0.0 1.365
1.03 0.0 1.38
1.04 0.0 1.395
1.05 0.0 1.41
1.06 0.0 1.425
1.07 0.0 1.44
1.08 0.0 1.455
1.09 0.0 1.47
1.1 0.0 1.485
1.11 0.0 1.5
1.12 0.0 1.515
1.13 0.0 1.53
1.14 0.0 1.545
1.15 0.0 1.56
1.16 0.0 1.575
1.17 0.0 1.59
1.18 0.0 1.605
1.19 0.0 1.62
1.2 0.0 1.635
1.21 0.0 1.65
1.22 0.0 1.665
1.23 0.0 1.68
1.24 0.0 1.695
1.25 0.0 1.71
1.26 0.0 1.725
1.27 0.0 1.74
1.28 0.0 1.755
1.29 0.0 1.77
1.3 0.0 1.785
1.31 0.0 1.8
1.32 0.0 1.815
1.33 0.0 1.83
1.34 0.0 1.845
1.35 0.0 1.86
1.36 0.0 1.875
1.37 0.0 1.89
1.38 0.0 1.905
1.39 0.0 1.92
1.4 0.0 1.935
1.41 0.0 1.95
1.42 0.0 1.965
1.43 0.0 1.98
1.44 0.0 1.995
1.45 0.0 2.01
1.46 0.0 2.025
1.47 0.0 2.04
1.48 0.0 2.055
1.49 0.0 2.07
1.5 0.0 2.085
1.51 0.0 2.1
1.52 0.0 2.115
1.53 0.0 2.13
1.54 0.0 2.145
1.55 0.0 2.16
1.56 0.0 2.175
1.57 0.0 2.19
1.58 0.0 2.205
1.59 0.0 2.22
1.6 0.0 2.235
1.61 0.0 2.25
1.62 0.0 2.265
1.63 0.0 2.28
1.64 0.0 2.295
1.65 0.0 2.31
1.66 0.0 2.325
1.67 0.0 2.34
1.68 0.0 2.355
1.69 0.0 2.37
1.7 0.0 2.385
1.71 0.0 2.4
1.72 0.0 2.415
1.73 0.0 2.43
1.74 0.0 2.445
1.75 0.0 2.46
1.76 0.0 2.475
1.77 0.0 2.49
1.78 0.0 2.505
1.79 0.0 2.52
1.8 0.0 2.535
1.81 0.0 2.55
1.82 0.0 2.565
1.83 0.0 2.58
1.84 0.0 2.595
1.85 0.0 2.61
1.86 0.0 2.625
1.87 0.0 2.64
1.88 0.0 2.655
1.89 0.0 2.67
1.9 0.0 2.685
1.91 0.0 2.7
1.92 0.0 2.715
1.93 0.0 2.73
1.94 0.0 2.745
1.95 0.0 2.76
1.96 0.0 2.775
1.97 0.0 2.79
1.98 0.0 2.805
1.99 0.0 2.82
2.0 0.0 2.835
2.01 0.0 2.85
2.02 0.0 2.865
2.03 0.0 2.88
2.04 0.0 2.895
2.05 0.0 2.91
2.06 0.0 2.925
2.07 0.0 2.94
2.08 0.0 2.955
2.09 0.0 2.97
2.1 0.0 2.985
2.11 0.0 3.0
2.12 0.0 3.015
2.13 0.0 3.03
2.14 0.0 3.045
2.15 0.0 3.06
2.16 0.0 3.075
2.17 0.0 3.09
2.18 0.0 3.105
2.19 0.0 3.12
2.2 0.0 3.135
2.21 0.0 3.15
2.22 0.0 3.165
2.23 0.0 3.18
2.24 0.0 3.195
2.25 0.0 3.21
2.26 0.0 3.225
2.27 0.0 3.24
2.28 0.0 3.255
2.29 0.0 3.27
2.3 0.0 3.285
2.31 0.0 3.3
2.32 0.0 3.315
2.33 0.0 3.33
2.34 0.0 3.345
2.35 0.0 3.36
2.36 0.0 3.375
2.37 0.0 3.39
2.38 0.0 3.405
2.39 0.0 3.42
2.4 0.0 3.435
2.41 0.0 3.45
2.42 0.0 3.465
2.43 0.0 3.48
2.44 0.0 3.495
2.45 0.0 3.51
2.46 0.0 3.525
2.47 0.0 3.54
2.48 0.0 3.555
2.49 0.0 3.57
2.5 0.0 3.585
2.51 0.0 3.6
2.52 0.0 3.615
2.53 0.0 3.63
2.54 0.0 3.645
2.55 0.0 3.66
2.56 0.0 3.675
2.57 0.0 3.69
2.58 0.0 3.705
2.59 0.0 3.72
2.6 0.0 3.735
2.61 0.0 3.75
2.62 0.0 3.765
2.63 0.0 3.78
2.64 0.0 3.795
2.65 0.0 3.81
2.66 0.0 3.825
2.67 0.0 3.84
2.68 0.0 3.855
2.69 0.0 3.87
2.7 0.0 3.885
2.71 0.0 3.9
2.72 0.0 3.915
2.73 0.0 3.93
2.74 0.0 3.945
2.75 0.0 3.96
2.76 0.0 3.975
2.77 0.0 3.99
2.78 0.0 4.005
2.79 0.0 4.02
2.8 0.0 4.035
2.81 0.0 4.05
2.82 0.0 4.065
2.83 0.0 4.08
2.84 0.0 4.095
2.85 0.0 4.11
2.86 0.0 4.125
2.87 0.0 4.14
2.88 0.0 4.155
2.89 0.0 4.17
2.9 0.0 4.185
2.91 0.0 4.2
2.92 0.0 4.215
2.93 0.0 4.23
2.94 0.0 4.245
2.95 0.0 4.26
2.96 0.0 4.275
2.97 0.0 4.29
2.98 0.0 4.305
2.99 0.0 4.32
3.0 0.0 4.335
3.01 0.0 4.35
3.02 0.0 4.365
3.03 0.0 4.38
3.04 0.0 4.395
3.05 0.0 4.41
3.06 0.0 4.425
3.07 0.0 4.44
3.08 0.0 4.455
3.09 0.0 4.47
3.1 0.0 4.485
3.11 0.0 4.5
3.12 0.0 4.515
3.13 0.0 4.53
3.14 0.0 4.545
3.15 0.0 4.56
3.16 0.0 4.575
3.17 0.0 4.59
3.18 0.0 4.605
3.19 0.0 4.62
3.2 0.0 4.635
3.21 0.0 4.65
3.22 0.0 4.665
3.23 0.0 4.68
3.24 0.0 4.695
3.25 0.0 4.71
3.26 0.0 4.725
3.27 0.0 4.74
3.28 0.0 4.755
3.29 0.0 4.77
3.3 0.0 4.785
3.31 0.0 4.8
3.32 0.0 4.815
3.33 0.0 4.83
3.34 0.0 4.845
3.35 0.0 4.86
3.36 0.0 4.875
3.37 0.0 4.89
3.38 0.0 4.905
3.39 0.0 4.92
3.4 0.0 4.935
3.41 0.0 4.95
3.42 0.0 4.965
3.43 0.0 4.98
3.44 0.0 4.995
3.45 0.0 5.01
3.46 0.0 5.025
3.47 0.0 5.04
3.48 0.0 5.055
3.49 0.0 5.07
3.5 0.0 5.085
3.51 0.0 5.1
3.52 0.0 5.115
3.53 0.0 5.13
3.54 0.0 5.145
3.55 0.0 5.16
3.56 0.0 5.175
3.57 0.0 5.19
3.58 0.0 5.205
3.59 0.0 5.22
3.6 0.0 5.235
3.61 0.0 5.25
3.62 0.0 5.265
3.63 0.0 5.28
3.64 0.0 5.295
3.65 0.0 5.31
3.66 0.0 5.325
3.67 0.0 5.34
3.68 0.0 5.355
3.69 0.0 5.37
3.7 0.0 5.385
3.71 0.0 5.4
3.72 0.0 5.415
3.73 0.0 5.43
3.74 0.0 5.445
3.75 0.0 5.46
3.76 0.0 5.475
3.77 0.0 5.49
3.78 0.0 5.505
3.79 0.0 5.52
3.8 0.0 5.535
3.81 0.0 5.55
3.82 0.0 5.565
3.83 0.0 5.58
3.84 0.0 5.595
3.85 0.0 5.61
3.86 0.0 5.625
3.87 0.0 5.64
3.88 0.0 5.655
3.89 0.0 5.67
3.9 0.0 5.685
3.91 0.0 5.7
3.92 0.0 5.715
3.93 0.0 5.73
3.94 0.0 5.745
3.95 0.0 5.76
3.96 0.0 5.775
3.97 0.0 5.79
3.98 0.0 5.805
3.99 0.0 5.82
4.0 0.0 5.835
4.01 0.0 5.85
4.02 0.0 5.865
4.03 0.0 5.88
4.04 0.0 5.895
4.05 0.0 5.91
4.06 0.0 5.925
4.07 0.0 5.94
4.08 0.0 5.955
4.09 0.0 5.97
4.1 0.0 5.985
4.11 0.0 6.0
4.12 0.0 6.015
4.13 0.0 6.03
4.14 0.0 6.045
4.15 0.0 6.06
4.16 0.0 6.075
4.17 0.0 6.09
4.18 0.0 6.105
4.19 0.0 6.12
4.2 0.0 6.135
4.21 0.0 6.15
4.22 0.0 6.165
4.23 0.0 6.18
4.24 0.0 6.195
4.25 0.0 6.21
4.26 0.0 6.225
4.27 0.0 6.24
4.28 0.0 6.255
4.29 0.0 6.27
4.3 0.0 6.285
4.31 0.0 6.3
4.32 0.0 6.315
4.33 0.0 6.33
4.34 0.0 6.345
4.35 0.0 6.36
4.36 0.0 6.375
4.37 0.0 6.39
4.38 0.0 6.405
4.39 0.0 6.42
4.4 0.0 6.435
4.41 0.0 6.45
4.42 0.0 6.465
4.43 0.0 6.48
4.44 0.0 6.495
4.45 0.0 6.51
4.46 0.0 6.525
4.47 0.0 6.54
4.48 0.0 6.555
4.49 0.0 6.57
4.5 0.0 6.585
4.51 0.0 6.6
4.52 0.0 6.615
4.53 0.0 6.63
4.54 0.0 6.645
4.55 0.0 6.66
4.56 0.0 6.675
4.57 0.0 6.69
4.58 0.0 6.705
4.59 0.0 6.72
4.6 0.0 6.735
4.61 0.0 6.75
4.62 0.0 6.765
4.63 0.0 6.78
4.64 0.0 6.795
4.65 0.0 6.81
4.66 0.0 6.825
4.67 0.0 6.84
4.68 0.0 6.855
4.69 0.0 6.87
4.7 0.0 6.885
4.71 0.0 6.9
4.72 0.0 6.915
4.73 0.0 6.93
4.74 0.0 6.945
4.75 0.0 6.96
4.76 0.0 6.975
4.77 0.0 6.99
4.78 0.0 7.005
4.79 0.0 7.02
4.8 0.0 7.035
4.81 0.0 7.05
4.82 0.0 7.065
4.83 0.0 7.08
4.84 0.0 7.095
4.85 0.0 7.11
4.86 0.0 7.125
4.87 0.0 7.14
4.88 0.0 7.155
4.89 0.0 7.17
4.9 0.0 7.185
4.91 0.0 7.2
4.92 0.0 7.215
4.93 0.0 7.23
4.94 0.0 7.245
4.95 0.0 7.26
4.96 0.0 7.275
4.97 0.0 7.29
4.98 0.0 7.305
4.99 0.0 7.32
5.0 0.0 7.335
5.01 0.0 7.35
5.02 0.0 7.365
5.03 0.0 7.38
5.04 0.0 7.395
5.05 0.0 7.41
5.06 0.0 7.425
5.07 0.0 7.44
5.08 0.0 7.455
5.09 0.0 7.47
5.1 0.0 7.485
5.11 0.0 7.5
5.12 0.0 7.515
5.13 0.0 7.53
5.14 0.0 7.545
5.15 0.0 7.56
5.16 0.0 7.575
5.17 0.0 7.59
5.18 0.0 7.605
5.19 0.0 7.62
5.2 0.0 7.635
5.21 0.0 7.65
5.22 0.0 7.665
5.23 0.0 7.68
5.24 0.0 7.695
5.25 0.0 7.71
5.26 0.0 7.725
5.27 0.0 7.74
5.28 0.0 7.755
5.29 0.0 7.77
5.3 0.0 7.785
5.31 0.0 7.8
5.32 0.0 7.815
5.33 0.0 7.83
5.34 0.0 7.845
5.35 0.0 7.86
5.36 0.0 7.875
5.37 0.0 7.89
5.38 0.0 7.905
5.39 0.0 7.92
5.4 0.0 7.935
5.41 0.0 7.95
5.42 0.0 7.965
5.43 0.0 7.98
5.44 0.0 7.995
5.45 0.0 8.01
5.46 0.0 8.025
5.47 0.0 8.04
5.48 0.0 8.055
5.49 0.0 8.07
5.5 0.0 8.085
5.51 0.0 8.1
5.52 0.0 8.115
5.53 0.0 8.13
5.54 0.0 8.145
5.55 0.0 8.16
5.56 0.0 8.175
5.57 0.0 8.19
5.58 0.0 8.205
5.59 0.0 8.22
5.6 0.0 8.235
5.61 0.0 8.25
5.62 0.0 8.265
5.63 0.0 8.28
5.64 0.0 8.295
5.65 0.0 8.31
5.66 0.0 8.325
5.67 0.0 8.34
5.68 0.0 8.355
5.69 0.0 8.37
5.7 0.0 8.385
5.71 0.0 8.4
5.72 0.0 8.415
5.73 0.0 8.43
5.74 0.0 8.445
5.75 0.0 8.46
5.76 0.0 8.475
5.77 0.0 8.49
5.78 0.0 8.505
5.79 0.0 8.52
5.8 0.0 8.535
5.81 0.0 8.55
5.82 0.0 8.565
5.83 0.0 8.58
5.84 0.0 8.595
5.85 0.0 8.61
5.86 0.0 8.625
5.87 0.0 8.64
5.88 0.0 8.655
5.89 0.0 8.67
5.9 0.0 8.685
5.91 0.0 8.7
5.92 0.0 8.715
5.93 0.0 8.73
5.94 0.0 8.745
5.95 0.0 8.76
5.96 0.0 8.775
5.97 0.0 8.79
5.98 0.0 8.805
5.99 0.0 8.82
6.0 0.0 8.835
6.01 0.0 8.85
6.02 0.0 8.865
6.03 0.0 8.88
6.04 0.0 8.895
6.05 0.0 8.91
6.06 0.0 8.925
6.07 0.0 8.94
6.08 0.0 8.955
6.09 0.0 8.97
6.1 0.0 8.985
6.11 0.0 9.0
6.12 0.0 9.015
6.13 0.0 9.03
6.14 0.0 9.045
6.15 0.0 9.06
6.16 0.0 9.075
6.17 0.0 9.09
6.18 0.0 9.105
6.19 0.0 9.12
6.2 0.0 9.135
6.21 0.0 9.15
6.22 0.0 9.165
6.23 0.0 9.18
6.24 0.0 9.195
6.25 0.0 9.21
6.26 0.0 9.225
6.27 0.0 9.24
6.28 0.0 9.255
6.29 0.0 9.27
6.3 0.0 9.285
6.31 0.0 9.3
6.32 0.0 9.315
6.33 0.0 9.33
6.34 0.0 9.345
6.35 0.0 9.36
6.36 0.0 9.375
6.37 0.0 9.39
6.38 0.0 9.405
6.39 0.0 9.42
6.4 0.0 9.435
6.41 0.0 9.45
6.42 0.0 9.465
6.43 0.0 9.48
6.44 0.0 9.495
6.45 0.0 9.51
6.46 0.0 9.525
6.47 0.0 9.54
6.48 0.0 9.555
6.49 0.0 9.57
6.5 0.0 9.585
6.51 0.0 9.6
6.52 0.0 9.615
6.53 0.0 9.63
6.54 0.0 9.645
6.55 0.0 9.66
6.56 0.0 9.675
6.57 0.0 9.69
6.58 0.0 9.705
6.59 0.0 9.72
6.6 0.0 9.735
6.61 0.0 9.75
6.62 0.0 9.765
6.63 0.0 9.78
6.64 0.0 9.795
6.65 0.0 9.81
6.66 0.0 9.825
6.67 0.0 9.84
6.68 0.0 9.855
6.69 0.0 9.87
6.7 0.0 9.885
6.71 0.0 9.9
6.72 0.0 9.915
6.73 0.0 9.93
6.74 0.0 9.945
6.75 0.0 9.96
6.76 0.0 9.975
6.77 0.0 9.99
6.78 0.0 10.005
6.79 0.0106 9.9944
6.8 0.0212 9.9838
6.81 0.0318 9.9732
6.82 0.0424 9.9626
6.83 0.053 9.952
6.84 0.0636 9.9414
6.85 0.0742 9.9308
6.86 0.0848 9.9202
6.87 0.0954 9.9096
6.88 0.106 9.899
6.89 0.1166 9.8884
6.9 0.1272 9.8778
6.91 0.1378 9.8672
6.92 0.1484 9.8566
6.93 0.159 9.846
6.94 0.1696 9.8354
6.95 0.1802 9.8248
6.96 0.1908 9.8142
6.97 0.2014 9.8036
6.98 0.212 9.793
6.99 0.2226 9.7824
7.0 0.2332 9.7718
7.01 0.2438 9.7612
7.02 0.2544 9.7506
7.03 0.265 9.74
7.04 0.2756 9.7294
7.05 0.2862 9.7188
7.06 0.2968 9.7082
7.07 0.3074 9.6976
7.08 0.318 9.687
7.09 0.3286 9.6764
7.1 0.3392 9.6658
7.11 0.3498 9.6552
7.12 0.3604 9.6446
7.13 0.371 9.634
7.14 0.3816 9.6234
7.15 0.3922 9.6128
7.16 0.4028 9.6022
7.17 0.4134 9.5916
7.18 0.424 9.581
7.19 0.4346 9.5704
7.2 0.4452 9.5598
7.21 0.4558 9.5492
7.22 0.4664 9.5386
7.23 0.477 9.528
7.24 0.4876 9.5174
7.25 0.4982 9.5068
7.26 0.5088 9.4962
7.27 0.5194 9.4856
7.28 0.53 9.475
7.29 0.5406 9.4644
7.3 0.5512 9.4538
7.31 0.5618 9.4432
7.32 0.5724 9.4326
7.33 0.583 9.422
7.34 0.5936 9.4114
7.35 0.6042 9.4008
7.36 0.6148 9.3902
7.37 0.6254 9.3796
7.38 0.636 9.369
7.39 0.6466 9.3584
7.4 0.6572 9.3478
7.41 0.6678 9.3372
7.42 0.6784 9.3266
7.43 0.689 9.316
7.44 0.6996 9.3054
7.45 0.7102 9.2948
7.46 0.7208 9.2842
7.47 0.7314 9.2736
7.48 0.742 9.263
7.49 0.7526 9.2524
7.5 0.7632 9.2418
7.51 0.7738 9.2312
7.52 0.7844 9.2206
7.53 0.795 9.21
7.54 0.8056 9.1994
7.55 0.8162 9.1888
7.56 0.8268 9.1782
7.57 0.8374 9.1676
7.58 0.848 9.157
7.59 0.8586 9.1464
7.6 0.8692 9.1358
7.61 0.8798 9.1252
7.62 0.8904 9.1146
7.63 0.901 9.104
7.64 0.9116 9.0934
7.65 0.9222 9.0828
7.66 0.9328 9.0722
7.67 0.9434 9.0616
7.68 0.954 9.051
7.69 0.9646 9.0404
7.7 0.9752 9.0298
7.71 0.9858 9.0192
7.72 0.9964 9.0086
7.73 1.007 8.998
7.74 1.0176 8.9874
7.75 1.0282 8.9768
7.76 1.0388 8.9662
7.77 1.0494 8.9556
7.78 1.06 8.945
7.79 1.0706 8.9344
7.8 1.0812 8.9238
7.81 1.0918 8.9132
7.82 1.1024 8.9026
7.83 1.113 8.892
7.84 1.1236 8.8814
7.85 1.1342 8.8708
7.86 1.1448 8.8602
7.87 1.1554 8.8496
7.88 1.166 8.839
7.89 1.1766 8.8284
7.9 1.1872 8.8178
7.91 1.1978 8.8072
7.92 1.2084 8.7966
7.93 1.219 8.786
7.94 1.2296 8.7754
7.95 1.2402 8.7648
7.96 1.2508 8.7542
7.97 1.2614 8.7436
7.98 1.272 8.733
7.99 1.2826 8.7224
8.0 1.2932 8.7118
8.01 1.3038 8.7012
8.02 1.3144 8.6906
8.03 1.325 8.68
8.04 1.3356 8.6694
8.05 1.3462 8.6588
8.06 1.3568 8.6482
8.07 1.3674 8.6376
8.08 1.378 8.627
8.09 1.3886 8.6164
8.1 1.3992 8.6058
8.11 1.4098 8.5952
8.12 1.4204 8.5846
8.13 1.431 8.574
8.14 1.4416 8.5634
8.15 1.4522 8.5528
8.16 1.4628 8.5422
8.17 1.4734 8.5316
8.18 1.484 8.521
8.19 1.4946 8.5104
8.2 1.5052 8.4998
8.21 1.5158 8.4892
8.22 1.5264 8.4786
8.23 1.537 8.468
8.24 1.5476 8.4574
8.25 1.5582 8.4468
8.26 1.5688 8.4362
8.27 1.5794 8.4256
8.28 1.59 8.415
8.29 1.6006 8.4044
8.3 1.6112 8.3938
8.31 1.6218 8.3832
8.32 1.6324 8.3726
8.33 1.643 8.362
8.34 1.6536 8.3514
8.35 1.6642 8.3408
8.36 1.6748 8.3302
8.37 1.6854 8.3196
8.38 1.696 8.309
8.39 1.7066 8.2984
8.4 1.7172 8.2878
8.41 1.7278 8.2772
8.42 1.7384 8.2666
8.43 1.749 8.256
8.44 1.7596 8.2454
8.45 1.7702 8.2348
8.46 1.7808 8.2242
8.47 1.7914 8.2136
8.48 1.802 8.203
8.49 1.8126 8.1924
8.5 1.8232 8.1818
8.51 1.8338 8.1712
8.52 1.8444 8.1606
8.53 1.855 8.15
8.54 1.8656 8.1394
8.55 1.8762 8.1288
8.56 1.8868 8.1182
8.57 1.8974 8.1076
8.58 1.908 8.097
8.59 1.9186 8.0864
8.6 1.9292 8.0758
8.61 1.9398 8.0652
8.62 1.9504 8.0546
8.63 1.961 8.044
8.64 1.9716 8.0334
8.65 1.9822 8.0228
8.66 1.9928 8.0122
8.67 2.0034 8.0016
8.68 2.014 7.991
8.69 2.0246 7.9804
8.7 2.0352 7.9698
8.71 2.0458 7.9592
8.72 2.0564 7.9486
8.73 2.067 7.938
8.74 2.0776 7.9274
8.75 2.0882 7.9168
8.76 2.0988 7.9062
8.77 2.1094 7.8956
8.78 2.12 7.885
8.79 2.1306 7.8744
8.8 2.1412 7.8638
8.81 2.1518 7.8532
8.82 2.1624 7.8426
8.83 2.173 7.832
8.84 2.1836 7.8214
8.85 2.1942 7.8108
8.86 2.2048 7.8002
8.87 2.2154 7.7896
8.88 2.226 7.779
8.89 2.2366 7.7684
8.9 2.2472 7.7578
8.91 2.2578 7.7472
8.92 2.2684 7.7366
8.93 2.279 7.726
8.94 2.2896 7.7154
8.95 2.3002 7.7048
8.96 2.3108 7.6942
8.97 2.3214 7.6836
8.98 2.332 7.673
8.99 2.3426 7.6624
9.0 2.3532 7.6518
9.01 2.3638 7.6412
9.02 2.3744 7.6306
9.03 2.385 7.62
9.04 2.3956 7.6094
9.05 2.4062 7.5988
9.06 2.4168 7.5882
9.07 2.4274 7.5776
9.08 2.438 7.567
9.09 2.4486 7.5564
9.1 2.4592 7.5458
9.11 2.4698 7.5352
9.12 2.4804 7.5246
9.13 2.491 7.514
9.14 2.5016 7.5034
9.15 2.5122 7.4928
9.16 2.5228 7.4822
9.17 2.5334 7.4716
9.18 2.544 7.461
9.19 2.5546 7.4504
9.2 2.5652 7.4398
9.21 2.5758 7.4292
9.22 2.5864 7.4186
9.23 2.597 7.408
9.24 2.6076 7.3974
9.25 2.6182 7.3868
9.26 2.6288 7.3762
9.27 2.6394 7.3656
9.28 2.65 7.355
9.29 2.6606 7.3444
9.3 2.6712 7.3338
9.31 2.6818 7.3232
9.32 2.6924 7.3126
9.33 2.703 7.302
9.34 2.7136 7.2914
9.35 2.7242 7.2808
9.36 2.7348 7.2702
9.37 2.7454 7.2596
9.38 2.756 7.249
9.39 2.7666 7.2384
9.4 2.7772 7.2278
9.41 2.7878 7.2172
9.42 2.7984 7.2066
9.43 2.809 7.196
9.44 2.8196 7.1854
9.45 2.8302 7.1748
9.46 2.8408 7.1642
9.47 2.8514 7.1536
9.48 2.862 7.143
9.49 2.8726 7.1324
9.5 2.8832 7.1218
9.51 2.8938 7.1112
9.52 2.9044 7.1006
9.53 2.915 7.09
9.54 2.9256 7.0794
9.55 2.9362 7.0688
9.56 2.9468 7.0582
9.57 2.9574 7.0476
9.58 2.968 7.037
9.59 2.9786 7.0264
9.6 2.9892 7.0158
9.61 2.9998 7.0052
9.62 3.0104 6.9946
9.63 3.021 6.984
9.64 3.0316 6.9734
9.65 3.0422 6.9628
9.66 3.0528 6.9522
9.67 3.0634 6.9416
9.68 3.074 6.931
9.69 3.0846 6.9204
9.7 3.0952 6.9098
9.71 3.1058 6.8992
9.72 3.1164 6.8886
9.73 3.127 6.878
9.74 3.1376 6.8674
9.75 3.1482 6.8568
9.76 3.1588 6.8462
9.77 3.1694 6.8356
9.78 3.18 6.825
9.79 3.1906 6.8144
9.8 3.2012 6.8038
9.81 3.2118 6.7932
9.82 3.2224 6.7826
9.83 3.233 6.772
9.84 3.2436 6.7614
9.85 3.2542 6.7508
9.86 3.2648 6.7402
9.87 3.2754 6.7296
9.88 3.286 6.719
9.89 3.2966 6.7084
9.9 3.3072 6.6978
9.91 3.3178 6.6872
9.92 3.3284 6.6766
9.93 3.339 6.666
9.94 3.3496 6.6554
9.95 3.3602 6.6448
9.96 3.3708 6.6342
9.97 3.3814 6.6236
9.98 3.392 6.613
9.99 3.4026 6.6024
10.0 3.4132 6.5918
10.01 3.4238 6.5812
10.02 3.4344 6.5706
10.03 3.445 6.56
10.04 3.4556 6.5494
10.05 3.4662 6.5388
10.06 3.4768 6.5282
10.07 3.4874 6.5176
10.08 3.498 6.507
10.09 3.5086 6.4964
10.1 3.5192 6.4858
10.11 3.5298 6.4752
10.12 3.5404 6.4646
10.13 3.551 6.454
10.14 3.5616 6.4434
10.15 3.5722 6.4328
10.16 3.5828 6.4222
10.17 3.5934 6.4116
10.18 3.604 6.401
10.19 3.6146 6.3904
10.2 3.6252 6.3798
10.21 3.6358 6.3692
10.22 3.6464 6.3586
10.23 3.657 6.348
10.24 3.6676 6.3374
10.25 3.6782 6.3268
10.26 3.6888 6.3162
10.27 3.6994 6.3056
10.28 3.71 6.295
10.29 3.7206 6.2844
10.3 3.7312 6.2738
10.31 3.7418 6.2632
10.32 3.7524 6.2526
10.33 3.763 6.242
10.34 3.7736 6.2314
10.35 3.7842 6.2208
10.36 3.7948 6.2102
10.37 3.8054 6.1996
10.38 3.816 6.189
10.39 3.8266 6.1784
10.4 3.8372 6.1678
10.41 3.8478 6.1572
10.42 3.8584 6.1466
10.43 3.869 6.136
10.44 3.8796 6.1254
10.45 3.8902 6.1148
10.46 3.9008 6.1042
10.47 3.9114 6.0936
10.48 3.922 6.083
10.49 3.9326 6.0724
10.5 3.9432 6.0618
10.51 3.9538 6.0512
10.52 3.9644 6.0406
10.53 3.975 6.03
10.54 3.9856 6.0194
10.55 3.9962 6.0088
10.56 4.0068 5.9982
10.57 4.0174 5.9876
10.58 4.028 5.977
10.59 4.0386 5.9664
10.6 4.0492 5.9558
10.61 4.0598 5.9452
10.62 4.0704 5.9346
10.63 4.081 5.924
10.64 4.0916 5.9134
10.65 4.1022 5.9028
10.66 4.1128 5.8922
10.67 4.1234 5.8816
10.68 4.134 5.871
10.69 4.1446 5.8604
10.7 4.1552 5.8498
10.71 4.1658 5.8392
10.72 4.1764 5.8286
10.73 4.187 5.818
10.74 4.1976 5.8074
10.75 4.2082 5.7968
10.76 4.2188 5.7862
10.77 4.2294 5.7756
10.78 4.24 5.765
10.79 4.2506 5.7544
10.8 4.2612 5.7438
10.81 4.2718 5.7332
10.82 4.2824 5.7226
10.83 4.293 5.712
10.84 4.3036 5.7014
10.85 4.3142 5.6908
10.86 4.3248 5.6802
10.87 4.3354 5.6696
10.88 4.346 5.659
10.89 4.3566 5.6484
10.9 4.3672 5.6378
10.91 4.3778 5.6272
10.92 4.3884 5.6166
10.93 4.399 5.606
10.94 4.4096 5.5954
10.95 4.4202 5.5848
10.96 4.4308 5.5742
10.97 4.4414 5.5636
10.98 4.452 5.553
10.99 4.4626 5.5424
11.0 4.4732 5.5318
11.01 4.4838 5.5212
11.02 4.4944 5.5106
11.03 4.505 5.5
11.04 4.5156 5.4894
11.05 4.5262 5.4788
11.06 4.5368 5.4682
11.07 4.5474 5.4576
11.08 4.558 5.447
11.09 4.5686 5.4364
11.1 4.5792 5.4258
11.11 4.5898 5.4152
11.12 4.6004 5.4046
11.13 4.611 5.394
11.14 4.6216 5.3834
11.15 4.6322 5.3728
11.16 4.6428 5.3622
11.17 4.6534 5.3516
11.18 4.664 5.341
11.19 4.6746 5.3304
11.2 4.6852 5.3198
11.21 4.6958 5.3092
11.22 4.7064 5.2986
11.23 4.717 5.288
11.24 4.7276 5.2774
11.25 4.7382 5.2668
11.26 4.7488 5.2562
11.27 4.7594 5.2456
11.28 4.77 5.235
11.29 4.7806 5.2244
11.3 4.7912 5.2138
11.31 4.8018 5.2032
11.32 4.8124 5.1926
11.33 4.823 5.182
11.34 4.8336 5.1714
11.35 4.8442 5.1608
11.36 4.8548 5.1502
11.37 4.8654 5.1396
11.38 4.876 5.129
11.39 4.8866 5.1184
11.4 4.8972 5.1078
11.41 4.9078 5.0972
11.42 4.9184 5.0866
11.43 4.929 5.076
11.44 4.9396 5.0654
11.45 4.9502 5.0548
11.46 4.9608 5.0442
11.47 4.9714 5.0336
11.48 4.982 5.023
11.49 4.9926 5.0124
11.5 5.0032 5.0018
11.51 5.0138 4.9912
11.52 5.0244 4.9806
11.53 5.035 4.97
11.54 5.0456 4.9594
11.55 5.0562 4.9488
11.56 5.0668 4.9382
11.57 5.0774 4.9276
11.58 5.088 4.917
11.59 5.0986 4.9064
11.6 5.1092 4.8958
11.61 5.1198 4.8852
11.62 5.1304 4.8746
11.63 5.141 4.864
11.64 5.1516 4.8534
11.65 5.1622 4.8428
11.66 5.1728 4.8322
11.67 5.1834 4.8216
11.68 5.194 4.811
11.69 5.2046 4.8004
11.7 5.2152 4.7898
11.71 5.2258 4.7792
11.72 5.2364 4.7686
11.73 5.247 4.758
11.74 5.2576 4.7474
11.75 5.2682 4.7368
11.76 5.2788 4.7262
11.77 5.2894 4.7156
11.78 5.3 4.705
11.79 5.3106 4.6944
11.8 5.3212 4.6838
11.81 5.3318 4.6732
11.82 5.3424 4.6626
11.83 5.353 4.652
11.84 5.3636 4.6414
11.85 5.3742 4.6308
11.86 5.3848 4.6202
11.87 5.3954 4.6096
11.88 5.406 4.599
11.89 5.4166 4.5884
11.9 5.4272 4.5778
11.91 5.4378 4.5672
11.92 5.4484 4.5566
11.93 5.459 4.546
11.94 5.4696 4.5354
11.95 5.4802 4.5248
11.96 5.4908 4.5142
11.97 5.5014 4.5036
11.98 5.512 4.493
11.99 5.5226 4.4824
12.0 5.5332 4.4718
12.01 5.5438 4.4612
12.02 5.5544 4.4506
12.03 5.565 4.44
12.04 5.5756 4.4294
12.05 5.5862 4.4188
12.06 5.5968 4.4082
12.07 5.6074 4.3976
12.08 5.618 4.387
12.09 5.6286 4.3764
12.1 5.6392 4.3658
12.11 5.6498 4.3552
12.12 5.6604 4.3446
12.13 5.671 4.334
12.14 5.6816 4.3234
12.15 5.6922 4.3128
12.16 5.7028 4.3022
12.17 5.7134 4.2916
12.18 5.724 4.281
12.19 5.7346 4.2704
12.2 5.7452 4.2598
12.21 5.7558 4.2492
12.22 5.7664 4.2386
12.23 5.777 4.228
12.24 5.7876 4.2174
12.25 5.7982 4.2068
12.26 5.8088 4.1962
12.27 5.8194 4.1856
12.28 5.83 4.175
12.29 5.8406 4.1644
12.3 5.8512 4.1538
12.31 5.8618 4.1432
12.32 5.8724 4.1326
12.33 5.883 4.122
12.34 5.8936 4.1114
12.35 5.9042 4.1008
12.36 5.9148 4.0902
12.37 5.9254 4.0796
12.38 5.936 4.069
12.39 5.9466 4.0584
12.4 5.9572 4.0478
12.41 5.9678 4.0372
12.42 5.9784 4.0266
12.43 5.989 4.016
12.44 5.9996 4.0054
12.45 6.0102 3.9948
12.46 6.0208 3.9842
12.47 6.0314 3.9736
12.48 6.042 3.963
12.49 6.0526 3.9524
12.5 6.0632 3.9418
12.51 6.0738 3.9312
12.52 6.0844 3.9206
12.53 6.095 3.91
12.54 6.1056 3.8994
12.55 6.1162 3.8888
12.56 6.1268 3.8782
12.57 6.1374 3.8676
12.58 6.148 3.857
12.59 6.1586 3.8464
12.6 6.1692 3.8358
12.61 6.1798 3.8252
12.62 6.1904 3.8146
12.63 6.201 3.804
12.64 6.2116 3.7934
12.65 6.2222 3.7828
12.66 6.2328 3.7722
12.67 6.2434 3.7616
12.68 6.254 3.751
12.69 6.2646 3.7404
12.7 6.2752 3.7298
12.71 6.2858 3.7192
12.72 6.2964 3.7086
12.73 6.307 3.698
12.74 6.3176 3.6874
12.75 6.3282 3.6768
12.76 6.3388 3.6662
12.77 6.3494 3.6556
12.78 6.36 3.645
12.79 6.3706 3.6344
12.8 6.3812 3.6238
12.81 6.3918 3.6132
12.82 6.4024 3.6026
12.83 6.413 3.592
12.84 6.4236 3.5814
12.85 6.4342 3.5708
12.86 6.4448 3.5602
12.87 6.4554 3.5496
12.88 6.466 3.539
12.89 6.4766 3.5284
12.9 6.4872 3.5178
12.91 6.4978 3.5072
12.92 6.5084 3.4966
12.93 6.519 3.486
12.94 6.5296 3.4754
12.95 6.5402 3.4648
12.96 6.5508 3.4542
12.97 6.5614 3.4436
12.98 6.572 3.433
12.99 6.5826 3.4224
13.0 6.5932 3.4118
13.01 6.6038 3.4012
13.02 6.6144 3.3906
13.03 6.625 3.38
13.04 6.6356 3.3694
13.05 6.6462 3.3588
13.06 6.6568 3.3482
13.07 6.6674 3.3376
13.08 6.678 3.327
13.09 6.6886 3.3164
13.1 6.6992 3.3058
13.11 6.7098 3.2952
13.12 6.7204 3.2846
13.13 6.731 3.274
13.14 6.7416 3.2634
13.15 6.7522 3.2528
13.16 6.7628 3.2422
13.17 6.7734 3.2316
13.18 6.784 3.221
13.19 6.7946 3.2104
13.2 6.8052 3.1998
13.21 6.8158 3.1892
13.22 6.8264 3.1786
13.23 6.837 3.168
13.24 6.8476 3.1574
13.25 6.8582 3.1468
13.26 6.8688 3.1362
13.27 6.8794 3.1256
13.28 6.89 3.115
13.29 6.9006 3.1044
13.3 6.9112 3.0938
13.31 6.9218 3.0832
13.32 6.9324 3.0726
13.33 6.943 3.062
13.34 6.9536 3.0514
13.35 6.9642 3.0408
13.36 6.9748 3.0302
13.37 6.9854 3.0196
13.38 6.996 3.009
13.39 7.0066 2.9984
13.4 7.0172 2.9878
13.41 7.0278 2.9772
13.42 7.0384 2.9666
13.43 7.049 2.956
13.44 7.0596 2.9454
13.45 7.0702 2.9348
13.46 7.0808 2.9242
13.47 7.0914 2.9136
13.48 7.102 2.903
13.49 7.1126 2.8924
13.5 7.1232 2.8818
13.51 7.1338 2.8712
13.52 7.1444 2.8606
13.53 7.155 2.85
13.54 7.1656 2.8394
13.55 7.1762 2.8288
13.56 7.1868 2.8182
13.57 7.1974 2.8076
13.58 7.208 2.797
13.59 7.2186 2.7864
13.6 7.2292 2.7758
13.61 7.2398 2.7652
13.62 7.2504 2.7546
13.63 7.261 2.744
13.64 7.2716 2.7334
13.65 7.2822 2.7228
13.66 7.2928 2.7122
13.67 7.3034 2.7016
13.68 7.314 2.691
13.69 7.3246 2.6804
13.7 7.3352 2.6698
13.71 7.3458 2.6592
13.72 7.3564 2.6486
13.73 7.367 2.638
13.74 7.3776 2.6274
13.75 7.3882 2.6168
13.76 7.3988 2.6062
13.77 7.4094 2.5956
13.78 7.42 2.585
13.79 7.4306 2.5744
13.8 7.4412 2.5638
13.81 7.4518 2.5532
13.82 7.4624 2.5426
13.83 7.473 2.532
13.84 7.4836 2.5214
13.85 7.4942 2.5108
13.86 7.5048 2.5002
13.87 7.5154 2.4896
13.88 7.526 2.479
13.89 7.5366 2.4684
13.9 7.5472 2.4578
13.91 7.5578 2.4472
13.92 7.5684 2.4366
13.93 7.579 2.426
13.94 7.5896 2.4154
13.95 7.6002 2.4048
13.96 7.6108 2.3942
13.97 7.6214 2.3836
13.98 7.632 2.373
13.99 7.6426 2.3624
14.0 7.6532 2.3518
14.01 7.6638 2.3412
14.02 7.6744 2.3306
14.03 7.685 2.32
14.04 7.6956 2.3094
14.05 7.7062 2.2988
14.06 7.7168 2.2882
14.07 7.7274 2.2776
14.08 7.738 2.267
14.09 7.7486 2.2564
14.1 7.7592 2.2458
14.11 7.7698 2.2352
14.12 7.7804 2.2246
14.13 7.791 2.214
14.14 7.8016 2.2034
14.15 7.8122 2.1928
14.16 7.8228 2.1822
14.17 7.8334 2.1716
14.18 7.844 2.161
14.19 7.8546 2.1504
14.2 7.8652 2.1398
14.21 7.8758 2.1292
14.22 7.8864 2.1186
14.23 7.897 2.108
14.24 7.9076 2.0974
14.25 7.9182 2.0868
14.26 7.9288 2.0762
14.27 7.9394 2.0656
14.28 7.95 2.055
14.29 7.9606 2.0444
14.3 7.9712 2.0338
14.31 7.9818 2.0232
14.32 7.9924 2.0126
14.33 8.003 2.002
14.34 8.0136 1.9914
14.35 8.0242 1.9808
14.36 8.0348 1.9702
14.37 8.0454 1.9596
14.38 8.056 1.949
14.39 8.0666 1.9384
14.4 8.0772 1.9278
14.41 8.0878 1.9172
14.42 8.0984 1.9066
14.43 8.109 1.896
14.44 8.1196 1.8854
14.45 8.1302 1.8748
14.46 8.1408 1.8642
14.47 8.1514 1.8536
14.48 8.162 1.843
14.49 8.1726 1.8324
14.5 8.1832 1.8218
14.51 8.1938 1.8112
14.52 8.2044 1.8006
14.53 8.215 1.79
14.54 8.2256 1.7794
14.55 8.2362 1.7688
14.56 8.2468 1.7582
14.57 8.2574 1.7476
14.58 8.268 1.737
14.59 8.2786 1.7264
14.6 8.2892 1.7158
14.61 8.2998 1.7052
14.62 8.3104 1.6946
14.63 8.321 1.684
14.64 8.3316 1.6734
14.65 8.3422 1.6628
14.66 8.3528 1.6522
14.67 8.3634 1.6416
14.68 8.374 1.631
14.69 8.3846 1.6204
14.7 8.3952 1.6098
14.71 8.4058 1.5992
14.72 8.4164 1.5886
14.73 8.427 1.578
14.74 8.4376 1.5674
14.75 8.4482 1.5568
14.76 8.4588 1.5462
14.77 8.4694 1.5356
14.78 8.48 1.525
14.79 8.4906 1.5144
14.8 8.5012 1.5038
14.81 8.5118 1.4932
14.82 8.5224 1.4826
14.83 8.533 1.472
14.84 8.5436 1.4614
14.85 8.5542 1.4508
14.86 8.5648 1.4402
14.87 8.5754 1.4296
14.88 8.586 1.419
14.89 8.5966 1.4084
14.9 8.6072 1.3978
14.91 8.6178 1.3872
14.92 8.6284 1.3766
14.93 8.639 1.366
14.94 8.6496 1.3554
14.95 8.6602 1.3448
14.96 8.6708 1.3342
14.97 8.6814 1.3236
14.98 8.692 1.313
14.99 8.7026 1.3024
15.0 8.7132 1.2918
15.01 8.7238 1.2812
15.02 8.7344 1.2706
15.03 8.745 1.26
15.04 8.7556 1.2494
15.05 8.7662 1.2388
15.06 8.7768 1.2282
15.07 8.7874 1.2176
15.08 8.798 1.207
15.09 8.8086 1.1964
15.1 8.8192 1.1858
15.11 8.8298 1.1752
15.12 8.8404 1.1646
15.13 8.851 1.154
15.14 8.8616 1.1434
15.15 8.8722 1.1328
15.16 8.8828 1.1222
15.17 8.8934 1.1116
15.18 8.904 1.101
15.19 8.9146 1.0904
15.2 8.9252 1.0798
15.21 8.9358 1.0692
15.22 8.9464 1.0586
15.23 8.957 1.048
15.24 8.9676 1.0374
15.25 8.9782 1.0268
15.26 8.9888 1.0162
15.27 8.9994 1.0056
15.28 9.01 0.995
15.29 9.0206 0.9844
15.3 9.0312 0.9738
15.31 9.0418 0.9632
15.32 9.0524 0.9526
15.33 9.063 0.942
15.34 9.0736 0.9314
15.35 9.0842 0.9208
15.36 9.0948 0.9102
15.37 9.1054 0.8996
15.38 9.116 0.889
15.39 9.1266 0.8784
15.4 9.1372 0.8678
15.41 9.1478 0.8572
15.42 9.1584 0.8466
15.43 9.169 0.836
15.44 9.1796 0.8254
15.45 9.1902 0.8148
15.46 9.2008 0.8042
15.47 9.2114 0.7936
15.48 9.222 0.783
15.49 9.2326 0.7724
15.5 9.2432 0.7618
15.51 9.2538 0.7512
15.52 9.2644 0.7406
15.53 9.275 0.73
15.54 9.2856 0.7194
15.55 9.2962 0.7088
15.56 9.3068 0.6982
15.57 9.3174 0.6876
15.58 9.328 0.677
15.59 9.3386 0.6664
15.6 9.3492 0.6558
15.61 9.3598 0.6452
15.62 9.3704 0.6346
15.63 9.381 0.624
15.64 9.3916 0.6134
15.65 9.4022 0.6028
15.66 9.4128 0.5922
15.67 9.4234 0.5816
15.68 9.434 0.571
15.69 9.4446 0.5604
15.7 9.4552 0.5498
15.71 9.4658 0.5392
15.72 9.4764 0.5286
15.73 9.487 0.518
15.74 9.4976 0.5074
15.75 9.5082 0.4968
15.76 9.5188 0.4862
15.77 9.5294 0.4756
15.78 9.54 0.465
15.79 9.5506 0.4544
15.8 9.5612 0.4438
15.81 9.5718 0.4332
15.82 9.5824 0.4226
15.83 9.593 0.412
15.84 9.6036 0.4014
15.85 9.6142 0.3908
15.86 9.6248 0.3802
15.87 9.6354 0.3696
15.88 9.646 0.359
15.89 9.6566 0.3484
15.9 9.6672 0.3378
15.91 9.6778 0.3272
15.92 9.6884 0.3166
15.93 9.699 0.306
15.94 9.7096 0.2954
15.95 9.7202 0.2848
15.96 9.7308 0.2742
15.97 9.7414 0.2636
15.98 9.752 0.253
15.99 9.7626 0.2424
16.0 9.7732 0.2318
16.01 9.7838 0.2212
16.02 9.7944 0.2106
16.03 9.805 0.2
16.04 9.8156 0.1894
16.05 9.8262 0.1788
16.06 9.8368 0.1682
16.07 9.8474 0.1576
16.08 9.858 0.147
16.09 9.8686 0.1364
16.1 9.8792 0.1258
16.11 9.8898 0.1152
16.12 9.9004 0.1046
16.13 9.911 0.094
16.14 9.9216 0.0834
16.15 9.9322 0.0728
16.16 9.9428 0.0622
16.17 9.9534 0.0516
16.18 9.964 0.041
16.19 9.9746 0.0304
16.2 9.9852 0.0198
16.21 9.9958 0.0092
