0.12 5.015 0.0
0.13 5.03 0.0
0.14 5.045 0.0
0.15 5.06 0.0
0.16 5.075 0.0
0.17 5.09 0.0
0.18 5.105 0.0
0.19 5.12 0.0
0.2 5.135 0.0
0.21 5.15 0.0
0.22 5.165 0.0
0.23 5.18 0.0
0.24 5.195 0.0
0.25 5.21 0.0
0.26 5.225 0.0
0.27 5.24 0.0
0.28 5.255 0.0
0.29 5.27 0.0
0.3 5.285 0.0
0.31 5.3 0.0
0.32 5.315 0.0
0.33 5.33 0.0
0.34 5.345 0.0
0.35 5.36 0.0
0.36 5.375 0.0
0.37 5.39 0.0
0.38 5.405 0.0
0.39 5.42 0.0
0.4 5.435 0.0
0.41 5.45 0.0
0.42 5.465 0.0
0.43 5.48 0.0
0.44 5.495 0.0
0.45 5.51 0.0
0.46 5.525 0.0
0.47 5.54 0.0
0.48 5.555 0.0
0.49 5.57 0.0
0.5 5.585 0.0
0.51 5.6 0.0
0.52 5.615 0.0
0.53 5.63 0.0
0.54 5.645 0.0
0.55 5.66 0.0
0.56 5.675 0.0
0.57 5.69 0.0
0.58 5.705 0.0
0.59 5.72 0.0
0.6 5.735 0.0
0.61 5.75 0.0
0.62 5.765 0.0
0.63 5.78 0.0
0.64 5.795 0.0
0.65 5.81 0.0
0.66 5.825 0.0
0.67 5.84 0.0
0.68 5.855 0.0
0.69 5.87 0.0
0.7 5.885 0.0
0.71 5.9 0.0
0.72 5.915 0.0
0.73 5.93 0.0
0.74 5.945 0.0
0.75 5.96 0.0
0.76 5.975 0.0
0.77 5.99 0.0
0.78 6.005 0.0
0.79 6.02 0.0
0.8 6.035 0.0
0.81 6.05 0.0
0.82 6.065 0.0
0.83 6.08 0.0
0.84 6.095 0.0
0.85 6.11 0.0
0.86 6.125 0.0
0.87 6.14 0.0
0.88 6.155 0.0
0.89 6.17 0.0
0.9 6.185 0.0
0.91 6.2 0.0
0.92 6.215 0.0
0.93 6.23 0.0
0.94 6.245 0.0
0.95 6.26 0.0
0.96 6.275 0.0
0.97 6.29 0.0
0.98 6.305 0.0
0.99 6.32 0.0
1.0 6.335 0.0
1.01 6.35 0.0
1.02 6.365 0.0
1.03 6.38 0.0
1.04 6.395 0.0
1.05 6.41 0.0
1.06 6.425 0.0
1.07 6.44 0.0
1.08 6.455 0.0
1.09 6.47 0.0
1.1 6.485 0.0
1.11 6.5 0.0
1.12 6.515 0.0
1.13 6.53 0.0
1.14 6.545 0.0
1.15 6.56 0.0
1.16 6.575 0.0
1.17 6.59 0.0
1.18 6.605 0.0
1.19 6.62 0.0
1.2 6.635 0.0
1.21 6.65 0.0
1.22 6.665 0.0
1.23 6.68 0.0
1.24 6.695 0.0
1.25 6.71 0.0
1.26 6.725 0.0
1.27 6.74 0.0
1.28 6.755 0.0
1.29 6.77 0.0
1.3 6.785 0.0
1.31 6.8 0.0
1.32 6.815 0.0
1.33 6.83 0.0
1.34 6.845 0.0
1.35 6.86 0.0
1.36 6.875 0.0
1.37 6.89 0.0
1.38 6.905 0.0
1.39 6.92 0.0
1.4 6.935 0.0
1.41 6.95 0.0
1.42 6.965 0.0
1.43 6.98 0.0
1.44 6.995 0.0
1.45 7.01 0.0
1.46 7.025 0.0
1.47 7.04 0.0
1.48 7.055 0.0
1.49 7.07 0.0
1.5 7.085 0.0
1.51 7.1 0.0
1.52 7.115 0.0
1.53 7.13 0.0
1.54 7.145 0.0
1.55 7.16 0.0
1.56 7.175 0.0
1.57 7.19 0.0
1.58 7.205 0.0
1.59 7.22 0.0
1.6 7.235 0.0
1.61 7.25 0.0
1.62 7.265 0.0
1.63 7.28 0.0
1.64 7.295 0.0
1.65 7.31 0.0
1.66 7.325 0.0
1.67 7.34 0.0
1.68 7.355 0.0
1.69 7.37 0.0
1.7 7.385 0.0
1.71 7.4 0.0
1.72 7.415 0.0
1.73 7.43 0.0
1.74 7.445 0.0
1.75 7.46 0.0
1.76 7.475 0.0
1.77 7.49 0.0
1.78 7.505 0.0
1.79 7.52 0.0
1.8 7.535 0.0
1.81 7.55 0.0
1.82 7.565 0.0
1.83 7.58 0.0
1.84 7.595 0.0
1.85 7.61 0.0
1.86 7.625 0.0
1.87 7.64 0.0
1.88 7.655 0.0
1.89 7.67 0.0
1.9 7.685 0.0
1.91 7.7 0.0
1.92 7.715 0.0
1.93 7.73 0.0
1.94 7.745 0.0
1.95 7.76 0.0
1.96 7.775 0.0
1.97 7.79 0.0
1.98 7.805 0.0
1.99 7.82 0.0
2.0 7.835 0.0
2.01 7.85 0.0
2.02 7.865 0.0
2.03 7.88 0.0
2.04 7.895 0.0
2.05 7.91 0.0
2.06 7.925 0.0
2.07 7.94 0.0
2.08 7.955 0.0
2.09 7.97 0.0
2.1 7.985 0.0
2.11 8.0 0.0
2.12 8.015 0.0
2.13 8.03 0.0
2.14 8.045 0.0
2.15 8.06 0.0
2.16 8.075 0.0
2.17 8.09 0.0
2.18 8.105 0.0
2.19 8.12 0.0
2.2 8.135 0.0
2.21 8.15 0.0
2.22 8.165 0.0
2.23 8.18 0.0
2.24 8.195 0.0
2.25 8.21 0.0
2.26 8.225 0.0
2.27 8.24 0.0
2.28 8.255 0.0
2.29 8.27 0.0
2.3 8.285 0.0
2.31 8.3 0.0
2.32 8.315 0.0
2.33 8.33 0.0
2.34 8.345 0.0
2.35 8.36 0.0
2.36 8.375 0.0
2.37 8.39 0.0
2.38 8.405 0.0
2.39 8.42 0.0
2.4 8.435 0.0
2.41 8.45 0.0
2.42 8.465 0.0
2.43 8.48 0.0
2.44 8.495 0.0
2.45 8.51 0.0
2.46 8.525 0.0
2.47 8.54 0.0
2.48 8.555 0.0
2.49 8.57 0.0
2.5 8.585 0.0
2.51 8.6 0.0
2.52 8.615 0.0
2.53 8.63 0.0
2.54 8.645 0.0
2.55 8.66 0.0
2.56 8.675 0.0
2.57 8.69 0.0
2.58 8.705 0.0
2.59 8.72 0.0
2.6 8.735 0.0
2.61 8.75 0.0
2.62 8.765 0.0
2.63 8.78 0.0
2.64 8.795 0.0
2.65 8.81 0.0
2.66 8.825 0.0
2.67 8.84 0.0
2.68 8.855 0.0
2.69 8.87 0.0
2.7 8.885 0.0
2.71 8.9 0.0
2.72 8.915 0.0
2.73 8.93 0.0
2.74 8.945 0.0
2.75 8.96 0.0
2.76 8.975 0.0
2.77 8.99 0.0
2.78 9.005 0.0
2.79 9.02 0.0
2.8 9.035 0.0
2.81 9.05 0.0
2.82 9.065 0.0
2.83 9.08 0.0
2.84 9.095 0.0
2.85 9.11 0.0
2.86 9.125 0.0
2.87 9.14 0.0
2.88 9.155 0.0
2.89 9.17 0.0
2.9 9.185 0.0
2.91 9.2 0.0
2.92 9.215 0.0
2.93 9.23 0.0
2.94 9.245 0.0
2.95 9.26 0.0
2.96 9.275 0.0
2.97 9.29 0.0
2.98 9.305 0.0
2.99 9.32 0.0
3.0 9.335 0.0
3.01 9.35 0.0
3.02 9.365 0.0
3.03 9.38 0.0
3.04 9.395 0.0
3.05 9.41 0.0
3.06 9.425 0.0
3.07 9.44 0.0
3.08 9.455 0.0
3.09 9.47 0.0
3.1 9.485 0.0
3.11 9.5 0.0
3.12 9.515 0.0
3.13 9.53 0.0
3.14 9.545 0.0
3.15 9.56 0.0
3.16 9.575 0.0
3.17 9.59 0.0
3.18 9.605 0.0
3.19 9.62 0.0
3.2 9.635 0.0
3.21 9.65 0.0
3.22 9.665 0.0
3.23 9.68 0.0
3.24 9.695 0.0
3.25 9.71 0.0
3.26 9.725 0.0
3.27 9.74 0.0
3.28 9.755 0.0
3.29 9.77 0.0
3.3 9.785 0.0
3.31 9.8 0.0
3.32 9.815 0.0
3.33 9.83 0.0
3.34 9.845 0.0
3.35 9.86 0.0
3.36 9.875 0.0
3.37 9.89 0.0
3.38 9.905 0.0
3.39 9.92 0.0
3.4 9.935 0.0
3.41 9.95 0.0
3.42 9.965 0.0
3.43 9.98 0.0
3.44 9.995 0.0
3.45 10.01 0.0
3.46 9.9994 0.0106
3.47 9.9888 0.0212
3.48 9.9782 0.0318
3.49 9.9676 0.0424
3.5 9.957 0.053
3.51 9.9464 0.0636
3.52 9.9358 0.0742
3.53 9.9252 0.0848
3.54 9.9146 0.0954
3.55 9.904 0.106
3.56 9.8934 0.1166
3.57 9.8828 0.1272
3.58 9.8722 0.1378
3.59 9.8616 0.1484
3.6 9.851 0.159
3.61 9.8404 0.1696
3.62 9.8298 0.1802
3.63 9.8192 0.1908
3.64 9.8086 0.2014
3.65 9.798 0.212
3.66 9.7874 0.2226
3.67 9.7768 0.2332
3.68 9.7662 0.2438
3.69 9.7556 0.2544
3.7 9.745 0.265
3.71 9.7344 0.2756
3.72 9.7238 0.2862
3.73 9.7132 0.2968
3.74 9.7026 0.3074
3.75 9.692 0.318
3.76 9.6814 0.3286
3.77 9.6708 0.3392
3.78 9.6602 0.3498
3.79 9.6496 0.3604
3.8 9.639 0.371
3.81 9.6284 0.3816
3.82 9.6178 0.3922
3.83 9.6072 0.4028
3.84 9.5966 0.4134
3.85 9.586 0.424
3.86 9.5754 0.4346
3.87 9.5648 0.4452
3.88 9.5542 0.4558
3.89 9.5436 0.4664
3.9 9.533 0.477
3.91 9.5224 0.4876
3.92 9.5118 0.4982
3.93 9.5012 0.5088
3.94 9.4906 0.5194
3.95 9.48 0.53
3.96 9.4694 0.5406
3.97 9.4588 0.5512
3.98 9.4482 0.5618
3.99 9.4376 0.5724
4.0 9.427 0.583
4.01 9.4164 0.5936
4.02 9.4058 0.6042
4.03 9.3952 0.6148
4.04 9.3846 0.6254
4.05 9.374 0.636
4.06 9.3634 0.6466
4.07 9.3528 0.6572
4.08 9.3422 0.6678
4.09 9.3316 0.6784
4.1 9.321 0.689
4.11 9.3104 0.6996
4.12 9.2998 0.7102
4.13 9.2892 0.7208
4.14 9.2786 0.7314
4.15 9.268 0.742
4.16 9.2574 0.7526
4.17 9.2468 0.7632
4.18 9.2362 0.7738
4.19 9.2256 0.7844
4.2 9.215 0.795
4.21 9.2044 0.8056
4.22 9.1938 0.8162
4.23 9.1832 0.8268
4.24 9.1726 0.8374
4.25 9.162 0.848
4.26 9.1514 0.8586
4.27 9.1408 0.8692
4.28 9.1302 0.8798
4.29 9.1196 0.8904
4.3 9.109 0.901
4.31 9.0984 0.9116
4.32 9.0878 0.9222
4.33 9.0772 0.9328
4.34 9.0666 0.9434
4.35 9.056 0.954
4.36 9.0454 0.9646
4.37 9.0348 0.9752
4.38 9.0242 0.9858
4.39 9.0136 0.9964
4.4 9.003 1.007
4.41 8.9924 1.0176
4.42 8.9818 1.0282
4.43 8.9712 1.0388
4.44 8.9606 1.0494
4.45 8.95 1.06
4.46 8.9394 1.0706
4.47 8.9288 1.0812
4.48 8.9182 1.0918
4.49 8.9076 1.1024
4.5 8.897 1.113
4.51 8.8864 1.1236
4.52 8.8758 1.1342
4.53 8.8652 1.1448
4.54 8.8546 1.1554
4.55 8.844 1.166
4.56 8.8334 1.1766
4.57 8.8228 1.1872
4.58 8.8122 1.1978
4.59 8.8016 1.2084
4.6 8.791 1.219
4.61 8.7804 1.2296
4.62 8.7698 1.2402
4.63 8.7592 1.2508
4.64 8.7486 1.2614
4.65 8.738 1.272
4.66 8.7274 1.2826
4.67 8.7168 1.2932
4.68 8.7062 1.3038
4.69 8.6956 1.3144
4.7 8.685 1.325
4.71 8.6744 1.3356
4.72 8.6638 1.3462
4.73 8.6532 1.3568
4.74 8.6426 1.3674
4.75 8.632 1.378
4.76 8.6214 1.3886
4.77 8.6108 1.3992
4.78 8.6002 1.4098
4.79 8.5896 1.4204
4.8 8.579 1.431
4.81 8.5684 1.4416
4.82 8.5578 1.4522
4.83 8.5472 1.4628
4.84 8.5366 1.4734
4.85 8.526 1.484
4.86 8.5154 1.4946
4.87 8.5048 1.5052
4.88 8.4942 1.5158
4.89 8.4836 1.5264
4.9 8.473 1.537
4.91 8.4624 1.5476
4.92 8.4518 1.5582
4.93 8.4412 1.5688
4.94 8.4306 1.5794
4.95 8.42 1.59
4.96 8.4094 1.6006
4.97 8.3988 1.6112
4.98 8.3882 1.6218
4.99 8.3776 1.6324
5.0 8.367 1.643
5.01 8.3564 1.6536
5.02 8.3458 1.6642
5.03 8.3352 1.6748
5.04 8.3246 1.6854
5.05 8.314 1.696
5.06 8.3034 1.7066
5.07 8.2928 1.7172
5.08 8.2822 1.7278
5.09 8.2716 1.7384
5.1 8.261 1.749
5.11 8.2504 1.7596
5.12 8.2398 1.7702
5.13 8.2292 1.7808
5.14 8.2186 1.7914
5.15 8.208 1.802
5.16 8.1974 1.8126
5.17 8.1868 1.8232
5.18 8.1762 1.8338
5.19 8.1656 1.8444
5.2 8.155 1.855
5.21 8.1444 1.8656
5.22 8.1338 1.8762
5.23 8.1232 1.8868
5.24 8.1126 1.8974
5.25 8.102 1.908
5.26 8.0914 1.9186
5.27 8.0808 1.9292
5.28 8.0702 1.9398
5.29 8.0596 1.9504
5.3 8.049 1.961
5.31 8.0384 1.9716
5.32 8.0278 1.9822
5.33 8.0172 1.9928
5.34 8.0066 2.0034
5.35 7.996 2.014
5.36 7.9854 2.0246
5.37 7.9748 2.0352
5.38 7.9642 2.0458
5.39 7.9536 2.0564
5.4 7.943 2.067
5.41 7.9324 2.0776
5.42 7.9218 2.0882
5.43 7.9112 2.0988
5.44 7.9006 2.1094
5.45 7.89 2.12
5.46 7.8794 2.1306
5.47 7.8688 2.1412
5.48 7.8582 2.1518
5.49 7.8476 2.1624
5.5 7.837 2.173
5.51 7.8264 2.1836
5.52 7.8158 2.1942
5.53 7.8052 2.2048
5.54 7.7946 2.2154
5.55 7.784 2.226
5.56 7.7734 2.2366
5.57 7.7628 2.2472
5.58 7.7522 2.2578
5.59 7.7416 2.2684
5.6 7.731 2.279
5.61 7.7204 2.2896
5.62 7.7098 2.3002
5.63 7.6992 2.3108
5.64 7.6886 2.3214
5.65 7.678 2.332
5.66 7.6674 2.3426
5.67 7.6568 2.3532
5.68 7.6462 2.3638
5.69 7.6356 2.3744
5.7 7.625 2.385
5.71 7.6144 2.3956
5.72 7.6038 2.4062
5.73 7.5932 2.4168
5.74 7.5826 2.4274
5.75 7.572 2.438
5.76 7.5614 2.4486
5.77 7.5508 2.4592
5.78 7.5402 2.4698
5.79 7.5296 2.4804
5.8 7.519 2.491
5.81 7.5084 2.5016
5.82 7.4978 2.5122
5.83 7.4872 2.5228
5.84 7.4766 2.5334
5.85 7.466 2.544
5.86 7.4554 2.5546
5.87 7.4448 2.5652
5.88 7.4342 2.5758
5.89 7.4236 2.5864
5.9 7.413 2.597
5.91 7.4024 2.6076
5.92 7.3918 2.6182
5.93 7.3812 2.6288
5.94 7.3706 2.6394
5.95 7.36 2.65
5.96 7.3494 2.6606
5.97 7.3388 2.6712
5.98 7.3282 2.6818
5.99 7.3176 2.6924
6.0 7.307 2.703
6.01 7.2964 2.7136
6.02 7.2858 2.7242
6.03 7.2752 2.7348
6.04 7.2646 2.7454
6.05 7.254 2.756
6.06 7.2434 2.7666
6.07 7.2328 2.7772
6.08 7.2222 2.7878
6.09 7.2116 2.7984
6.1 7.201 2.809
6.11 7.1904 2.8196
6.12 7.1798 2.8302
6.13 7.1692 2.8408
6.14 7.1586 2.8514
6.15 7.148 2.862
6.16 7.1374 2.8726
6.17 7.1268 2.8832
6.18 7.1162 2.8938
6.19 7.1056 2.9044
6.2 7.095 2.915
6.21 7.0844 2.9256
6.22 7.0738 2.9362
6.23 7.0632 2.9468
6.24 7.0526 2.9574
6.25 7.042 2.968
6.26 7.0314 2.9786
6.27 7.0208 2.9892
6.28 7.0102 2.9998
6.29 6.9996 3.0104
6.3 6.989 3.021
6.31 6.9784 3.0316
6.32 6.9678 3.0422
6.33 6.9572 3.0528
6.34 6.9466 3.0634
6.35 6.936 3.074
6.36 6.9254 3.0846
6.37 6.9148 3.0952
6.38 6.9042 3.1058
6.39 6.8936 3.1164
6.4 6.883 3.127
6.41 6.8724 3.1376
6.42 6.8618 3.1482
6.43 6.8512 3.1588
6.44 6.8406 3.1694
6.45 6.83 3.18
6.46 6.8194 3.1906
6.47 6.8088 3.2012
6.48 6.7982 3.2118
6.49 6.7876 3.2224
6.5 6.777 3.233
6.51 6.7664 3.2436
6.52 6.7558 3.2542
6.53 6.7452 3.2648
6.54 6.7346 3.2754
6.55 6.724 3.286
6.56 6.7134 3.2966
6.57 6.7028 3.3072
6.58 6.6922 3.3178
6.59 6.6816 3.3284
6.6 6.671 3.339
6.61 6.6604 3.3496
6.62 6.6498 3.3602
6.63 6.6392 3.3708
6.64 6.6286 3.3814
6.65 6.618 3.392
6.66 6.6074 3.4026
6.67 6.5968 3.4132
6.68 6.5862 3.4238
6.69 6.5756 3.4344
6.7 6.565 3.445
6.71 6.5544 3.4556
6.72 6.5438 3.4662
6.73 6.5332 3.4768
6.74 6.5226 3.4874
6.75 6.512 3.498
6.76 6.5014 3.5086
6.77 6.4908 3.5192
6.78 6.4802 3.5298
6.79 6.4696 3.5404
6.8 6.459 3.551
6.81 6.4484 3.5616
6.82 6.4378 3.5722
6.83 6.4272 3.5828
6.84 6.4166 3.5934
6.85 6.406 3.604
6.86 6.3954 3.6146
6.87 6.3848 3.6252
6.88 6.3742 3.6358
6.89 6.3636 3.6464
6.9 6.353 3.657
6.91 6.3424 3.6676
6.92 6.3318 3.6782
6.93 6.3212 3.6888
6.94 6.3106 3.6994
6.95 6.3 3.71
6.96 6.2894 3.7206
6.97 6.2788 3.7312
6.98 6.2682 3.7418
6.99 6.2576 3.7524
7.0 6.247 3.763
7.01 6.2364 3.7736
7.02 6.2258 3.7842
7.03 6.2152 3.7948
7.04 6.2046 3.8054
7.05 6.194 3.816
7.06 6.1834 3.8266
7.07 6.1728 3.8372
7.08 6.1622 3.8478
7.09 6.1516 3.8584
7.1 6.141 3.869
7.11 6.1304 3.8796
7.12 6.1198 3.8902
7.13 6.1092 3.9008
7.14 6.0986 3.9114
7.15 6.088 3.922
7.16 6.0774 3.9326
7.17 6.0668 3.9432
7.18 6.0562 3.9538
7.19 6.0456 3.9644
7.2 6.035 3.975
7.21 6.0244 3.9856
7.22 6.0138 3.9962
7.23 6.0032 4.0068
7.24 5.9926 4.0174
7.25 5.982 4.028
7.26 5.9714 4.0386
7.27 5.9608 4.0492
7.28 5.9502 4.0598
7.29 5.9396 4.0704
7.3 5.929 4.081
7.31 5.9184 4.0916
7.32 5.9078 4.1022
7.33 5.8972 4.1128
7.34 5.8866 4.1234
7.35 5.876 4.134
7.36 5.8654 4.1446
7.37 5.8548 4.1552
7.38 5.8442 4.1658
7.39 5.8336 4.1764
7.4 5.823 4.187
7.41 5.8124 4.1976
7.42 5.8018 4.2082
7.43 5.7912 4.2188
7.44 5.7806 4.2294
7.45 5.77 4.24
7.46 5.7594 4.2506
7.47 5.7488 4.2612
7.48 5.7382 4.2718
7.49 5.7276 4.2824
7.5 5.717 4.293
7.51 5.7064 4.3036
7.52 5.6958 4.3142
7.53 5.6852 4.3248
7.54 5.6746 4.3354
7.55 5.664 4.346
7.56 5.6534 4.3566
7.57 5.6428 4.3672
7.58 5.6322 4.3778
7.59 5.6216 4.3884
7.6 5.611 4.399
7.61 5.6004 4.4096
7.62 5.5898 4.4202
7.63 5.5792 4.4308
7.64 5.5686 4.4414
7.65 5.558 4.452
7.66 5.5474 4.4626
7.67 5.5368 4.4732
7.68 5.5262 4.4838
7.69 5.5156 4.4944
7.7 5.505 4.505
7.71 5.4944 4.5156
7.72 5.4838 4.5262
7.73 5.4732 4.5368
7.74 5.4626 4.5474
7.75 5.452 4.558
7.76 5.4414 4.5686
7.77 5.4308 4.5792
7.78 5.4202 4.5898
7.79 5.4096 4.6004
7.8 5.399 4.611
7.81 5.3884 4.6216
7.82 5.3778 4.6322
7.83 5.3672 4.6428
7.84 5.3566 4.6534
7.85 5.346 4.664
7.86 5.3354 4.6746
7.87 5.3248 4.6852
7.88 5.3142 4.6958
7.89 5.3036 4.7064
7.9 5.293 4.717
7.91 5.2824 4.7276
7.92 5.2718 4.7382
7.93 5.2612 4.7488
7.94 5.2506 4.7594
7.95 5.24 4.77
7.96 5.2294 4.7806
7.97 5.2188 4.7912
7.98 5.2082 4.8018
7.99 5.1976 4.8124
8.0 5.187 4.823
8.01 5.1764 4.8336
8.02 5.1658 4.8442
8.03 5.1552 4.8548
8.04 5.1446 4.8654
8.05 5.134 4.876
8.06 5.1234 4.8866
8.07 5.1128 4.8972
8.08 5.1022 4.9078
8.09 5.0916 4.9184
8.1 5.081 4.929
8.11 5.0704 4.9396
8.12 5.0598 4.9502
8.13 5.0492 4.9608
8.14 5.0386 4.9714
8.15 5.028 4.982
8.16 5.0174 4.9926
8.17 5.0068 5.0032
8.18 4.9962 5.0138
8.19 4.9856 5.0244
8.2 4.975 5.035
8.21 4.9644 5.0456
8.22 4.9538 5.0562
8.23 4.9432 5.0668
8.24 4.9326 5.0774
8.25 4.922 5.088
8.26 4.9114 5.0986
8.27 4.9008 5.1092
8.28 4.8902 5.1198
8.29 4.8796 5.1304
8.3 4.869 5.141
8.31 4.8584 5.1516
8.32 4.8478 5.1622
8.33 4.8372 5.1728
8.34 4.8266 5.1834
8.35 4.816 5.194
8.36 4.8054 5.2046
8.37 4.7948 5.2152
8.38 4.7842 5.2258
8.39 4.7736 5.2364
8.4 4.763 5.247
8.41 4.7524 5.2576
8.42 4.7418 5.2682
8.43 4.7312 5.2788
8.44 4.7206 5.2894
8.45 4.71 5.3
8.46 4.6994 5.3106
8.47 4.6888 5.3212
8.48 4.6782 5.3318
8.49 4.6676 5.3424
8.5 4.657 5.353
8.51 4.6464 5.3636
8.52 4.6358 5.3742
8.53 4.6252 5.3848
8.54 4.6146 5.3954
8.55 4.604 5.406
8.56 4.5934 5.4166
8.57 4.5828 5.4272
8.58 4.5722 5.4378
8.59 4.5616 5.4484
8.6 4.551 5.459
8.61 4.5404 5.4696
8.62 4.5298 5.4802
8.63 4.5192 5.4908
8.64 4.5086 5.5014
8.65 4.498 5.512
8.66 4.4874 5.5226
8.67 4.4768 5.5332
8.68 4.4662 5.5438
8.69 4.4556 5.5544
8.7 4.445 5.565
8.71 4.4344 5.5756
8.72 4.4238 5.5862
8.73 4.4132 5.5968
8.74 4.4026 5.6074
8.75 4.392 5.618
8.76 4.3814 5.6286
8.77 4.3708 5.6392
8.78 4.3602 5.6498
8.79 4.3496 5.6604
8.8 4.339 5.671
8.81 4.3284 5.6816
8.82 4.3178 5.6922
8.83 4.3072 5.7028
8.84 4.2966 5.7134
8.85 4.286 5.724
8.86 4.2754 5.7346
8.87 4.2648 5.7452
8.88 4.2542 5.7558
8.89 4.2436 5.7664
8.9 4.233 5.777
8.91 4.2224 5.7876
8.92 4.2118 5.7982
8.93 4.2012 5.8088
8.94 4.1906 5.8194
8.95 4.18 5.83
8.96 4.1694 5.8406
8.97 4.1588 5.8512
8.98 4.1482 5.8618
8.99 4.1376 5.8724
9.0 4.127 5.883
9.01 4.1164 5.8936
9.02 4.1058 5.9042
9.03 4.0952 5.9148
9.04 4.0846 5.9254
9.05 4.074 5.936
9.06 4.0634 5.9466
9.07 4.0528 5.9572
9.08 4.0422 5.9678
9.09 4.0316 5.9784
9.1 4.021 5.989
9.11 4.0104 5.9996
9.12 3.9998 6.0102
9.13 3.9892 6.0208
9.14 3.9786 6.0314
9.15 3.968 6.042
9.16 3.9574 6.0526
9.17 3.9468 6.0632
9.18 3.9362 6.0738
9.19 3.9256 6.0844
9.2 3.915 6.095
9.21 3.9044 6.1056
9.22 3.8938 6.1162
9.23 3.8832 6.1268
9.24 3.8726 6.1374
9.25 3.862 6.148
9.26 3.8514 6.1586
9.27 3.8408 6.1692
9.28 3.8302 6.1798
9.29 3.8196 6.1904
9.3 3.809 6.201
9.31 3.7984 6.2116
9.32 3.7878 6.2222
9.33 3.7772 6.2328
9.34 3.7666 6.2434
9.35 3.756 6.254
9.36 3.7454 6.2646
9.37 3.7348 6.2752
9.38 3.7242 6.2858
9.39 3.7136 6.2964
9.4 3.703 6.307
9.41 3.6924 6.3176
9.42 3.6818 6.3282
9.43 3.6712 6.3388
9.44 3.6606 6.3494
9.45 3.65 6.36
9.46 3.6394 6.3706
9.47 3.6288 6.3812
9.48 3.6182 6.3918
9.49 3.6076 6.4024
9.5 3.597 6.413
9.51 3.5864 6.4236
9.52 3.5758 6.4342
9.53 3.5652 6.4448
9.54 3.5546 6.4554
9.55 3.544 6.466
9.56 3.5334 6.4766
9.57 3.5228 6.4872
9.58 3.5122 6.4978
9.59 3.5016 6.5084
9.6 3.491 6.519
9.61 3.4804 6.5296
9.62 3.4698 6.5402
9.63 3.4592 6.5508
9.64 3.4486 6.5614
9.65 3.438 6.572
9.66 3.4274 6.5826
9.67 3.4168 6.5932
9.68 3.4062 6.6038
9.69 3.3956 6.6144
9.7 3.385 6.625
9.71 3.3744 6.6356
9.72 3.3638 6.6462
9.73 3.3532 6.6568
9.74 3.3426 6.6674
9.75 3.332 6.678
9.76 3.3214 6.6886
9.77 3.3108 6.6992
9.78 3.3002 6.7098
9.79 3.2896 6.7204
9.8 3.279 6.731
9.81 3.2684 6.7416
9.82 3.2578 6.7522
9.83 3.2472 6.7628
9.84 3.2366 6.7734
9.85 3.226 6.784
9.86 3.2154 6.7946
9.87 3.2048 6.8052
9.88 3.1942 6.8158
9.89 3.1836 6.8264
9.9 3.173 6.837
9.91 3.1624 6.8476
9.92 3.1518 6.8582
9.93 3.1412 6.8688
9.94 3.1306 6.8794
9.95 3.12 6.89
9.96 3.1094 6.9006
9.97 3.0988 6.9112
9.98 3.0882 6.9218
9.99 3.0776 6.9324
10.0 3.067 6.943
10.01 3.0564 6.9536
10.02 3.0458 6.9642
10.03 3.0352 6.9748
10.04 3.0246 6.9854
10.05 3.014 6.996
10.06 3.0034 7.0066
10.07 2.9928 7.0172
10.08 2.9822 7.0278
10.09 2.9716 7.0384
10.1 2.961 7.049
10.11 2.9504 7.0596
10.12 2.9398 7.0702
10.13 2.9292 7.0808
10.14 2.9186 7.0914
10.15 2.908 7.102
10.16 2.8974 7.1126
10.17 2.8868 7.1232
10.18 2.8762 7.1338
10.19 2.8656 7.1444
10.2 2.855 7.155
10.21 2.8444 7.1656
10.22 2.8338 7.1762
10.23 2.8232 7.1868
10.24 2.8126 7.1974
10.25 2.802 7.208
10.26 2.7914 7.2186
10.27 2.7808 7.2292
10.28 2.7702 7.2398
10.29 2.7596 7.2504
10.3 2.749 7.261
10.31 2.7384 7.2716
10.32 2.7278 7.2822
10.33 2.7172 7.2928
10.34 2.7066 7.3034
10.35 2.696 7.314
10.36 2.6854 7.3246
10.37 2.6748 7.3352
10.38 2.6642 7.3458
10.39 2.6536 7.3564
10.4 2.643 7.367
10.41 2.6324 7.3776
10.42 2.6218 7.3882
10.43 2.6112 7.3988
10.44 2.6006 7.4094
10.45 2.59 7.42
10.46 2.5794 7.4306
10.47 2.5688 7.4412
10.48 2.5582 7.4518
10.49 2.5476 7.4624
10.5 2.537 7.473
10.51 2.5264 7.4836
10.52 2.5158 7.4942
10.53 2.5052 7.5048
10.54 2.4946 7.5154
10.55 2.484 7.526
10.56 2.4734 7.5366
10.57 2.4628 7.5472
10.58 2.4522 7.5578
10.59 2.4416 7.5684
10.6 2.431 7.579
10.61 2.4204 7.5896
10.62 2.4098 7.6002
10.63 2.3992 7.6108
10.64 2.3886 7.6214
10.65 2.378 7.632
10.66 2.3674 7.6426
10.67 2.3568 7.6532
10.68 2.3462 7.6638
10.69 2.3356 7.6744
10.7 2.325 7.685
10.71 2.3144 7.6956
10.72 2.3038 7.7062
10.73 2.2932 7.7168
10.74 2.2826 7.7274
10.75 2.272 7.738
10.76 2.2614 7.7486
10.77 2.2508 7.7592
10.78 2.2402 7.7698
10.79 2.2296 7.7804
10.8 2.219 7.791
10.81 2.2084 7.8016
10.82 2.1978 7.8122
10.83 2.1872 7.8228
10.84 2.1766 7.8334
10.85 2.166 7.844
10.86 2.1554 7.8546
10.87 2.1448 7.8652
10.88 2.1342 7.8758
10.89 2.1236 7.8864
10.9 2.113 7.897
10.91 2.1024 7.9076
10.92 2.0918 7.9182
10.93 2.0812 7.9288
10.94 2.0706 7.9394
10.95 2.06 7.95
10.96 2.0494 7.9606
10.97 2.0388 7.9712
10.98 2.0282 7.9818
10.99 2.0176 7.9924
11.0 2.007 8.003
11.01 1.9964 8.0136
11.02 1.9858 8.0242
11.03 1.9752 8.0348
11.04 1.9646 8.0454
11.05 1.954 8.056
11.06 1.9434 8.0666
11.07 1.9328 8.0772
11.08 1.9222 8.0878
11.09 1.9116 8.0984
11.1 1.901 8.109
11.11 1.8904 8.1196
11.12 1.8798 8.1302
11.13 1.8692 8.1408
11.14 1.8586 8.1514
11.15 1.848 8.162
11.16 1.8374 8.1726
11.17 1.8268 8.1832
11.18 1.8162 8.1938
11.19 1.8056 8.2044
11.2 1.795 8.215
11.21 1.7844 8.2256
11.22 1.7738 8.2362
11.23 1.7632 8.2468
11.24 1.7526 8.2574
11.25 1.742 8.268
11.26 1.7314 8.2786
11.27 1.7208 8.2892
11.28 1.7102 8.2998
11.29 1.6996 8.3104
11.3 1.689 8.321
11.31 1.6784 8.3316
11.32 1.6678 8.3422
11.33 1.6572 8.3528
11.34 1.6466 8.3634
11.35 1.636 8.374
11.36 1.6254 8.3846
11.37 1.6148 8.3952
11.38 1.6042 8.4058
11.39 1.5936 8.4164
11.4 1.583 8.427
11.41 1.5724 8.4376
11.42 1.5618 8.4482
11.43 1.5512 8.4588
11.44 1.5406 8.4694
11.45 1.53 8.48
11.46 1.5194 8.4906
11.47 1.5088 8.5012
11.48 1.4982 8.5118
11.49 1.4876 8.5224
11.5 1.477 8.533
11.51 1.4664 8.5436
11.52 1.4558 8.5542
11.53 1.4452 8.5648
11.54 1.4346 8.5754
11.55 1.424 8.586
11.56 1.4134 8.5966
11.57 1.4028 8.6072
11.58 1.3922 8.6178
11.59 1.3816 8.6284
11.6 1.371 8.639
11.61 1.3604 8.6496
11.62 1.3498 8.6602
11.63 1.3392 8.6708
11.64 1.3286 8.6814
11.65 1.318 8.692
11.66 1.3074 8.7026
11.67 1.2968 8.7132
11.68 1.2862 8.7238
11.69 1.2756 8.7344
11.7 1.265 8.745
11.71 1.2544 8.7556
11.72 1.2438 8.7662
11.73 1.2332 8.7768
11.74 1.2226 8.7874
11.75 1.212 8.798
11.76 1.2014 8.8086
11.77 1.1908 8.8192
11.78 1.1802 8.8298
11.79 1.1696 8.8404
11.8 1.159 8.851
11.81 1.1484 8.8616
11.82 1.1378 8.8722
11.83 1.1272 8.8828
11.84 1.1166 8.8934
11.85 1.106 8.904
11.86 1.0954 8.9146
11.87 1.0848 8.9252
11.88 1.0742 8.9358
11.89 1.0636 8.9464
11.9 1.053 8.957
11.91 1.0424 8.9676
11.92 1.0318 8.9782
11.93 1.0212 8.9888
11.94 1.0106 8.9994
11.95 1.0 9.01
11.96 0.9894 9.0206
11.97 0.9788 9.0312
11.98 0.9682 9.0418
11.99 0.9576 9.0524
12.0 0.947 9.063
12.01 0.9364 9.0736
12.02 0.9258 9.0842
12.03 0.9152 9.0948
12.04 0.9046 9.1054
12.05 0.894 9.116
12.06 0.8834 9.1266
12.07 0.8728 9.1372
12.08 0.8622 9.1478
12.09 0.8516 9.1584
12.1 0.841 9.169
12.11 0.8304 9.1796
12.12 0.8198 9.1902
12.13 0.8092 9.2008
12.14 0.7986 9.2114
12.15 0.788 9.222
12.16 0.7774 9.2326
12.17 0.7668 9.2432
12.18 0.7562 9.2538
12.19 0.7456 9.2644
12.2 0.735 9.275
12.21 0.7244 9.2856
12.22 0.7138 9.2962
12.23 0.7032 9.3068
12.24 0.6926 9.3174
12.25 0.682 9.328
12.26 0.6714 9.3386
12.27 0.6608 9.3492
12.28 0.6502 9.3598
12.29 0.6396 9.3704
12.3 0.629 9.381
12.31 0.6184 9.3916
12.32 0.6078 9.4022
12.33 0.5972 9.4128
12.34 0.5866 9.4234
12.35 0.576 9.434
12.36 0.5654 9.4446
12.37 0.5548 9.4552
12.38 0.5442 9.4658
12.39 0.5336 9.4764
12.4 0.523 9.487
12.41 0.5124 9.4976
12.42 0.5018 9.5082
12.43 0.4912 9.5188
12.44 0.4806 9.5294
12.45 0.47 9.54
12.46 0.4594 9.5506
12.47 0.4488 9.5612
12.48 0.4382 9.5718
12.49 0.4276 9.5824
12.5 0.417 9.593
12.51 0.4064 9.6036
12.52 0.3958 9.6142
12.53 0.3852 9.6248
12.54 0.3746 9.6354
12.55 0.364 9.646
12.56 0.3534 9.6566
12.57 0.3428 9.6672
12.58 0.3322 9.6778
12.59 0.3216 9.6884
12.6 0.311 9.699
12.61 0.3004 9.7096
12.62 0.2898 9.7202
12.63 0.2792 9.7308
12.64 0.2686 9.7414
12.65 0.258 9.752
12.66 0.2474 9.7626
12.67 0.2368 9.7732
12.68 0.2262 9.7838
12.69 0.2156 9.7944
12.7 0.205 9.805
12.71 0.1944 9.8156
12.72 0.1838 9.8262
12.73 0.1732 9.8368
12.74 0.1626 9.8474
12.75 0.152 9.858
12.76 0.1414 9.8686
12.77 0.1308 9.8792
12.78 0.1202 9.8898
12.79 0.1096 9.9004
12.8 0.099 9.911
12.81 0.0884 9.9216
12.82 0.0778 9.9322
12.83 0.0672 9.9428
12.84 0.0566 9.9534
12.85 0.046 9.964
12.86 0.0354 9.9746
12.87 0.0248 9.9852
12.88 0.0142 9.9958
12.89 0.0142 9.9808
12.9 0.0142 9.9658
12.91 0.0142 9.9508
12.92 0.0142 9.9358
12.93 0.0142 9.9208
12.94 0.0142 9.9058
12.95 0.0142 9.8908
12.96 0.0142 9.8758
12.97 0.0142 9.8608
12.98 0.0142 9.8458
12.99 0.0142 9.8308
13.0 0.0142 9.8158
13.01 0.0142 9.8008
13.02 0.0142 9.7858
13.03 0.0142 9.7708
13.04 0.0142 9.7558
13.05 0.0142 9.7408
13.06 0.0142 9.7258
13.07 0.0142 9.7108
13.08 0.0142 9.6958
13.09 0.0142 9.6808
13.1 0.0142 9.6658
13.11 0.0142 9.6508
13.12 0.0142 9.6358
13.13 0.0142 9.6208
13.14 0.0142 9.6058
13.15 0.0142 9.5908
13.16 0.0142 9.5758
13.17 0.0142 9.5608
13.18 0.0142 9.5458
13.19 0.0142 9.5308
13.2 0.0142 9.5158
13.21 0.0142 9.5008
13.22 0.0142 9.4858
13.23 0.0142 9.4708
13.24 0.0142 9.4558
13.25 0.0142 9.4408
13.26 0.0142 9.4258
13.27 0.0142 9.4108
13.28 0.0142 9.3958
13.29 0.0142 9.3808
13.3 0.0142 9.3658
13.31 0.0142 9.3508
13.32 0.0142 9.3358
13.33 0.0142 9.3208
13.34 0.0142 9.3058
13.35 0.0142 9.2908
13.36 0.0142 9.2758
13.37 0.0142 9.2608
13.38 0.0142 9.2458
13.39 0.0142 9.2308
13.4 0.0142 9.2158
13.41 0.0142 9.2008
13.42 0.0142 9.1858
13.43 0.0142 9.1708
13.44 0.0142 9.1558
13.45 0.0142 9.1408
13.46 0.0142 9.1258
13.47 0.0142 9.1108
13.48 0.0142 9.0958
13.49 0.0142 9.0808
13.5 0.0142 9.0658
13.51 0.0142 9.0508
13.52 0.0142 9.0358
13.53 0.0142 9.0208
13.54 0.0142 9.0058
13.55 0.0142 8.9908
13.56 0.0142 8.9758
13.57 0.0142 8.9608
13.58 0.0142 8.9458
13.59 0.0142 8.9308
13.6 0.0142 8.9158
13.61 0.0142 8.9008
13.62 0.0142 8.8858
13.63 0.0142 8.8708
13.64 0.0142 8.8558
13.65 0.0142 8.8408
13.66 0.0142 8.8258
13.67 0.0142 8.8108
13.68 0.0142 8.7958
13.69 0.0142 8.7808
13.7 0.0142 8.7658
13.71 0.0142 8.7508
13.72 0.0142 8.7358
13.73 0.0142 8.7208
13.74 0.0142 8.7058
13.75 0.0142 8.6908
13.76 0.0142 8.6758
13.77 0.0142 8.6608
13.78 0.0142 8.6458
13.79 0.0142 8.6308
13.8 0.0142 8.6158
13.81 0.0142 8.6008
13.82 0.0142 8.5858
13.83 0.0142 8.5708
13.84 0.0142 8.5558
13.85 0.0142 8.5408
13.86 0.0142 8.5258
13.87 0.0142 8.5108
13.88 0.0142 8.4958
13.89 0.0142 8.4808
13.9 0.0142 8.4658
13.91 0.0142 8.4508
13.92 0.0142 8.4358
13.93 0.0142 8.4208
13.94 0.0142 8.4058
13.95 0.0142 8.3908
13.96 0.0142 8.3758
13.97 0.0142 8.3608
13.98 0.0142 8.3458
13.99 0.0142 8.3308
14.0 0.0142 8.3158
14.01 0.0142 8.3008
14.02 0.0142 8.2858
14.03 0.0142 8.2708
14.04 0.0142 8.2558
14.05 0.0142 8.2408
14.06 0.0142 8.2258
14.07 0.0142 8.2108
14.08 0.0142 8.1958
14.09 0.0142 8.1808
14.1 0.0142 8.1658
14.11 0.0142 8.1508
14.12 0.0142 8.1358
14.13 0.0142 8.1208
14.14 0.0142 8.1058
14.15 0.0142 8.0908
14.16 0.0142 8.0758
14.17 0.0142 8.0608
14.18 0.0142 8.0458
14.19 0.0142 8.0308
14.2 0.0142 8.0158
14.21 0.0142 8.0008
14.22 0.0142 7.9858
14.23 0.0142 7.9708
14.24 0.0142 7.9558
14.25 0.0142 7.9408
14.26 0.0142 7.9258
14.27 0.0142 7.9108
14.28 0.0142 7.8958
14.29 0.0142 7.8808
14.3 0.0142 7.8658
14.31 0.0142 7.8508
14.32 0.0142 7.8358
14.33 0.0142 7.8208
14.34 0.0142 7.8058
14.35 0.0142 7.7908
14.36 0.0142 7.7758
14.37 0.0142 7.7608
14.38 0.0142 7.7458
14.39 0.0142 7.7308
14.4 0.0142 7.7158
14.41 0.0142 7.7008
14.42 0.0142 7.6858
14.43 0.0142 7.6708
14.44 0.0142 7.6558
14.45 0.0142 7.6408
14.46 0.0142 7.6258
14.47 0.0142 7.6108
14.48 0.0142 7.5958
14.49 0.0142 7.5808
14.5 0.0142 7.5658
14.51 0.0142 7.5508
14.52 0.0142 7.5358
14.53 0.0142 7.5208
14.54 0.0142 7.5058
14.55 0.0142 7.4908
14.56 0.0142 7.4758
14.57 0.0142 7.4608
14.58 0.0142 7.4458
14.59 0.0142 7.4308
14.6 0.0142 7.4158
14.61 0.0142 7.4008
14.62 0.0142 7.3858
14.63 0.0142 7.3708
14.64 0.0142 7.3558
14.65 0.0142 7.3408
14.66 0.0142 7.3258
14.67 0.0142 7.3108
14.68 0.0142 7.2958
14.69 0.0142 7.2808
14.7 0.0142 7.2658
14.71 0.0142 7.2508
14.72 0.0142 7.2358
14.73 0.0142 7.2208
14.74 0.0142 7.2058
14.75 0.0142 7.1908
14.76 0.0142 7.1758
14.77 0.0142 7.1608
14.78 0.0142 7.1458
14.79 0.0142 7.1308
14.8 0.0142 7.1158
14.81 0.0142 7.1008
14.82 0.0142 7.0858
14.83 0.0142 7.0708
14.84 0.0142 7.0558
14.85 0.0142 7.0408
14.86 0.0142 7.0258
14.87 0.0142 7.0108
14.88 0.0142 6.9958
14.89 0.0142 6.9808
14.9 0.0142 6.9658
14.91 0.0142 6.9508
14.92 0.0142 6.9358
14.93 0.0142 6.9208
14.94 0.0142 6.9058
14.95 0.0142 6.8908
14.96 0.0142 6.8758
14.97 0.0142 6.8608
14.98 0.0142 6.8458
14.99 0.0142 6.8308
15.0 0.0142 6.8158
15.01 0.0142 6.8008
15.02 0.0142 6.7858
15.03 0.0142 6.7708
15.04 0.0142 6.7558
15.05 0.0142 6.7408
15.06 0.0142 6.7258
15.07 0.0142 6.7108
15.08 0.0142 6.6958
15.09 0.0142 6.6808
15.1 0.0142 6.6658
15.11 0.0142 6.6508
15.12 0.0142 6.6358
15.13 0.0142 6.6208
15.14 0.0142 6.6058
15.15 0.0142 6.5908
15.16 0.0142 6.5758
15.17 0.0142 6.5608
15.18 0.0142 6.5458
15.19 0.0142 6.5308
15.2 0.0142 6.5158
15.21 0.0142 6.5008
15.22 0.0142 6.4858
15.23 0.0142 6.4708
15.24 0.0142 6.4558
15.25 0.0142 6.4408
15.26 0.0142 6.4258
15.27 0.0142 6.4108
15.28 0.0142 6.3958
15.29 0.0142 6.3808
15.3 0.0142 6.3658
15.31 0.0142 6.3508
15.32 0.0142 6.3358
15.33 0.0142 6.3208
15.34 0.0142 6.3058
15.35 0.0142 6.2908
15.36 0.0142 6.2758
15.37 0.0142 6.2608
15.38 0.0142 6.2458
15.39 0.0142 6.2308
15.4 0.0142 6.2158
15.41 0.0142 6.2008
15.42 0.0142 6.1858
15.43 0.0142 6.1708
15.44 0.0142 6.1558
15.45 0.0142 6.1408
15.46 0.0142 6.1258
15.47 0.0142 6.1108
15.48 0.0142 6.0958
15.49 0.0142 6.0808
15.5 0.0142 6.0658
15.51 0.0142 6.0508
15.52 0.0142 6.0358
15.53 0.0142 6.0208
15.54 0.0142 6.0058
15.55 0.0142 5.9908
15.56 0.0142 5.9758
15.57 0.0142 5.9608
15.58 0.0142 5.9458
15.59 0.0142 5.9308
15.6 0.0142 5.9158
15.61 0.0142 5.9008
15.62 0.0142 5.8858
15.63 0.0142 5.8708
15.64 0.0142 5.8558
15.65 0.0142 5.8408
15.66 0.0142 5.8258
15.67 0.0142 5.8108
15.68 0.0142 5.7958
15.69 0.0142 5.7808
15.7 0.0142 5.7658
15.71 0.0142 5.7508
15.72 0.0142 5.7358
15.73 0.0142 5.7208
15.74 0.0142 5.7058
15.75 0.0142 5.6908
15.76 0.0142 5.6758
15.77 0.0142 5.6608
15.78 0.0142 5.6458
15.79 0.0142 5.6308
15.8 0.0142 5.6158
15.81 0.0142 5.6008
15.82 0.0142 5.5858
15.83 0.0142 5.5708
15.84 0.0142 5.5558
15.85 0.0142 5.5408
15.86 0.0142 5.5258
15.87 0.0142 5.5108
15.88 0.0142 5.4958
15.89 0.0142 5.4808
15.9 0.0142 5.4658
15.91 0.0142 5.4508
15.92 0.0142 5.4358
15.93 0.0142 5.4208
15.94 0.0142 5.4058
15.95 0.0142 5.3908
15.96 0.0142 5.3758
15.97 0.0142 5.3608
15.98 0.0142 5.3458
15.99 0.0142 5.3308
16.0 0.0142 5.3158
16.01 0.0142 5.3008
16.02 0.0142 5.2858
16.03 0.0142 5.2708
16.04 0.0142 5.2558
16.05 0.0142 5.2408
16.06 0.0142 5.2258
16.07 0.0142 5.2108
16.08 0.0142 5.1958
16.09 0.0142 5.1808
16.1 0.0142 5.1658
16.11 0.0142 5.1508
16.12 0.0142 5.1358
16.13 0.0142 5.1208
16.14 0.0142 5.1058
16.15 0.0142 5.0908
16.16 0.0142 5.0758
16.17 0.0142 5.0608
16.18 0.0142 5.0458
16.19 0.0142 5.0308
16.2 0.0142 5.0158
16.21 0.0142 5.0008
16.22 0.0142 4.9858
16.23 0.0142 4.9708
16.24 0.0142 4.9558
16.25 0.0142 4.9408
16.26 0.0142 4.9258
16.27 0.0142 4.9108
16.28 0.0142 4.8958
16.29 0.0142 4.8808
16.3 0.0142 4.8658
16.31 0.0142 4.8508
16.32 0.0142 4.8358
16.33 0.0142 4.8208
16.34 0.0142 4.8058
16.35 0.0142 4.7908
16.36 0.0142 4.7758
16.37 0.0142 4.7608
16.38 0.0142 4.7458
16.39 0.0142 4.7308
16.4 0.0142 4.7158
16.41 0.0142 4.7008
16.42 0.0142 4.6858
16.43 0.0142 4.6708
16.44 0.0142 4.6558
16.45 0.0142 4.6408
16.46 0.0142 4.6258
16.47 0.0142 4.6108
16.48 0.0142 4.5958
16.49 0.0142 4.5808
16.5 0.0142 4.5658
16.51 0.0142 4.5508
16.52 0.0142 4.5358
16.53 0.0142 4.5208
16.54 0.0142 4.5058
16.55 0.0142 4.4908
16.56 0.0142 4.4758
16.57 0.0142 4.4608
16.58 0.0142 4.4458
16.59 0.0142 4.4308
16.6 0.0142 4.4158
16.61 0.0142 4.4008
16.62 0.0142 4.3858
16.63 0.0142 4.3708
16.64 0.0142 4.3558
16.65 0.0142 4.3408
16.66 0.0142 4.3258
16.67 0.0142 4.3108
16.68 0.0142 4.2958
16.69 0.0142 4.2808
16.7 0.0142 4.2658
16.71 0.0142 4.2508
16.72 0.0142 4.2358
16.73 0.0142 4.2208
16.74 0.0142 4.2058
16.75 0.0142 4.1908
16.76 0.0142 4.1758
16.77 0.0142 4.1608
16.78 0.0142 4.1458
16.79 0.0142 4.1308
16.8 0.0142 4.1158
16.81 0.0142 4.1008
16.82 0.0142 4.0858
16.83 0.0142 4.0708
16.84 0.0142 4.0558
16.85 0.0142 4.0408
16.86 0.0142 4.0258
16.87 0.0142 4.0108
16.88 0.0142 3.9958
16.89 0.0142 3.9808
16.9 0.0142 3.9658
16.91 0.0142 3.9508
16.92 0.0142 3.9358
16.93 0.0142 3.9208
16.94 0.0142 3.9058
16.95 0.0142 3.8908
16.96 0.0142 3.8758
16.97 0.0142 3.8608
16.98 0.0142 3.8458
16.99 0.0142 3.8308
17.0 0.0142 3.8158
17.01 0.0142 3.8008
17.02 0.0142 3.7858
17.03 0.0142 3.7708
17.04 0.0142 3.7558
17.05 0.0142 3.7408
17.06 0.0142 3.7258
17.07 0.0142 3.7108
17.08 0.0142 3.6958
17.09 0.0142 3.6808
17.1 0.0142 3.6658
17.11 0.0142 3.6508
17.12 0.0142 3.6358
17.13 0.0142 3.6208
17.14 0.0142 3.6058
17.15 0.0142 3.5908
17.16 0.0142 3.5758
17.17 0.0142 3.5608
17.18 0.0142 3.5458
17.19 0.0142 3.5308
17.2 0.0142 3.5158
17.21 0.0142 3.5008
17.22 0.0142 3.4858
17.23 0.0142 3.4708
17.24 0.0142 3.4558
17.25 0.0142 3.4408
17.26 0.0142 3.4258
17.27 0.0142 3.4108
17.28 0.0142 3.3958
17.29 0.0142 3.3808
17.3 0.0142 3.3658
17.31 0.0142 3.3508
17.32 0.0142 3.3358
17.33 0.0142 3.3208
17.34 0.0142 3.3058
17.35 0.0142 3.2908
17.36 0.0142 3.2758
17.37 0.0142 3.2608
17.38 0.0142 3.2458
17.39 0.0142 3.2308
17.4 0.0142 3.2158
17.41 0.0142 3.2008
17.42 0.0142 3.1858
17.43 0.0142 3.1708
17.44 0.0142 3.1558
17.45 0.0142 3.1408
17.46 0.0142 3.1258
17.47 0.0142 3.1108
17.48 0.0142 3.0958
17.49 0.0142 3.0808
17.5 0.0142 3.0658
17.51 0.0142 3.0508
17.52 0.0142 3.0358
17.53 0.0142 3.0208
17.54 0.0142 3.0058
17.55 0.0142 2.9908
17.56 0.0142 2.9758
17.57 0.0142 2.9608
17.58 0.0142 2.9458
17.59 0.0142 2.9308
17.6 0.0142 2.9158
17.61 0.0142 2.9008
17.62 0.0142 2.8858
17.63 0.0142 2.8708
17.64 0.0142 2.8558
17.65 0.0142 2.8408
17.66 0.0142 2.8258
17.67 0.0142 2.8108
17.68 0.0142 2.7958
17.69 0.0142 2.7808
17.7 0.0142 2.7658
17.71 0.0142 2.7508
17.72 0.0142 2.7358
17.73 0.0142 2.7208
17.74 0.0142 2.7058
17.75 0.0142 2.6908
17.76 0.0142 2.6758
17.77 0.0142 2.6608
17.78 0.0142 2.6458
17.79 0.0142 2.6308
17.8 0.0142 2.6158
17.81 0.0142 2.6008
17.82 0.0142 2.5858
17.83 0.0142 2.5708
17.84 0.0142 2.5558
17.85 0.0142 2.5408
17.86 0.0142 2.5258
17.87 0.0142 2.5108
17.88 0.0142 2.4958
17.89 0.0142 2.4808
17.9 0.0142 2.4658
17.91 0.0142 2.4508
17.92 0.0142 2.4358
17.93 0.0142 2.4208
17.94 0.0142 2.4058
17.95 0.0142 2.3908
17.96 0.0142 2.3758
17.97 0.0142 2.3608
17.98 0.0142 2.3458
17.99 0.0142 2.3308
18.0 0.0142 2.3158
18.01 0.0142 2.3008
18.02 0.0142 2.2858
18.03 0.0142 2.2708
18.04 0.0142 2.2558
18.05 0.0142 2.2408
18.06 0.0142 2.2258
18.07 0.0142 2.2108
18.08 0.0142 2.1958
18.09 0.0142 2.1808
18.1 0.0142 2.1658
18.11 0.0142 2.1508
18.12 0.0142 2.1358
18.13 0.0142 2.1208
18.14 0.0142 2.1058
18.15 0.0142 2.0908
18.16 0.0142 2.0758
18.17 0.0142 2.0608
18.18 0.0142 2.0458
18.19 0.0142 2.0308
18.2 0.0142 2.0158
18.21 0.0142 2.0008
18.22 0.0142 1.9858
18.23 0.0142 1.9708
18.24 0.0142 1.9558
18.25 0.0142 1.9408
18.26 0.0142 1.9258
18.27 0.0142 1.9108
18.28 0.0142 1.8958
18.29 0.0142 1.8808
18.3 0.0142 1.8658
18.31 0.0142 1.8508
18.32 0.0142 1.8358
18.33 0.0142 1.8208
18.34 0.0142 1.8058
18.35 0.0142 1.7908
18.36 0.0142 1.7758
18.37 0.0142 1.7608
18.38 0.0142 1.7458
18.39 0.0142 1.7308
18.4 0.0142 1.7158
18.41 0.0142 1.7008
18.42 0.0142 1.6858
18.43 0.0142 1.6708
18.44 0.0142 1.6558
18.45 0.0142 1.6408
18.46 0.0142 1.6258
18.47 0.0142 1.6108
18.48 0.0142 1.5958
18.49 0.0142 1.5808
18.5 0.0142 1.5658
18.51 0.0142 1.5508
18.52 0.0142 1.5358
18.53 0.0142 1.5208
18.54 0.0142 1.5058
18.55 0.0142 1.4908
18.56 0.0142 1.4758
18.57 0.0142 1.4608
18.58 0.0142 1.4458
18.59 0.0142 1.4308
18.6 0.0142 1.4158
18.61 0.0142 1.4008
18.62 0.0142 1.3858
18.63 0.0142 1.3708
18.64 0.0142 1.3558
18.65 0.0142 1.3408
18.66 0.0142 1.3258
18.67 0.0142 1.3108
18.68 0.0142 1.2958
18.69 0.0142 1.2808
18.7 0.0142 1.2658
18.71 0.0142 1.2508
18.72 0.0142 1.2358
18.73 0.0142 1.2208
18.74 0.0142 1.2058
18.75 0.0142 1.1908
18.76 0.0142 1.1758
18.77 0.0142 1.1608
18.78 0.0142 1.1458
18.79 0.0142 1.1308
18.8 0.0142 1.1158
18.81 0.0142 1.1008
18.82 0.0142 1.0858
18.83 0.0142 1.0708
18.84 0.0142 1.0558
18.85 0.0142 1.0408
18.86 0.0142 1.0258
18.87 0.0142 1.0108
18.88 0.0142 0.9958
18.89 0.0142 0.9808
18.9 0.0142 0.9658
18.91 0.0142 0.9508
18.92 0.0142 0.9358
18.93 0.0142 0.9208
18.94 0.0142 0.9058
18.95 0.0142 0.8908
18.96 0.0142 0.8758
18.97 0.0142 0.8608
18.98 0.0142 0.8458
18.99 0.0142 0.8308
19.0 0.0142 0.8158
19.01 0.0142 0.8008
19.02 0.0142 0.7858
19.03 0.0142 0.7708
19.04 0.0142 0.7558
19.05 0.0142 0.7408
19.06 0.0142 0.7258
19.07 0.0142 0.7108
19.08 0.0142 0.6958
19.09 0.0142 0.6808
19.1 0.0142 0.6658
19.11 0.0142 0.6508
19.12 0.0142 0.6358
19.13 0.0142 0.6208
19.14 0.0142 0.6058
19.15 0.0142 0.5908
19.16 0.0142 0.5758
19.17 0.0142 0.5608
19.18 0.0142 0.5458
19.19 0.0142 0.5308
19.2 0.0142 0.5158
19.21 0.0142 0.5008
19.22 0.0142 0.4858
19.23 0.0142 0.4708
19.24 0.0142 0.4558
19.25 0.0142 0.4408
19.26 0.0142 0.4258
19.27 0.0142 0.4108
19.28 0.0142 0.3958
19.29 0.0142 0.3808
19.3 0.0142 0.3658
19.31 0.0142 0.3508
19.32 0.0142 0.3358
19.33 0.0142 0.3208
19.34 0.0142 0.3058
19.35 0.0142 0.2908
19.36 0.0142 0.2758
19.37 0.0142 0.2608
19.38 0.0142 0.2458
19.39 0.0142 0.2308
19.4 0.0142 0.2158
19.41 0.0142 0.2008
19.42 0.0142 0.1858
19.43 0.0142 0.1708
19.44 0.0142 0.1558
19.45 0.0142 0.1408
19.46 0.0142 0.1258
19.47 0.0142 0.1108
19.48 0.0142 0.0958
19.49 0.0142 0.0808
19.5 0.0142 0.0658
19.51 0.0142 0.0508
19.52 0.0142 0.0358
19.53 0.0142 0.0208
19.54 0.0142 0.0058
19.55 0.0142 -0.0092
