0.13 9.985 10.0
0.14 9.97 10.0
0.15 9.955 10.0
0.16 9.94 10.0
0.17 9.925 10.0
0.18 9.91 10.0
0.19 9.895 10.0
0.2 9.88 10.0
0.21 9.865 10.0
0.22 9.85 10.0
0.23 9.835 10.0
0.24 9.82 10.0
0.25 9.805 10.0
0.26 9.79 10.0
0.27 9.775 10.0
0.28 9.76 10.0
0.29 9.745 10.0
0.3 9.73 10.0
0.31 9.715 10.0
0.32 9.7 10.0
0.33 9.685 10.0
0.34 9.67 10.0
0.35 9.655 10.0
0.36 9.64 10.0
0.37 9.625 10.0
0.38 9.61 10.0
0.39 9.595 10.0
0.4 9.58 10.0
0.41 9.565 10.0
0.42 9.55 10.0
0.43 9.535 10.0
0.44 9.52 10.0
0.45 9.505 10.0
0.46 9.49 10.0
0.47 9.475 10.0
0.48 9.46 10.0
0.49 9.445 10.0
0.5 9.43 10.0
0.51 9.415 10.0
0.52 9.4 10.0
0.53 9.385 10.0
0.54 9.37 10.0
0.55 9.355 10.0
0.56 9.34 10.0
0.57 9.325 10.0
0.58 9.31 10.0
0.59 9.295 10.0
0.6 9.28 10.0
0.61 9.265 10.0
0.62 9.25 10.0
0.63 9.235 10.0
0.64 9.22 10.0
0.65 9.205 10.0
0.66 9.19 10.0
0.67 9.175 10.0
0.68 9.16 10.0
0.69 9.145 10.0
0.7 9.13 10.0
0.71 9.115 10.0
0.72 9.1 10.0
0.73 9.085 10.0
0.74 9.07 10.0
0.75 9.055 10.0
0.76 9.04 10.0
0.77 9.025 10.0
0.78 9.01 10.0
0.79 8.995 10.0
0.8 8.98 10.0
0.81 8.965 10.0
0.82 8.95 10.0
0.83 8.935 10.0
0.84 8.92 10.0
0.85 8.905 10.0
0.86 8.89 10.0
0.87 8.875 10.0
0.88 8.86 10.0
0.89 8.845 10.0
0.9 8.83 10.0
0.91 8.815 10.0
0.92 8.8 10.0
0.93 8.785 10.0
0.94 8.77 10.0
0.95 8.755 10.0
0.96 8.74 10.0
0.97 8.725 10.0
0.98 8.71 10.0
0.99 8.695 10.0
1.0 8.68 10.0
1.01 8.665 10.0
1.02 8.65 10.0
1.03 8.635 10.0
1.04 8.62 10.0
1.05 8.605 10.0
1.06 8.59 10.0
1.07 8.575 10.0
1.08 8.56 10.0
1.09 8.545 10.0
1.1 8.53 10.0
1.11 8.515 10.0
1.12 8.5 10.0
1.13 8.485 10.0
1.14 8.47 10.0
1.15 8.455 10.0
1.16 8.44 10.0
1.17 8.425 10.0
1.18 8.41 10.0
1.19 8.395 10.0
1.2 8.38 10.0
1.21 8.365 10.0
1.22 8.35 10.0
1.23 8.335 10.0
1.24 8.32 10.0
1.25 8.305 10.0
1.26 8.29 10.0
1.27 8.275 10.0
1.28 8.26 10.0
1.29 8.245 10.0
1.3 8.23 10.0
1.31 8.215 10.0
1.32 8.2 10.0
1.33 8.185 10.0
1.34 8.17 10.0
1.35 8.155 10.0
1.36 8.14 10.0
1.37 8.125 10.0
1.38 8.11 10.0
1.39 8.095 10.0
1.4 8.08 10.0
1.41 8.065 10.0
1.42 8.05 10.0
1.43 8.035 10.0
1.44 8.02 10.0
1.45 8.005 10.0
1.46 7.99 10.0
1.47 7.975 10.0
1.48 7.96 10.0
1.49 7.945 10.0
1.5 7.93 10.0
1.51 7.915 10.0
1.52 7.9 10.0
1.53 7.885 10.0
1.54 7.87 10.0
1.55 7.855 10.0
1.56 7.84 10.0
1.57 7.825 10.0
1.58 7.81 10.0
1.59 7.795 10.0
1.6 7.78 10.0
1.61 7.765 10.0
1.62 7.75 10.0
1.63 7.735 10.0
1.64 7.72 10.0
1.65 7.705 10.0
1.66 7.69 10.0
1.67 7.675 10.0
1.68 7.66 10.0
1.69 7.645 10.0
1.7 7.63 10.0
1.71 7.615 10.0
1.72 7.6 10.0
1.73 7.585 10.0
1.74 7.57 10.0
1.75 7.555 10.0
1.76 7.54 10.0
1.77 7.525 10.0
1.78 7.51 10.0
1.79 7.495 10.0
1.8 7.48 10.0
1.81 7.465 10.0
1.82 7.45 10.0
1.83 7.435 10.0
1.84 7.42 10.0
1.85 7.405 10.0
1.86 7.39 10.0
1.87 7.375 10.0
1.88 7.36 10.0
1.89 7.345 10.0
1.9 7.33 10.0
1.91 7.315 10.0
1.92 7.3 10.0
1.93 7.285 10.0
1.94 7.27 10.0
1.95 7.255 10.0
1.96 7.24 10.0
1.97 7.225 10.0
1.98 7.21 10.0
1.99 7.195 10.0
2.0 7.18 10.0
2.01 7.165 10.0
2.02 7.15 10.0
2.03 7.135 10.0
2.04 7.12 10.0
2.05 7.105 10.0
2.06 7.09 10.0
2.07 7.075 10.0
2.08 7.06 10.0
2.09 7.045 10.0
2.1 7.03 10.0
2.11 7.015 10.0
2.12 7.0 10.0
2.13 6.985 10.0
2.14 6.97 10.0
2.15 6.955 10.0
2.16 6.94 10.0
2.17 6.925 10.0
2.18 6.91 10.0
2.19 6.895 10.0
2.2 6.88 10.0
2.21 6.865 10.0
2.22 6.85 10.0
2.23 6.835 10.0
2.24 6.82 10.0
2.25 6.805 10.0
2.26 6.79 10.0
2.27 6.775 10.0
2.28 6.76 10.0
2.29 6.745 10.0
2.3 6.73 10.0
2.31 6.715 10.0
2.32 6.7 10.0
2.33 6.685 10.0
2.34 6.67 10.0
2.35 6.655 10.0
2.36 6.64 10.0
2.37 6.625 10.0
2.38 6.61 10.0
2.39 6.595 10.0
2.4 6.58 10.0
2.41 6.565 10.0
2.42 6.55 10.0
2.43 6.535 10.0
2.44 6.52 10.0
2.45 6.505 10.0
2.46 6.49 10.0
2.47 6.475 10.0
2.48 6.46 10.0
2.49 6.445 10.0
2.5 6.43 10.0
2.51 6.415 10.0
2.52 6.4 10.0
2.53 6.385 10.0
2.54 6.37 10.0
2.55 6.355 10.0
2.56 6.34 10.0
2.57 6.325 10.0
2.58 6.31 10.0
2.59 6.295 10.0
2.6 6.28 10.0
2.61 6.265 10.0
2.62 6.25 10.0
2.63 6.235 10.0
2.64 6.22 10.0
2.65 6.205 10.0
2.66 6.19 10.0
2.67 6.175 10.0
2.68 6.16 10.0
2.69 6.145 10.0
2.7 6.13 10.0
2.71 6.115 10.0
2.72 6.1 10.0
2.73 6.085 10.0
2.74 6.07 10.0
2.75 6.055 10.0
2.76 6.04 10.0
2.77 6.025 10.0
2.78 6.01 10.0
2.79 5.995 10.0
2.8 5.98 10.0
2.81 5.965 10.0
2.82 5.95 10.0
2.83 5.935 10.0
2.84 5.92 10.0
2.85 5.905 10.0
2.86 5.89 10.0
2.87 5.875 10.0
2.88 5.86 10.0
2.89 5.845 10.0
2.9 5.83 10.0
2.91 5.815 10.0
2.92 5.8 10.0
2.93 5.785 10.0
2.94 5.77 10.0
2.95 5.755 10.0
2.96 5.74 10.0
2.97 5.725 10.0
2.98 5.71 10.0
2.99 5.695 10.0
3.0 5.68 10.0
3.01 5.665 10.0
3.02 5.65 10.0
3.03 5.635 10.0
3.04 5.62 10.0
3.05 5.605 10.0
3.06 5.59 10.0
3.07 5.575 10.0
3.08 5.56 10.0
3.09 5.545 10.0
3.1 5.53 10.0
3.11 5.515 10.0
3.12 5.5 10.0
3.13 5.485 10.0
3.14 5.47 10.0
3.15 5.455 10.0
3.16 5.44 10.0
3.17 5.425 10.0
3.18 5.41 10.0
3.19 5.395 10.0
3.2 5.38 10.0
3.21 5.365 10.0
3.22 5.35 10.0
3.23 5.335 10.0
3.24 5.32 10.0
3.25 5.305 10.0
3.26 5.29 10.0
3.27 5.275 10.0
3.28 5.26 10.0
3.29 5.245 10.0
3.3 5.23 10.0
3.31 5.215 10.0
3.32 5.2 10.0
3.33 5.185 10.0
3.34 5.17 10.0
3.35 5.155 10.0
3.36 5.14 10.0
3.37 5.125 10.0
3.38 5.11 10.0
3.39 5.095 10.0
3.4 5.08 10.0
3.41 5.065 10.0
3.42 5.05 10.0
3.43 5.035 10.0
3.44 5.02 10.0
3.45 5.005 10.0
3.46 4.99 10.0
3.47 4.975 10.0
3.48 4.96 10.0
3.49 4.945 10.0
3.5 4.93 10.0
3.51 4.915 10.0
3.52 4.9 10.0
3.53 4.885 10.0
3.54 4.87 10.0
3.55 4.855 10.0
3.56 4.84 10.0
3.57 4.825 10.0
3.58 4.81 10.0
3.59 4.795 10.0
3.6 4.78 10.0
3.61 4.765 10.0
3.62 4.75 10.0
3.63 4.735 10.0
3.64 4.72 10.0
3.65 4.705 10.0
3.66 4.69 10.0
3.67 4.675 10.0
3.68 4.66 10.0
3.69 4.645 10.0
3.7 4.63 10.0
3.71 4.615 10.0
3.72 4.6 10.0
3.73 4.585 10.0
3.74 4.57 10.0
3.75 4.555 10.0
3.76 4.54 10.0
3.77 4.525 10.0
3.78 4.51 10.0
3.79 4.495 10.0
3.8 4.48 10.0
3.81 4.465 10.0
3.82 4.45 10.0
3.83 4.435 10.0
3.84 4.42 10.0
3.85 4.405 10.0
3.86 4.39 10.0
3.87 4.375 10.0
3.88 4.36 10.0
3.89 4.345 10.0
3.9 4.33 10.0
3.91 4.315 10.0
3.92 4.3 10.0
3.93 4.285 10.0
3.94 4.27 10.0
3.95 4.255 10.0
3.96 4.24 10.0
3.97 4.225 10.0
3.98 4.21 10.0
3.99 4.195 10.0
4.0 4.18 10.0
4.01 4.165 10.0
4.02 4.15 10.0
4.03 4.135 10.0
4.04 4.12 10.0
4.05 4.105 10.0
4.06 4.09 10.0
4.07 4.075 10.0
4.08 4.06 10.0
4.09 4.045 10.0
4.1 4.03 10.0
4.11 4.015 10.0
4.12 4.0 10.0
4.13 3.985 10.0
4.14 3.97 10.0
4.15 3.955 10.0
4.16 3.94 10.0
4.17 3.925 10.0
4.18 3.91 10.0
4.19 3.895 10.0
4.2 3.88 10.0
4.21 3.865 10.0
4.22 3.85 10.0
4.23 3.835 10.0
4.24 3.82 10.0
4.25 3.805 10.0
4.26 3.79 10.0
4.27 3.775 10.0
4.28 3.76 10.0
4.29 3.745 10.0
4.3 3.73 10.0
4.31 3.715 10.0
4.32 3.7 10.0
4.33 3.685 10.0
4.34 3.67 10.0
4.35 3.655 10.0
4.36 3.64 10.0
4.37 3.625 10.0
4.38 3.61 10.0
4.39 3.595 10.0
4.4 3.58 10.0
4.41 3.565 10.0
4.42 3.55 10.0
4.43 3.535 10.0
4.44 3.52 10.0
4.45 3.505 10.0
4.46 3.49 10.0
4.47 3.475 10.0
4.48 3.46 10.0
4.49 3.445 10.0
4.5 3.43 10.0
4.51 3.415 10.0
4.52 3.4 10.0
4.53 3.385 10.0
4.54 3.37 10.0
4.55 3.355 10.0
4.56 3.34 10.0
4.57 3.325 10.0
4.58 3.31 10.0
4.59 3.295 10.0
4.6 3.28 10.0
4.61 3.265 10.0
4.62 3.25 10.0
4.63 3.235 10.0
4.64 3.22 10.0
4.65 3.205 10.0
4.66 3.19 10.0
4.67 3.175 10.0
4.68 3.16 10.0
4.69 3.145 10.0
4.7 3.13 10.0
4.71 3.115 10.0
4.72 3.1 10.0
4.73 3.085 10.0
4.74 3.07 10.0
4.75 3.055 10.0
4.76 3.04 10.0
4.77 3.025 10.0
4.78 3.01 10.0
4.79 2.995 10.0
4.8 2.98 10.0
4.81 2.965 10.0
4.82 2.95 10.0
4.83 2.935 10.0
4.84 2.92 10.0
4.85 2.905 10.0
4.86 2.89 10.0
4.87 2.875 10.0
4.88 2.86 10.0
4.89 2.845 10.0
4.9 2.83 10.0
4.91 2.815 10.0
4.92 2.8 10.0
4.93 2.785 10.0
4.94 2.77 10.0
4.95 2.755 10.0
4.96 2.74 10.0
4.97 2.725 10.0
4.98 2.71 10.0
4.99 2.695 10.0
5.0 2.68 10.0
5.01 2.665 10.0
5.02 2.65 10.0
5.03 2.635 10.0
5.04 2.62 10.0
5.05 2.605 10.0
5.06 2.59 10.0
5.07 2.575 10.0
5.08 2.56 10.0
5.09 2.545 10.0
5.1 2.53 10.0
5.11 2.515 10.0
5.12 2.5 10.0
5.13 2.485 10.0
5.14 2.47 10.0
5.15 2.455 10.0
5.16 2.44 10.0
5.17 2.425 10.0
5.18 2.41 10.0
5.19 2.395 10.0
5.2 2.38 10.0
5.21 2.365 10.0
5.22 2.35 10.0
5.23 2.335 10.0
5.24 2.32 10.0
5.25 2.305 10.0
5.26 2.29 10.0
5.27 2.275 10.0
5.28 2.26 10.0
5.29 2.245 10.0
5.3 2.23 10.0
5.31 2.215 10.0
5.32 2.2 10.0
5.33 2.185 10.0
5.34 2.17 10.0
5.35 2.155 10.0
5.36 2.14 10.0
5.37 2.125 10.0
5.38 2.11 10.0
5.39 2.095 10.0
5.4 2.08 10.0
5.41 2.065 10.0
5.42 2.05 10.0
5.43 2.035 10.0
5.44 2.02 10.0
5.45 2.005 10.0
5.46 1.99 10.0
5.47 1.975 10.0
5.48 1.96 10.0
5.49 1.945 10.0
5.5 1.93 10.0
5.51 1.915 10.0
5.52 1.9 10.0
5.53 1.885 10.0
5.54 1.87 10.0
5.55 1.855 10.0
5.56 1.84 10.0
5.57 1.825 10.0
5.58 1.81 10.0
5.59 1.795 10.0
5.6 1.78 10.0
5.61 1.765 10.0
5.62 1.75 10.0
5.63 1.735 10.0
5.64 1.72 10.0
5.65 1.705 10.0
5.66 1.69 10.0
5.67 1.675 10.0
5.68 1.66 10.0
5.69 1.645 10.0
5.7 1.63 10.0
5.71 1.615 10.0
5.72 1.6 10.0
5.73 1.585 10.0
5.74 1.57 10.0
5.75 1.555 10.0
5.76 1.54 10.0
5.77 1.525 10.0
5.78 1.51 10.0
5.79 1.495 10.0
5.8 1.48 10.0
5.81 1.465 10.0
5.82 1.45 10.0
5.83 1.435 10.0
5.84 1.42 10.0
5.85 1.405 10.0
5.86 1.39 10.0
5.87 1.375 10.0
5.88 1.36 10.0
5.89 1.345 10.0
5.9 1.33 10.0
5.91 1.315 10.0
5.92 1.3 10.0
5.93 1.285 10.0
5.94 1.27 10.0
5.95 1.255 10.0
5.96 1.24 10.0
5.97 1.225 10.0
5.98 1.21 10.0
5.99 1.195 10.0
6.0 1.18 10.0
6.01 1.165 10.0
6.02 1.15 10.0
6.03 1.135 10.0
6.04 1.12 10.0
6.05 1.105 10.0
6.06 1.09 10.0
6.07 1.075 10.0
6.08 1.06 10.0
6.09 1.045 10.0
6.1 1.03 10.0
6.11 1.015 10.0
6.12 1.0 10.0
6.13 0.985 10.0
6.14 0.97 10.0
6.15 0.955 10.0
6.16 0.94 10.0
6.17 0.925 10.0
6.18 0.91 10.0
6.19 0.895 10.0
6.2 0.88 10.0
6.21 0.865 10.0
6.22 0.85 10.0
6.23 0.835 10.0
6.24 0.82 10.0
6.25 0.805 10.0
6.26 0.79 10.0
6.27 0.775 10.0
6.28 0.76 10.0
6.29 0.745 10.0
6.3 0.73 10.0
6.31 0.715 10.0
6.32 0.7 10.0
6.33 0.685 10.0
6.34 0.67 10.0
6.35 0.655 10.0
6.36 0.64 10.0
6.37 0.625 10.0
6.38 0.61 10.0
6.39 0.595 10.0
6.4 0.58 10.0
6.41 0.565 10.0
6.42 0.55 10.0
6.43 0.535 10.0
6.44 0.52 10.0
6.45 0.505 10.0
6.46 0.49 10.0
6.47 0.475 10.0
6.48 0.46 10.0
6.49 0.445 10.0
6.5 0.43 10.0
6.51 0.415 10.0
6.52 0.4 10.0
6.53 0.385 10.0
6.54 0.37 10.0
6.55 0.355 10.0
6.56 0.34 10.0
6.57 0.325 10.0
6.58 0.31 10.0
6.59 0.295 10.0
6.6 0.28 10.0
6.61 0.265 10.0
6.62 0.25 10.0
6.63 0.235 10.0
6.64 0.22 10.0
6.65 0.205 10.0
6.66 0.19 10.0
6.67 0.175 10.0
6.68 0.16 10.0
6.69 0.145 10.0
6.7 0.13 10.0
6.71 0.115 10.0
6.72 0.1 10.0
6.73 0.085 10.0
6.74 0.07 10.0
6.75 0.055 10.0
6.76 0.04 10.0
6.77 0.025 10.0
6.78 0.01 10.0
6.79 -0.005 10.0
6.8 0.0056 9.9894
6.81 0.0162 9.9788
6.82 0.0268 9.9682
6.83 0.0374 9.9576
6.84 0.048 9.947
6.85 0.0586 9.9364
6.86 0.0692 9.9258
6.87 0.0798 9.9152
6.88 0.0904 9.9046
6.89 0.101 9.894
6.9 0.1116 9.8834
6.91 0.1222 9.8728
6.92 0.1328 9.8622
6.93 0.1434 9.8516
6.94 0.154 9.841
6.95 0.1646 9.8304
6.96 0.1752 9.8198
6.97 0.1858 9.8092
6.98 0.1964 9.7986
6.99 0.207 9.788
7.0 0.2176 9.7774
7.01 0.2282 9.7668
7.02 0.2388 9.7562
7.03 0.2494 9.7456
7.04 0.26 9.735
7.05 0.2706 9.7244
7.06 0.2812 9.7138
7.07 0.2918 9.7032
7.08 0.3024 9.6926
7.09 0.313 9.682
7.1 0.3236 9.6714
7.11 0.3342 9.6608
7.12 0.3448 9.6502
7.13 0.3554 9.6396
7.14 0.366 9.629
7.15 0.3766 9.6184
7.16 0.3872 9.6078
7.17 0.3978 9.5972
7.18 0.4084 9.5866
7.19 0.419 9.576
7.2 0.4296 9.5654
7.21 0.4402 9.5548
7.22 0.4508 9.5442
7.23 0.4614 9.5336
7.24 0.472 9.523
7.25 0.4826 9.5124
7.26 0.4932 9.5018
7.27 0.5038 9.4912
7.28 0.5144 9.4806
7.29 0.525 9.47
7.3 0.5356 9.4594
7.31 0.5462 9.4488
7.32 0.5568 9.4382
7.33 0.5674 9.4276
7.34 0.578 9.417
7.35 0.5886 9.4064
7.36 0.5992 9.3958
7.37 0.6098 9.3852
7.38 0.6204 9.3746
7.39 0.631 9.364
7.4 0.6416 9.3534
7.41 0.6522 9.3428
7.42 0.6628 9.3322
7.43 0.6734 9.3216
7.44 0.684 9.311
7.45 0.6946 9.3004
7.46 0.7052 9.2898
7.47 0.7158 9.2792
7.48 0.7264 9.2686
7.49 0.737 9.258
7.5 0.7476 9.2474
7.51 0.7582 9.2368
7.52 0.7688 9.2262
7.53 0.7794 9.2156
7.54 0.79 9.205
7.55 0.8006 9.1944
7.56 0.8112 9.1838
7.57 0.8218 9.1732
7.58 0.8324 9.1626
7.59 0.843 9.152
7.6 0.8536 9.1414
7.61 0.8642 9.1308
7.62 0.8748 9.1202
7.63 0.8854 9.1096
7.64 0.896 9.099
7.65 0.9066 9.0884
7.66 0.9172 9.0778
7.67 0.9278 9.0672
7.68 0.9384 9.0566
7.69 0.949 9.046
7.7 0.9596 9.0354
7.71 0.9702 9.0248
7.72 0.9808 9.0142
7.73 0.9914 9.0036
7.74 1.002 8.993
7.75 1.0126 8.9824
7.76 1.0232 8.9718
7.77 1.0338 8.9612
7.78 1.0444 8.9506
7.79 1.055 8.94
7.8 1.0656 8.9294
7.81 1.0762 8.9188
7.82 1.0868 8.9082
7.83 1.0974 8.8976
7.84 1.108 8.887
7.85 1.1186 8.8764
7.86 1.1292 8.8658
7.87 1.1398 8.8552
7.88 1.1504 8.8446
7.89 1.161 8.834
7.9 1.1716 8.8234
7.91 1.1822 8.8128
7.92 1.1928 8.8022
7.93 1.2034 8.7916
7.94 1.214 8.781
7.95 1.2246 8.7704
7.96 1.2352 8.7598
7.97 1.2458 8.7492
7.98 1.2564 8.7386
7.99 1.267 8.728
8.0 1.2776 8.7174
8.01 1.2882 8.7068
8.02 1.2988 8.6962
8.03 1.3094 8.6856
8.04 1.32 8.675
8.05 1.3306 8.6644
8.06 1.3412 8.6538
8.07 1.3518 8.6432
8.08 1.3624 8.6326
8.09 1.373 8.622
8.1 1.3836 8.6114
8.11 1.3942 8.6008
8.12 1.4048 8.5902
8.13 1.4154 8.5796
8.14 1.426 8.569
8.15 1.4366 8.5584
8.16 1.4472 8.5478
8.17 1.4578 8.5372
8.18 1.4684 8.5266
8.19 1.479 8.516
8.2 1.4896 8.5054
8.21 1.5002 8.4948
8.22 1.5108 8.4842
8.23 1.5214 8.4736
8.24 1.532 8.463
8.25 1.5426 8.4524
8.26 1.5532 8.4418
8.27 1.5638 8.4312
8.28 1.5744 8.4206
8.29 1.585 8.41
8.3 1.5956 8.3994
8.31 1.6062 8.3888
8.32 1.6168 8.3782
8.33 1.6274 8.3676
8.34 1.638 8.357
8.35 1.6486 8.3464
8.36 1.6592 8.3358
8.37 1.6698 8.3252
8.38 1.6804 8.3146
8.39 1.691 8.304
8.4 1.7016 8.2934
8.41 1.7122 8.2828
8.42 1.7228 8.2722
8.43 1.7334 8.2616
8.44 1.744 8.251
8.45 1.7546 8.2404
8.46 1.7652 8.2298
8.47 1.7758 8.2192
8.48 1.7864 8.2086
8.49 1.797 8.198
8.5 1.8076 8.1874
8.51 1.8182 8.1768
8.52 1.8288 8.1662
8.53 1.8394 8.1556
8.54 1.85 8.145
8.55 1.8606 8.1344
8.56 1.8712 8.1238
8.57 1.8818 8.1132
8.58 1.8924 8.1026
8.59 1.903 8.092
8.6 1.9136 8.0814
8.61 1.9242 8.0708
8.62 1.9348 8.0602
8.63 1.9454 8.0496
8.64 1.956 8.039
8.65 1.9666 8.0284
8.66 1.9772 8.0178
8.67 1.9878 8.0072
8.68 1.9984 7.9966
8.69 2.009 7.986
8.7 2.0196 7.9754
8.71 2.0302 7.9648
8.72 2.0408 7.9542
8.73 2.0514 7.9436
8.74 2.062 7.933
8.75 2.0726 7.9224
8.76 2.0832 7.9118
8.77 2.0938 7.9012
8.78 2.1044 7.8906
8.79 2.115 7.88
8.8 2.1256 7.8694
8.81 2.1362 7.8588
8.82 2.1468 7.8482
8.83 2.1574 7.8376
8.84 2.168 7.827
8.85 2.1786 7.8164
8.86 2.1892 7.8058
8.87 2.1998 7.7952
8.88 2.2104 7.7846
8.89 2.221 7.774
8.9 2.2316 7.7634
8.91 2.2422 7.7528
8.92 2.2528 7.7422
8.93 2.2634 7.7316
8.94 2.274 7.721
8.95 2.2846 7.7104
8.96 2.2952 7.6998
8.97 2.3058 7.6892
8.98 2.3164 7.6786
8.99 2.327 7.668
9.0 2.3376 7.6574
9.01 2.3482 7.6468
9.02 2.3588 7.6362
9.03 2.3694 7.6256
9.04 2.38 7.615
9.05 2.3906 7.6044
9.06 2.4012 7.5938
9.07 2.4118 7.5832
9.08 2.4224 7.5726
9.09 2.433 7.562
9.1 2.4436 7.5514
9.11 2.4542 7.5408
9.12 2.4648 7.5302
9.13 2.4754 7.5196
9.14 2.486 7.509
9.15 2.4966 7.4984
9.16 2.5072 7.4878
9.17 2.5178 7.4772
9.18 2.5284 7.4666
9.19 2.539 7.456
9.2 2.5496 7.4454
9.21 2.5602 7.4348
9.22 2.5708 7.4242
9.23 2.5814 7.4136
9.24 2.592 7.403
9.25 2.6026 7.3924
9.26 2.6132 7.3818
9.27 2.6238 7.3712
9.28 2.6344 7.3606
9.29 2.645 7.35
9.3 2.6556 7.3394
9.31 2.6662 7.3288
9.32 2.6768 7.3182
9.33 2.6874 7.3076
9.34 2.698 7.297
9.35 2.7086 7.2864
9.36 2.7192 7.2758
9.37 2.7298 7.2652
9.38 2.7404 7.2546
9.39 2.751 7.244
9.4 2.7616 7.2334
9.41 2.7722 7.2228
9.42 2.7828 7.2122
9.43 2.7934 7.2016
9.44 2.804 7.191
9.45 2.8146 7.1804
9.46 2.8252 7.1698
9.47 2.8358 7.1592
9.48 2.8464 7.1486
9.49 2.857 7.138
9.5 2.8676 7.1274
9.51 2.8782 7.1168
9.52 2.8888 7.1062
9.53 2.8994 7.0956
9.54 2.91 7.085
9.55 2.9206 7.0744
9.56 2.9312 7.0638
9.57 2.9418 7.0532
9.58 2.9524 7.0426
9.59 2.963 7.032
9.6 2.9736 7.0214
9.61 2.9842 7.0108
9.62 2.9948 7.0002
9.63 3.0054 6.9896
9.64 3.016 6.979
9.65 3.0266 6.9684
9.66 3.0372 6.9578
9.67 3.0478 6.9472
9.68 3.0584 6.9366
9.69 3.069 6.926
9.7 3.0796 6.9154
9.71 3.0902 6.9048
9.72 3.1008 6.8942
9.73 3.1114 6.8836
9.74 3.122 6.873
9.75 3.1326 6.8624
9.76 3.1432 6.8518
9.77 3.1538 6.8412
9.78 3.1644 6.8306
9.79 3.175 6.82
9.8 3.1856 6.8094
9.81 3.1962 6.7988
9.82 3.2068 6.7882
9.83 3.2174 6.7776
9.84 3.228 6.767
9.85 3.2386 6.7564
9.86 3.2492 6.7458
9.87 3.2598 6.7352
9.88 3.2704 6.7246
9.89 3.281 6.714
9.9 3.2916 6.7034
9.91 3.3022 6.6928
9.92 3.3128 6.6822
9.93 3.3234 6.6716
9.94 3.334 6.661
9.95 3.3446 6.6504
9.96 3.3552 6.6398
9.97 3.3658 6.6292
9.98 3.3764 6.6186
9.99 3.387 6.608
10.0 3.3976 6.5974
10.01 3.4082 6.5868
10.02 3.4188 6.5762
10.03 3.4294 6.5656
10.04 3.44 6.555
10.05 3.4506 6.5444
10.06 3.4612 6.5338
10.07 3.4718 6.5232
10.08 3.4824 6.5126
10.09 3.493 6.502
10.1 3.5036 6.4914
10.11 3.5142 6.4808
10.12 3.5248 6.4702
10.13 3.5354 6.4596
10.14 3.546 6.449
10.15 3.5566 6.4384
10.16 3.5672 6.4278
10.17 3.5778 6.4172
10.18 3.5884 6.4066
10.19 3.599 6.396
10.2 3.6096 6.3854
10.21 3.6202 6.3748
10.22 3.6308 6.3642
10.23 3.6414 6.3536
10.24 3.652 6.343
10.25 3.6626 6.3324
10.26 3.6732 6.3218
10.27 3.6838 6.3112
10.28 3.6944 6.3006
10.29 3.705 6.29
10.3 3.7156 6.2794
10.31 3.7262 6.2688
10.32 3.7368 6.2582
10.33 3.7474 6.2476
10.34 3.758 6.237
10.35 3.7686 6.2264
10.36 3.7792 6.2158
10.37 3.7898 6.2052
10.38 3.8004 6.1946
10.39 3.811 6.184
10.4 3.8216 6.1734
10.41 3.8322 6.1628
10.42 3.8428 6.1522
10.43 3.8534 6.1416
10.44 3.864 6.131
10.45 3.8746 6.1204
10.46 3.8852 6.1098
10.47 3.8958 6.0992
10.48 3.9064 6.0886
10.49 3.917 6.078
10.5 3.9276 6.0674
10.51 3.9382 6.0568
10.52 3.9488 6.0462
10.53 3.9594 6.0356
10.54 3.97 6.025
10.55 3.9806 6.0144
10.56 3.9912 6.0038
10.57 4.0018 5.9932
10.58 4.0124 5.9826
10.59 4.023 5.972
10.6 4.0336 5.9614
10.61 4.0442 5.9508
10.62 4.0548 5.9402
10.63 4.0654 5.9296
10.64 4.076 5.919
10.65 4.0866 5.9084
10.66 4.0972 5.8978
10.67 4.1078 5.8872
10.68 4.1184 5.8766
10.69 4.129 5.866
10.7 4.1396 5.8554
10.71 4.1502 5.8448
10.72 4.1608 5.8342
10.73 4.1714 5.8236
10.74 4.182 5.813
10.75 4.1926 5.8024
10.76 4.2032 5.7918
10.77 4.2138 5.7812
10.78 4.2244 5.7706
10.79 4.235 5.76
10.8 4.2456 5.7494
10.81 4.2562 5.7388
10.82 4.2668 5.7282
10.83 4.2774 5.7176
10.84 4.288 5.707
10.85 4.2986 5.6964
10.86 4.3092 5.6858
10.87 4.3198 5.6752
10.88 4.3304 5.6646
10.89 4.341 5.654
10.9 4.3516 5.6434
10.91 4.3622 5.6328
10.92 4.3728 5.6222
10.93 4.3834 5.6116
10.94 4.394 5.601
10.95 4.4046 5.5904
10.96 4.4152 5.5798
10.97 4.4258 5.5692
10.98 4.4364 5.5586
10.99 4.447 5.548
11.0 4.4576 5.5374
11.01 4.4682 5.5268
11.02 4.4788 5.5162
11.03 4.4894 5.5056
11.04 4.5 5.495
11.05 4.5106 5.4844
11.06 4.5212 5.4738
11.07 4.5318 5.4632
11.08 4.5424 5.4526
11.09 4.553 5.442
11.1 4.5636 5.4314
11.11 4.5742 5.4208
11.12 4.5848 5.4102
11.13 4.5954 5.3996
11.14 4.606 5.389
11.15 4.6166 5.3784
11.16 4.6272 5.3678
11.17 4.6378 5.3572
11.18 4.6484 5.3466
11.19 4.659 5.336
11.2 4.6696 5.3254
11.21 4.6802 5.3148
11.22 4.6908 5.3042
11.23 4.7014 5.2936
11.24 4.712 5.283
11.25 4.7226 5.2724
11.26 4.7332 5.2618
11.27 4.7438 5.2512
11.28 4.7544 5.2406
11.29 4.765 5.23
11.3 4.7756 5.2194
11.31 4.7862 5.2088
11.32 4.7968 5.1982
11.33 4.8074 5.1876
11.34 4.818 5.177
11.35 4.8286 5.1664
11.36 4.8392 5.1558
11.37 4.8498 5.1452
11.38 4.8604 5.1346
11.39 4.871 5.124
11.4 4.8816 5.1134
11.41 4.8922 5.1028
11.42 4.9028 5.0922
11.43 4.9134 5.0816
11.44 4.924 5.071
11.45 4.9346 5.0604
11.46 4.9452 5.0498
11.47 4.9558 5.0392
11.48 4.9664 5.0286
11.49 4.977 5.018
11.5 4.9876 5.0074
11.51 4.9982 4.9968
11.52 5.0088 4.9862
11.53 5.0194 4.9756
11.54 5.03 4.965
11.55 5.0406 4.9544
11.56 5.0512 4.9438
11.57 5.0618 4.9332
11.58 5.0724 4.9226
11.59 5.083 4.912
11.6 5.0936 4.9014
11.61 5.1042 4.8908
11.62 5.1148 4.8802
11.63 5.1254 4.8696
11.64 5.136 4.859
11.65 5.1466 4.8484
11.66 5.1572 4.8378
11.67 5.1678 4.8272
11.68 5.1784 4.8166
11.69 5.189 4.806
11.7 5.1996 4.7954
11.71 5.2102 4.7848
11.72 5.2208 4.7742
11.73 5.2314 4.7636
11.74 5.242 4.753
11.75 5.2526 4.7424
11.76 5.2632 4.7318
11.77 5.2738 4.7212
11.78 5.2844 4.7106
11.79 5.295 4.7
11.8 5.3056 4.6894
11.81 5.3162 4.6788
11.82 5.3268 4.6682
11.83 5.3374 4.6576
11.84 5.348 4.647
11.85 5.3586 4.6364
11.86 5.3692 4.6258
11.87 5.3798 4.6152
11.88 5.3904 4.6046
11.89 5.401 4.594
11.9 5.4116 4.5834
11.91 5.4222 4.5728
11.92 5.4328 4.5622
11.93 5.4434 4.5516
11.94 5.454 4.541
11.95 5.4646 4.5304
11.96 5.4752 4.5198
11.97 5.4858 4.5092
11.98 5.4964 4.4986
11.99 5.507 4.488
12.0 5.5176 4.4774
12.01 5.5282 4.4668
12.02 5.5388 4.4562
12.03 5.5494 4.4456
12.04 5.56 4.435
12.05 5.5706 4.4244
12.06 5.5812 4.4138
12.07 5.5918 4.4032
12.08 5.6024 4.3926
12.09 5.613 4.382
12.1 5.6236 4.3714
12.11 5.6342 4.3608
12.12 5.6448 4.3502
12.13 5.6554 4.3396
12.14 5.666 4.329
12.15 5.6766 4.3184
12.16 5.6872 4.3078
12.17 5.6978 4.2972
12.18 5.7084 4.2866
12.19 5.719 4.276
12.2 5.7296 4.2654
12.21 5.7402 4.2548
12.22 5.7508 4.2442
12.23 5.7614 4.2336
12.24 5.772 4.223
12.25 5.7826 4.2124
12.26 5.7932 4.2018
12.27 5.8038 4.1912
12.28 5.8144 4.1806
12.29 5.825 4.17
12.3 5.8356 4.1594
12.31 5.8462 4.1488
12.32 5.8568 4.1382
12.33 5.8674 4.1276
12.34 5.878 4.117
12.35 5.8886 4.1064
12.36 5.8992 4.0958
12.37 5.9098 4.0852
12.38 5.9204 4.0746
12.39 5.931 4.064
12.4 5.9416 4.0534
12.41 5.9522 4.0428
12.42 5.9628 4.0322
12.43 5.9734 4.0216
12.44 5.984 4.011
12.45 5.9946 4.0004
12.46 6.0052 3.9898
12.47 6.0158 3.9792
12.48 6.0264 3.9686
12.49 6.037 3.958
12.5 6.0476 3.9474
12.51 6.0582 3.9368
12.52 6.0688 3.9262
12.53 6.0794 3.9156
12.54 6.09 3.905
12.55 6.1006 3.8944
12.56 6.1112 3.8838
12.57 6.1218 3.8732
12.58 6.1324 3.8626
12.59 6.143 3.852
12.6 6.1536 3.8414
12.61 6.1642 3.8308
12.62 6.1748 3.8202
12.63 6.1854 3.8096
12.64 6.196 3.799
12.65 6.2066 3.7884
12.66 6.2172 3.7778
12.67 6.2278 3.7672
12.68 6.2384 3.7566
12.69 6.249 3.746
12.7 6.2596 3.7354
12.71 6.2702 3.7248
12.72 6.2808 3.7142
12.73 6.2914 3.7036
12.74 6.302 3.693
12.75 6.3126 3.6824
12.76 6.3232 3.6718
12.77 6.3338 3.6612
12.78 6.3444 3.6506
12.79 6.355 3.64
12.8 6.3656 3.6294
12.81 6.3762 3.6188
12.82 6.3868 3.6082
12.83 6.3974 3.5976
12.84 6.408 3.587
12.85 6.4186 3.5764
12.86 6.4292 3.5658
12.87 6.4398 3.5552
12.88 6.4504 3.5446
12.89 6.461 3.534
12.9 6.4716 3.5234
12.91 6.4822 3.5128
12.92 6.4928 3.5022
12.93 6.5034 3.4916
12.94 6.514 3.481
12.95 6.5246 3.4704
12.96 6.5352 3.4598
12.97 6.5458 3.4492
12.98 6.5564 3.4386
12.99 6.567 3.428
13.0 6.5776 3.4174
13.01 6.5882 3.4068
13.02 6.5988 3.3962
13.03 6.6094 3.3856
13.04 6.62 3.375
13.05 6.6306 3.3644
13.06 6.6412 3.3538
13.07 6.6518 3.3432
13.08 6.6624 3.3326
13.09 6.673 3.322
13.1 6.6836 3.3114
13.11 6.6942 3.3008
13.12 6.7048 3.2902
13.13 6.7154 3.2796
13.14 6.726 3.269
13.15 6.7366 3.2584
13.16 6.7472 3.2478
13.17 6.7578 3.2372
13.18 6.7684 3.2266
13.19 6.779 3.216
13.2 6.7896 3.2054
13.21 6.8002 3.1948
13.22 6.8108 3.1842
13.23 6.8214 3.1736
13.24 6.832 3.163
13.25 6.8426 3.1524
13.26 6.8532 3.1418
13.27 6.8638 3.1312
13.28 6.8744 3.1206
13.29 6.885 3.11
13.3 6.8956 3.0994
13.31 6.9062 3.0888
13.32 6.9168 3.0782
13.33 6.9274 3.0676
13.34 6.938 3.057
13.35 6.9486 3.0464
13.36 6.9592 3.0358
13.37 6.9698 3.0252
13.38 6.9804 3.0146
13.39 6.991 3.004
13.4 7.0016 2.9934
13.41 7.0122 2.9828
13.42 7.0228 2.9722
13.43 7.0334 2.9616
13.44 7.044 2.951
13.45 7.0546 2.9404
13.46 7.0652 2.9298
13.47 7.0758 2.9192
13.48 7.0864 2.9086
13.49 7.097 2.898
13.5 7.1076 2.8874
13.51 7.1182 2.8768
13.52 7.1288 2.8662
13.53 7.1394 2.8556
13.54 7.15 2.845
13.55 7.1606 2.8344
13.56 7.1712 2.8238
13.57 7.1818 2.8132
13.58 7.1924 2.8026
13.59 7.203 2.792
13.6 7.2136 2.7814
13.61 7.2242 2.7708
13.62 7.2348 2.7602
13.63 7.2454 2.7496
13.64 7.256 2.739
13.65 7.2666 2.7284
13.66 7.2772 2.7178
13.67 7.2878 2.7072
13.68 7.2984 2.6966
13.69 7.309 2.686
13.7 7.3196 2.6754
13.71 7.3302 2.6648
13.72 7.3408 2.6542
13.73 7.3514 2.6436
13.74 7.362 2.633
13.75 7.3726 2.6224
13.76 7.3832 2.6118
13.77 7.3938 2.6012
13.78 7.4044 2.5906
13.79 7.415 2.58
13.8 7.4256 2.5694
13.81 7.4362 2.5588
13.82 7.4468 2.5482
13.83 7.4574 2.5376
13.84 7.468 2.527
13.85 7.4786 2.5164
13.86 7.4892 2.5058
13.87 7.4998 2.4952
13.88 7.5104 2.4846
13.89 7.521 2.474
13.9 7.5316 2.4634
13.91 7.5422 2.4528
13.92 7.5528 2.4422
13.93 7.5634 2.4316
13.94 7.574 2.421
13.95 7.5846 2.4104
13.96 7.5952 2.3998
13.97 7.6058 2.3892
13.98 7.6164 2.3786
13.99 7.627 2.368
14.0 7.6376 2.3574
14.01 7.6482 2.3468
14.02 7.6588 2.3362
14.03 7.6694 2.3256
14.04 7.68 2.315
14.05 7.6906 2.3044
14.06 7.7012 2.2938
14.07 7.7118 2.2832
14.08 7.7224 2.2726
14.09 7.733 2.262
14.1 7.7436 2.2514
14.11 7.7542 2.2408
14.12 7.7648 2.2302
14.13 7.7754 2.2196
14.14 7.786 2.209
14.15 7.7966 2.1984
14.16 7.8072 2.1878
14.17 7.8178 2.1772
14.18 7.8284 2.1666
14.19 7.839 2.156
14.2 7.8496 2.1454
14.21 7.8602 2.1348
14.22 7.8708 2.1242
14.23 7.8814 2.1136
14.24 7.892 2.103
14.25 7.9026 2.0924
14.26 7.9132 2.0818
14.27 7.9238 2.0712
14.28 7.9344 2.0606
14.29 7.945 2.05
14.3 7.9556 2.0394
14.31 7.9662 2.0288
14.32 7.9768 2.0182
14.33 7.9874 2.0076
14.34 7.998 1.997
14.35 8.0086 1.9864
14.36 8.0192 1.9758
14.37 8.0298 1.9652
14.38 8.0404 1.9546
14.39 8.051 1.944
14.4 8.0616 1.9334
14.41 8.0722 1.9228
14.42 8.0828 1.9122
14.43 8.0934 1.9016
14.44 8.104 1.891
14.45 8.1146 1.8804
14.46 8.1252 1.8698
14.47 8.1358 1.8592
14.48 8.1464 1.8486
14.49 8.157 1.838
14.5 8.1676 1.8274
14.51 8.1782 1.8168
14.52 8.1888 1.8062
14.53 8.1994 1.7956
14.54 8.21 1.785
14.55 8.2206 1.7744
14.56 8.2312 1.7638
14.57 8.2418 1.7532
14.58 8.2524 1.7426
14.59 8.263 1.732
14.6 8.2736 1.7214
14.61 8.2842 1.7108
14.62 8.2948 1.7002
14.63 8.3054 1.6896
14.64 8.316 1.679
14.65 8.3266 1.6684
14.66 8.3372 1.6578
14.67 8.3478 1.6472
14.68 8.3584 1.6366
14.69 8.369 1.626
14.7 8.3796 1.6154
14.71 8.3902 1.6048
14.72 8.4008 1.5942
14.73 8.4114 1.5836
14.74 8.422 1.573
14.75 8.4326 1.5624
14.76 8.4432 1.5518
14.77 8.4538 1.5412
14.78 8.4644 1.5306
14.79 8.475 1.52
14.8 8.4856 1.5094
14.81 8.4962 1.4988
14.82 8.5068 1.4882
14.83 8.5174 1.4776
14.84 8.528 1.467
14.85 8.5386 1.4564
14.86 8.5492 1.4458
14.87 8.5598 1.4352
14.88 8.5704 1.4246
14.89 8.581 1.414
14.9 8.5916 1.4034
14.91 8.6022 1.3928
14.92 8.6128 1.3822
14.93 8.6234 1.3716
14.94 8.634 1.361
14.95 8.6446 1.3504
14.96 8.6552 1.3398
14.97 8.6658 1.3292
14.98 8.6764 1.3186
14.99 8.687 1.308
15.0 8.6976 1.2974
15.01 8.7082 1.2868
15.02 8.7188 1.2762
15.03 8.7294 1.2656
15.04 8.74 1.255
15.05 8.7506 1.2444
15.06 8.7612 1.2338
15.07 8.7718 1.2232
15.08 8.7824 1.2126
15.09 8.793 1.202
15.1 8.8036 1.1914
15.11 8.8142 1.1808
15.12 8.8248 1.1702
15.13 8.8354 1.1596
15.14 8.846 1.149
15.15 8.8566 1.1384
15.16 8.8672 1.1278
15.17 8.8778 1.1172
15.18 8.8884 1.1066
15.19 8.899 1.096
15.2 8.9096 1.0854
15.21 8.9202 1.0748
15.22 8.9308 1.0642
15.23 8.9414 1.0536
15.24 8.952 1.043
15.25 8.9626 1.0324
15.26 8.9732 1.0218
15.27 8.9838 1.0112
15.28 8.9944 1.0006
15.29 9.005 0.99
15.3 9.0156 0.9794
15.31 9.0262 0.9688
15.32 9.0368 0.9582
15.33 9.0474 0.9476
15.34 9.058 0.937
15.35 9.0686 0.9264
15.36 9.0792 0.9158
15.37 9.0898 0.9052
15.38 9.1004 0.8946
15.39 9.111 0.884
15.4 9.1216 0.8734
15.41 9.1322 0.8628
15.42 9.1428 0.8522
15.43 9.1534 0.8416
15.44 9.164 0.831
15.45 9.1746 0.8204
15.46 9.1852 0.8098
15.47 9.1958 0.7992
15.48 9.2064 0.7886
15.49 9.217 0.778
15.5 9.2276 0.7674
15.51 9.2382 0.7568
15.52 9.2488 0.7462
15.53 9.2594 0.7356
15.54 9.27 0.725
15.55 9.2806 0.7144
15.56 9.2912 0.7038
15.57 9.3018 0.6932
15.58 9.3124 0.6826
15.59 9.323 0.672
15.6 9.3336 0.6614
15.61 9.3442 0.6508
15.62 9.3548 0.6402
15.63 9.3654 0.6296
15.64 9.376 0.619
15.65 9.3866 0.6084
15.66 9.3972 0.5978
15.67 9.4078 0.5872
15.68 9.4184 0.5766
15.69 9.429 0.566
15.7 9.4396 0.5554
15.71 9.4502 0.5448
15.72 9.4608 0.5342
15.73 9.4714 0.5236
15.74 9.482 0.513
15.75 9.4926 0.5024
15.76 9.5032 0.4918
15.77 9.5138 0.4812
15.78 9.5244 0.4706
15.79 9.535 0.46
15.8 9.5456 0.4494
15.81 9.5562 0.4388
15.82 9.5668 0.4282
15.83 9.5774 0.4176
15.84 9.588 0.407
15.85 9.5986 0.3964
15.86 9.6092 0.3858
15.87 9.6198 0.3752
15.88 9.6304 0.3646
15.89 9.641 0.354
15.9 9.6516 0.3434
15.91 9.6622 0.3328
15.92 9.6728 0.3222
15.93 9.6834 0.3116
15.94 9.694 0.301
15.95 9.7046 0.2904
15.96 9.7152 0.2798
15.97 9.7258 0.2692
15.98 9.7364 0.2586
15.99 9.747 0.248
16.0 9.7576 0.2374
16.01 9.7682 0.2268
16.02 9.7788 0.2162
16.03 9.7894 0.2056
16.04 9.8 0.195
16.05 9.8106 0.1844
16.06 9.8212 0.1738
16.07 9.8318 0.1632
16.08 9.8424 0.1526
16.09 9.853 0.142
16.1 9.8636 0.1314
16.11 9.8742 0.1208
16.12 9.8848 0.1102
16.13 9.8954 0.0996
16.14 9.906 0.089
16.15 9.9166 0.0784
16.16 9.9272 0.0678
16.17 9.9378 0.0572
16.18 9.9484 0.0466
16.19 9.959 0.036
16.2 9.9696 0.0254
16.21 9.9802 0.0148
16.22 9.9908 0.0042
16.23 9.9758 0.0042
16.24 9.9608 0.0042
16.25 9.9458 0.0042
16.26 9.9308 0.0042
16.27 9.9158 0.0042
16.28 9.9008 0.0042
16.29 9.8858 0.0042
16.3 9.8708 0.0042
16.31 9.8558 0.0042
16.32 9.8408 0.0042
16.33 9.8258 0.0042
16.34 9.8108 0.0042
16.35 9.7958 0.0042
16.36 9.7808 0.0042
16.37 9.7658 0.0042
16.38 9.7508 0.0042
16.39 9.7358 0.0042
16.4 9.7208 0.0042
16.41 9.7058 0.0042
16.42 9.6908 0.0042
16.43 9.6758 0.0042
16.44 9.6608 0.0042
16.45 9.6458 0.0042
16.46 9.6308 0.0042
16.47 9.6158 0.0042
16.48 9.6008 0.0042
16.49 9.5858 0.0042
16.5 9.5708 0.0042
16.51 9.5558 0.0042
16.52 9.5408 0.0042
16.53 9.5258 0.0042
16.54 9.5108 0.0042
16.55 9.4958 0.0042
16.56 9.4808 0.0042
16.57 9.4658 0.0042
16.58 9.4508 0.0042
16.59 9.4358 0.0042
16.6 9.4208 0.0042
16.61 9.4058 0.0042
16.62 9.3908 0.0042
16.63 9.3758 0.0042
16.64 9.3608 0.0042
16.65 9.3458 0.0042
16.66 9.3308 0.0042
16.67 9.3158 0.0042
16.68 9.3008 0.0042
16.69 9.2858 0.0042
16.7 9.2708 0.0042
16.71 9.2558 0.0042
16.72 9.2408 0.0042
16.73 9.2258 0.0042
16.74 9.2108 0.0042
16.75 9.1958 0.0042
16.76 9.1808 0.0042
16.77 9.1658 0.0042
16.78 9.1508 0.0042
16.79 9.1358 0.0042
16.8 9.1208 0.0042
16.81 9.1058 0.0042
16.82 9.0908 0.0042
16.83 9.0758 0.0042
16.84 9.0608 0.0042
16.85 9.0458 0.0042
16.86 9.0308 0.0042
16.87 9.0158 0.0042
16.88 9.0008 0.0042
16.89 8.9858 0.0042
16.9 8.9708 0.0042
16.91 8.9558 0.0042
16.92 8.9408 0.0042
16.93 8.9258 0.0042
16.94 8.9108 0.0042
16.95 8.8958 0.0042
16.96 8.8808 0.0042
16.97 8.8658 0.0042
16.98 8.8508 0.0042
16.99 8.8358 0.0042
17.0 8.8208 0.0042
17.01 8.8058 0.0042
17.02 8.7908 0.0042
17.03 8.7758 0.0042
17.04 8.7608 0.0042
17.05 8.7458 0.0042
17.06 8.7308 0.0042
17.07 8.7158 0.0042
17.08 8.7008 0.0042
17.09 8.6858 0.0042
17.1 8.6708 0.0042
17.11 8.6558 0.0042
17.12 8.6408 0.0042
17.13 8.6258 0.0042
17.14 8.6108 0.0042
17.15 8.5958 0.0042
17.16 8.5808 0.0042
17.17 8.5658 0.0042
17.18 8.5508 0.0042
17.19 8.5358 0.0042
17.2 8.5208 0.0042
17.21 8.5058 0.0042
17.22 8.4908 0.0042
17.23 8.4758 0.0042
17.24 8.4608 0.0042
17.25 8.4458 0.0042
17.26 8.4308 0.0042
17.27 8.4158 0.0042
17.28 8.4008 0.0042
17.29 8.3858 0.0042
17.3 8.3708 0.0042
17.31 8.3558 0.0042
17.32 8.3408 0.0042
17.33 8.3258 0.0042
17.34 8.3108 0.0042
17.35 8.2958 0.0042
17.36 8.2808 0.0042
17.37 8.2658 0.0042
17.38 8.2508 0.0042
17.39 8.2358 0.0042
17.4 8.2208 0.0042
17.41 8.2058 0.0042
17.42 8.1908 0.0042
17.43 8.1758 0.0042
17.44 8.1608 0.0042
17.45 8.1458 0.0042
17.46 8.1308 0.0042
17.47 8.1158 0.0042
17.48 8.1008 0.0042
17.49 8.0858 0.0042
17.5 8.0708 0.0042
17.51 8.0558 0.0042
17.52 8.0408 0.0042
17.53 8.0258 0.0042
17.54 8.0108 0.0042
17.55 7.9958 0.0042
17.56 7.9808 0.0042
17.57 7.9658 0.0042
17.58 7.9508 0.0042
17.59 7.9358 0.0042
17.6 7.9208 0.0042
17.61 7.9058 0.0042
17.62 7.8908 0.0042
17.63 7.8758 0.0042
17.64 7.8608 0.0042
17.65 7.8458 0.0042
17.66 7.8308 0.0042
17.67 7.8158 0.0042
17.68 7.8008 0.0042
17.69 7.7858 0.0042
17.7 7.7708 0.0042
17.71 7.7558 0.0042
17.72 7.7408 0.0042
17.73 7.7258 0.0042
17.74 7.7108 0.0042
17.75 7.6958 0.0042
17.76 7.6808 0.0042
17.77 7.6658 0.0042
17.78 7.6508 0.0042
17.79 7.6358 0.0042
17.8 7.6208 0.0042
17.81 7.6058 0.0042
17.82 7.5908 0.0042
17.83 7.5758 0.0042
17.84 7.5608 0.0042
17.85 7.5458 0.0042
17.86 7.5308 0.0042
17.87 7.5158 0.0042
17.88 7.5008 0.0042
17.89 7.4858 0.0042
17.9 7.4708 0.0042
17.91 7.4558 0.0042
17.92 7.4408 0.0042
17.93 7.4258 0.0042
17.94 7.4108 0.0042
17.95 7.3958 0.0042
17.96 7.3808 0.0042
17.97 7.3658 0.0042
17.98 7.3508 0.0042
17.99 7.3358 0.0042
18.0 7.3208 0.0042
18.01 7.3058 0.0042
18.02 7.2908 0.0042
18.03 7.2758 0.0042
18.04 7.2608 0.0042
18.05 7.2458 0.0042
18.06 7.2308 0.0042
18.07 7.2158 0.0042
18.08 7.2008 0.0042
18.09 7.1858 0.0042
18.1 7.1708 0.0042
18.11 7.1558 0.0042
18.12 7.1408 0.0042
18.13 7.1258 0.0042
18.14 7.1108 0.0042
18.15 7.0958 0.0042
18.16 7.0808 0.0042
18.17 7.0658 0.0042
18.18 7.0508 0.0042
18.19 7.0358 0.0042
18.2 7.0208 0.0042
18.21 7.0058 0.0042
18.22 6.9908 0.0042
18.23 6.9758 0.0042
18.24 6.9608 0.0042
18.25 6.9458 0.0042
18.26 6.9308 0.0042
18.27 6.9158 0.0042
18.28 6.9008 0.0042
18.29 6.8858 0.0042
18.3 6.8708 0.0042
18.31 6.8558 0.0042
18.32 6.8408 0.0042
18.33 6.8258 0.0042
18.34 6.8108 0.0042
18.35 6.7958 0.0042
18.36 6.7808 0.0042
18.37 6.7658 0.0042
18.38 6.7508 0.0042
18.39 6.7358 0.0042
18.4 6.7208 0.0042
18.41 6.7058 0.0042
18.42 6.6908 0.0042
18.43 6.6758 0.0042
18.44 6.6608 0.0042
18.45 6.6458 0.0042
18.46 6.6308 0.0042
18.47 6.6158 0.0042
18.48 6.6008 0.0042
18.49 6.5858 0.0042
18.5 6.5708 0.0042
18.51 6.5558 0.0042
18.52 6.5408 0.0042
18.53 6.5258 0.0042
18.54 6.5108 0.0042
18.55 6.4958 0.0042
18.56 6.4808 0.0042
18.57 6.4658 0.0042
18.58 6.4508 0.0042
18.59 6.4358 0.0042
18.6 6.4208 0.0042
18.61 6.4058 0.0042
18.62 6.3908 0.0042
18.63 6.3758 0.0042
18.64 6.3608 0.0042
18.65 6.3458 0.0042
18.66 6.3308 0.0042
18.67 6.3158 0.0042
18.68 6.3008 0.0042
18.69 6.2858 0.0042
18.7 6.2708 0.0042
18.71 6.2558 0.0042
18.72 6.2408 0.0042
18.73 6.2258 0.0042
18.74 6.2108 0.0042
18.75 6.1958 0.0042
18.76 6.1808 0.0042
18.77 6.1658 0.0042
18.78 6.1508 0.0042
18.79 6.1358 0.0042
18.8 6.1208 0.0042
18.81 6.1058 0.0042
18.82 6.0908 0.0042
18.83 6.0758 0.0042
18.84 6.0608 0.0042
18.85 6.0458 0.0042
18.86 6.0308 0.0042
18.87 6.0158 0.0042
18.88 6.0008 0.0042
18.89 5.9858 0.0042
18.9 5.9708 0.0042
18.91 5.9558 0.0042
18.92 5.9408 0.0042
18.93 5.9258 0.0042
18.94 5.9108 0.0042
18.95 5.8958 0.0042
18.96 5.8808 0.0042
18.97 5.8658 0.0042
18.98 5.8508 0.0042
18.99 5.8358 0.0042
19.0 5.8208 0.0042
19.01 5.8058 0.0042
19.02 5.7908 0.0042
19.03 5.7758 0.0042
19.04 5.7608 0.0042
19.05 5.7458 0.0042
19.06 5.7308 0.0042
19.07 5.7158 0.0042
19.08 5.7008 0.0042
19.09 5.6858 0.0042
19.1 5.6708 0.0042
19.11 5.6558 0.0042
19.12 5.6408 0.0042
19.13 5.6258 0.0042
19.14 5.6108 0.0042
19.15 5.5958 0.0042
19.16 5.5808 0.0042
19.17 5.5658 0.0042
19.18 5.5508 0.0042
19.19 5.5358 0.0042
19.2 5.5208 0.0042
19.21 5.5058 0.0042
19.22 5.4908 0.0042
19.23 5.4758 0.0042
19.24 5.4608 0.0042
19.25 5.4458 0.0042
19.26 5.4308 0.0042
19.27 5.4158 0.0042
19.28 5.4008 0.0042
19.29 5.3858 0.0042
19.3 5.3708 0.0042
19.31 5.3558 0.0042
19.32 5.3408 0.0042
19.33 5.3258 0.0042
19.34 5.3108 0.0042
19.35 5.2958 0.0042
19.36 5.2808 0.0042
19.37 5.2658 0.0042
19.38 5.2508 0.0042
19.39 5.2358 0.0042
19.4 5.2208 0.0042
19.41 5.2058 0.0042
19.42 5.1908 0.0042
19.43 5.1758 0.0042
19.44 5.1608 0.0042
19.45 5.1458 0.0042
19.46 5.1308 0.0042
19.47 5.1158 0.0042
19.48 5.1008 0.0042
19.49 5.0858 0.0042
19.5 5.0708 0.0042
19.51 5.0558 0.0042
19.52 5.0408 0.0042
19.53 5.0258 0.0042
19.54 5.0108 0.0042
19.55 4.9958 0.0042
19.56 4.9808 0.0042
