0.15 0.0 0.015
0.16 0.0 0.03
0.17 0.0 0.045
0.18 0.0 0.06
0.19 0.0 0.075
0.2 0.0 0.09
0.21 0.0 0.105
0.22 0.0 0.12
0.23 0.0 0.135
0.24 0.0 0.15
0.25 0.0 0.165
0.26 0.0 0.18
0.27 0.0 0.195
0.28 0.0 0.21
0.29 0.0 0.225
0.3 0.0 0.24
0.31 0.0 0.255
0.32 0.0 0.27
0.33 0.0 0.285
0.34 0.0 0.3
0.35 0.0 0.315
0.36 0.0 0.33
0.37 0.0 0.345
0.38 0.0 0.36
0.39 0.0 0.375
0.4 0.0 0.39
0.41 0.0 0.405
0.42 0.0 0.42
0.43 0.0 0.435
0.44 0.0 0.45
0.45 0.0 0.465
0.46 0.0 0.48
0.47 0.0 0.495
0.48 0.0 0.51
0.49 0.0 0.525
0.5 0.0 0.54
0.51 0.0 0.555
0.52 0.0 0.57
0.53 0.0 0.585
0.54 0.0 0.6
0.55 0.0 0.615
0.56 0.0 0.63
0.57 0.0 0.645
0.58 0.0 0.66
0.59 0.0 0.675
0.6 0.0 0.69
0.61 0.0 0.705
0.62 0.0 0.72
0.63 0.0 0.735
0.64 0.0 0.75
0.65 0.0 0.765
0.66 0.0 0.78
0.67 0.0 0.795
0.68 0.0 0.81
0.69 0.0 0.825
0.7 0.0 0.84
0.71 0.0 0.855
0.72 0.0 0.87
0.73 0.0 0.885
0.74 0.0 0.9
0.75 0.0 0.915
0.76 0.0 0.93
0.77 0.0 0.945
0.78 0.0 0.96
0.79 0.0 0.975
0.8 0.0 0.99
0.81 0.0 1.005
0.82 0.0 1.02
0.83 0.0 1.035
0.84 0.0 1.05
0.85 0.0 1.065
0.86 0.0 1.08
0.87 0.0 1.095
0.88 0.0 1.11
0.89 0.0 1.125
0.9 0.0 1.14
0.91 0.0 1.155
0.92 0.0 1.17
0.93 0.0 1.185
0.94 0.0 1.2
0.95 0.0 1.215
0.96 0.0 1.23
0.97 0.0 1.245
0.98 0.0 1.26
0.99 0.0 1.275
1.0 0.0 1.29
1.01 0.0 1.305
1.02 0.0 1.32
1.03 0.0 1.335
1.04 0.0 1.35
1.05 0.0 1.365
1.06 0.0 1.38
1.07 0.0 1.395
1.08 0.0 1.41
1.09 0.0 1.425
1.1 0.0 1.44
1.11 0.0 1.455
1.12 0.0 1.47
1.13 0.0 1.485
1.14 0.0 1.5
1.15 0.0 1.515
1.16 0.0 1.53
1.17 0.0 1.545
1.18 0.0 1.56
1.19 0.0 1.575
1.2 0.0 1.59
1.21 0.0 1.605
1.22 0.0 1.62
1.23 0.0 1.635
1.24 0.0 1.65
1.25 0.0 1.665
1.26 0.0 1.68
1.27 0.0 1.695
1.28 0.0 1.71
1.29 0.0 1.725
1.3 0.0 1.74
1.31 0.0 1.755
1.32 0.0 1.77
1.33 0.0 1.785
1.34 0.0 1.8
1.35 0.0 1.815
1.36 0.0 1.83
1.37 0.0 1.845
1.38 0.0 1.86
1.39 0.0 1.875
1.4 0.0 1.89
1.41 0.0 1.905
1.42 0.0 1.92
1.43 0.0 1.935
1.44 0.0 1.95
1.45 0.0 1.965
1.46 0.0 1.98
1.47 0.0 1.995
1.48 0.0 2.01
1.49 0.0 2.025
1.5 0.0 2.04
1.51 0.0 2.055
1.52 0.0 2.07
1.53 0.0 2.085
1.54 0.0 2.1
1.55 0.0 2.115
1.56 0.0 2.13
1.57 0.0 2.145
1.58 0.0 2.16
1.59 0.0 2.175
1.6 0.0 2.19
1.61 0.0 2.205
1.62 0.0 2.22
1.63 0.0 2.235
1.64 0.0 2.25
1.65 0.0 2.265
1.66 0.0 2.28
1.67 0.0 2.295
1.68 0.0 2.31
1.69 0.0 2.325
1.7 0.0 2.34
1.71 0.0 2.355
1.72 0.0 2.37
1.73 0.0 2.385
1.74 0.0 2.4
1.75 0.0 2.415
1.76 0.0 2.43
1.77 0.0 2.445
1.78 0.0 2.46
1.79 0.0 2.475
1.8 0.0 2.49
1.81 0.0 2.505
1.82 0.0 2.52
1.83 0.0 2.535
1.84 0.0 2.55
1.85 0.0 2.565
1.86 0.0 2.58
1.87 0.0 2.595
1.88 0.0 2.61
1.89 0.0 2.625
1.9 0.0 2.64
1.91 0.0 2.655
1.92 0.0 2.67
1.93 0.0 2.685
1.94 0.0 2.7
1.95 0.0 2.715
1.96 0.0 2.73
1.97 0.0 2.745
1.98 0.0 2.76
1.99 0.0 2.775
2.0 0.0 2.79
2.01 0.0 2.805
2.02 0.0 2.82
2.03 0.0 2.835
2.04 0.0 2.85
2.05 0.0 2.865
2.06 0.0 2.88
2.07 0.0 2.895
2.08 0.0 2.91
2.09 0.0 2.925
2.1 0.0 2.94
2.11 0.0 2.955
2.12 0.0 2.97
2.13 0.0 2.985
2.14 0.0 3.0
2.15 0.0 3.015
2.16 0.0 3.03
2.17 0.0 3.045
2.18 0.0 3.06
2.19 0.0 3.075
2.2 0.0 3.09
2.21 0.0 3.105
2.22 0.0 3.12
2.23 0.0 3.135
2.24 0.0 3.15
2.25 0.0 3.165
2.26 0.0 3.18
2.27 0.0 3.195
2.28 0.0 3.21
2.29 0.0 3.225
2.3 0.0 3.24
2.31 0.0 3.255
2.32 0.0 3.27
2.33 0.0 3.285
2.34 0.0 3.3
2.35 0.0 3.315
2.36 0.0 3.33
2.37 0.0 3.345
2.38 0.0 3.36
2.39 0.0 3.375
2.4 0.0 3.39
2.41 0.0 3.405
2.42 0.0 3.42
2.43 0.0 3.435
2.44 0.0 3.45
2.45 0.0 3.465
2.46 0.0 3.48
2.47 0.0 3.495
2.48 0.0 3.51
2.49 0.0 3.525
2.5 0.0 3.54
2.51 0.0 3.555
2.52 0.0 3.57
2.53 0.0 3.585
2.54 0.0 3.6
2.55 0.0 3.615
2.56 0.0 3.63
2.57 0.0 3.645
2.58 0.0 3.66
2.59 0.0 3.675
2.6 0.0 3.69
2.61 0.0 3.705
2.62 0.0 3.72
2.63 0.0 3.735
2.64 0.0 3.75
2.65 0.0 3.765
2.66 0.0 3.78
2.67 0.0 3.795
2.68 0.0 3.81
2.69 0.0 3.825
2.7 0.0 3.84
2.71 0.0 3.855
2.72 0.0 3.87
2.73 0.0 3.885
2.74 0.0 3.9
2.75 0.0 3.915
2.76 0.0 3.93
2.77 0.0 3.945
2.78 0.0 3.96
2.79 0.0 3.975
2.8 0.0 3.99
2.81 0.0 4.005
2.82 0.0 4.02
2.83 0.0 4.035
2.84 0.0 4.05
2.85 0.0 4.065
2.86 0.0 4.08
2.87 0.0 4.095
2.88 0.0 4.11
2.89 0.0 4.125
2.9 0.0 4.14
2.91 0.0 4.155
2.92 0.0 4.17
2.93 0.0 4.185
2.94 0.0 4.2
2.95 0.0 4.215
2.96 0.0 4.23
2.97 0.0 4.245
2.98 0.0 4.26
2.99 0.0 4.275
3.0 0.0 4.29
3.01 0.0 4.305
3.02 0.0 4.32
3.03 0.0 4.335
3.04 0.0 4.35
3.05 0.0 4.365
3.06 0.0 4.38
3.07 0.0 4.395
3.08 0.0 4.41
3.09 0.0 4.425
3.1 0.0 4.44
3.11 0.0 4.455
3.12 0.0 4.47
3.13 0.0 4.485
3.14 0.0 4.5
3.15 0.0 4.515
3.16 0.0 4.53
3.17 0.0 4.545
3.18 0.0 4.56
3.19 0.0 4.575
3.2 0.0 4.59
3.21 0.0 4.605
3.22 0.0 4.62
3.23 0.0 4.635
3.24 0.0 4.65
3.25 0.0 4.665
3.26 0.0 4.68
3.27 0.0 4.695
3.28 0.0 4.71
3.29 0.0 4.725
3.3 0.0 4.74
3.31 0.0 4.755
3.32 0.0 4.77
3.33 0.0 4.785
3.34 0.0 4.8
3.35 0.0 4.815
3.36 0.0 4.83
3.37 0.0 4.845
3.38 0.0 4.86
3.39 0.0 4.875
3.4 0.0 4.89
3.41 0.0 4.905
3.42 0.0 4.92
3.43 0.0 4.935
3.44 0.0 4.95
3.45 0.0 4.965
3.46 0.0 4.98
3.47 0.0 4.995
3.48 0.0 5.01
3.49 0.0 5.025
3.5 0.0 5.04
3.51 0.0 5.055
3.52 0.0 5.07
3.53 0.0 5.085
3.54 0.0 5.1
3.55 0.0 5.115
3.56 0.0 5.13
3.57 0.0 5.145
3.58 0.0 5.16
3.59 0.0 5.175
3.6 0.0 5.19
3.61 0.0 5.205
3.62 0.0 5.22
3.63 0.0 5.235
3.64 0.0 5.25
3.65 0.0 5.265
3.66 0.0 5.28
3.67 0.0 5.295
3.68 0.0 5.31
3.69 0.0 5.325
3.7 0.0 5.34
3.71 0.0 5.355
3.72 0.0 5.37
3.73 0.0 5.385
3.74 0.0 5.4
3.75 0.0 5.415
3.76 0.0 5.43
3.77 0.0 5.445
3.78 0.0 5.46
3.79 0.0 5.475
3.8 0.0 5.49
3.81 0.0 5.505
3.82 0.0 5.52
3.83 0.0 5.535
3.84 0.0 5.55
3.85 0.0 5.565
3.86 0.0 5.58
3.87 0.0 5.595
3.88 0.0 5.61
3.89 0.0 5.625
3.9 0.0 5.64
3.91 0.0 5.655
3.92 0.0 5.67
3.93 0.0 5.685
3.94 0.0 5.7
3.95 0.0 5.715
3.96 0.0 5.73
3.97 0.0 5.745
3.98 0.0 5.76
3.99 0.0 5.775
4.0 0.0 5.79
4.01 0.0 5.805
4.02 0.0 5.82
4.03 0.0 5.835
4.04 0.0 5.85
4.05 0.0 5.865
4.06 0.0 5.88
4.07 0.0 5.895
4.08 0.0 5.91
4.09 0.0 5.925
4.1 0.0 5.94
4.11 0.0 5.955
4.12 0.0 5.97
4.13 0.0 5.985
4.14 0.0 6.0
4.15 0.0 6.015
4.16 0.0 6.03
4.17 0.0 6.045
4.18 0.0 6.06
4.19 0.0 6.075
4.2 0.0 6.09
4.21 0.0 6.105
4.22 0.0 6.12
4.23 0.0 6.135
4.24 0.0 6.15
4.25 0.0 6.165
4.26 0.0 6.18
4.27 0.0 6.195
4.28 0.0 6.21
4.29 0.0 6.225
4.3 0.0 6.24
4.31 0.0 6.255
4.32 0.0 6.27
4.33 0.0 6.285
4.34 0.0 6.3
4.35 0.0 6.315
4.36 0.0 6.33
4.37 0.0 6.345
4.38 0.0 6.36
4.39 0.0 6.375
4.4 0.0 6.39
4.41 0.0 6.405
4.42 0.0 6.42
4.43 0.0 6.435
4.44 0.0 6.45
4.45 0.0 6.465
4.46 0.0 6.48
4.47 0.0 6.495
4.48 0.0 6.51
4.49 0.0 6.525
4.5 0.0 6.54
4.51 0.0 6.555
4.52 0.0 6.57
4.53 0.0 6.585
4.54 0.0 6.6
4.55 0.0 6.615
4.56 0.0 6.63
4.57 0.0 6.645
4.58 0.0 6.66
4.59 0.0 6.675
4.6 0.0 6.69
4.61 0.0 6.705
4.62 0.0 6.72
4.63 0.0 6.735
4.64 0.0 6.75
4.65 0.0 6.765
4.66 0.0 6.78
4.67 0.0 6.795
4.68 0.0 6.81
4.69 0.0 6.825
4.7 0.0 6.84
4.71 0.0 6.855
4.72 0.0 6.87
4.73 0.0 6.885
4.74 0.0 6.9
4.75 0.0 6.915
4.76 0.0 6.93
4.77 0.0 6.945
4.78 0.0 6.96
4.79 0.0 6.975
4.8 0.0 6.99
4.81 0.0 7.005
4.82 0.0 7.02
4.83 0.0 7.035
4.84 0.0 7.05
4.85 0.0 7.065
4.86 0.0 7.08
4.87 0.0 7.095
4.88 0.0 7.11
4.89 0.0 7.125
4.9 0.0 7.14
4.91 0.0 7.155
4.92 0.0 7.17
4.93 0.0 7.185
4.94 0.0 7.2
4.95 0.0 7.215
4.96 0.0 7.23
4.97 0.0 7.245
4.98 0.0 7.26
4.99 0.0 7.275
5.0 0.0 7.29
5.01 0.0 7.305
5.02 0.0 7.32
5.03 0.0 7.335
5.04 0.0 7.35
5.05 0.0 7.365
5.06 0.0 7.38
5.07 0.0 7.395
5.08 0.0 7.41
5.09 0.0 7.425
5.1 0.0 7.44
5.11 0.0 7.455
5.12 0.0 7.47
5.13 0.0 7.485
5.14 0.0 7.5
5.15 0.0 7.515
5.16 0.0 7.53
5.17 0.0 7.545
5.18 0.0 7.56
5.19 0.0 7.575
5.2 0.0 7.59
5.21 0.0 7.605
5.22 0.0 7.62
5.23 0.0 7.635
5.24 0.0 7.65
5.25 0.0 7.665
5.26 0.0 7.68
5.27 0.0 7.695
5.28 0.0 7.71
5.29 0.0 7.725
5.3 0.0 7.74
5.31 0.0 7.755
5.32 0.0 7.77
5.33 0.0 7.785
5.34 0.0 7.8
5.35 0.0 7.815
5.36 0.0 7.83
5.37 0.0 7.845
5.38 0.0 7.86
5.39 0.0 7.875
5.4 0.0 7.89
5.41 0.0 7.905
5.42 0.0 7.92
5.43 0.0 7.935
5.44 0.0 7.95
5.45 0.0 7.965
5.46 0.0 7.98
5.47 0.0 7.995
5.48 0.0 8.01
5.49 0.0 8.025
5.5 0.0 8.04
5.51 0.0 8.055
5.52 0.0 8.07
5.53 0.0 8.085
5.54 0.0 8.1
5.55 0.0 8.115
5.56 0.0 8.13
5.57 0.0 8.145
5.58 0.0 8.16
5.59 0.0 8.175
5.6 0.0 8.19
5.61 0.0 8.205
5.62 0.0 8.22
5.63 0.0 8.235
5.64 0.0 8.25
5.65 0.0 8.265
5.66 0.0 8.28
5.67 0.0 8.295
5.68 0.0 8.31
5.69 0.0 8.325
5.7 0.0 8.34
5.71 0.0 8.355
5.72 0.0 8.37
5.73 0.0 8.385
5.74 0.0 8.4
5.75 0.0 8.415
5.76 0.0 8.43
5.77 0.0 8.445
5.78 0.0 8.46
5.79 0.0 8.475
5.8 0.0 8.49
5.81 0.0 8.505
5.82 0.0 8.52
5.83 0.0 8.535
5.84 0.0 8.55
5.85 0.0 8.565
5.86 0.0 8.58
5.87 0.0 8.595
5.88 0.0 8.61
5.89 0.0 8.625
5.9 0.0 8.64
5.91 0.0 8.655
5.92 0.0 8.67
5.93 0.0 8.685
5.94 0.0 8.7
5.95 0.0 8.715
5.96 0.0 8.73
5.97 0.0 8.745
5.98 0.0 8.76
5.99 0.0 8.775
6.0 0.0 8.79
6.01 0.0 8.805
6.02 0.0 8.82
6.03 0.0 8.835
6.04 0.0 8.85
6.05 0.0 8.865
6.06 0.0 8.88
6.07 0.0 8.895
6.08 0.0 8.91
6.09 0.0 8.925
6.1 0.0 8.94
6.11 0.0 8.955
6.12 0.0 8.97
6.13 0.0 8.985
6.14 0.0 9.0
6.15 0.0 9.015
6.16 0.0 9.03
6.17 0.0 9.045
6.18 0.0 9.06
6.19 0.0 9.075
6.2 0.0 9.09
6.21 0.0 9.105
6.22 0.0 9.12
6.23 0.0 9.135
6.24 0.0 9.15
6.25 0.0 9.165
6.26 0.0 9.18
6.27 0.0 9.195
6.28 0.0 9.21
6.29 0.0 9.225
6.3 0.0 9.24
6.31 0.0 9.255
6.32 0.0 9.27
6.33 0.0 9.285
6.34 0.0 9.3
6.35 0.0 9.315
6.36 0.0 9.33
6.37 0.0 9.345
6.38 0.0 9.36
6.39 0.0 9.375
6.4 0.0 9.39
6.41 0.0 9.405
6.42 0.0 9.42
6.43 0.0 9.435
6.44 0.0 9.45
6.45 0.0 9.465
6.46 0.0 9.48
6.47 0.0 9.495
6.48 0.0 9.51
6.49 0.0 9.525
6.5 0.0 9.54
6.51 0.0 9.555
6.52 0.0 9.57
6.53 0.0 9.585
6.54 0.0 9.6
6.55 0.0 9.615
6.56 0.0 9.63
6.57 0.0 9.645
6.58 0.0 9.66
6.59 0.0 9.675
6.6 0.0 9.69
6.61 0.0 9.705
6.62 0.0 9.72
6.63 0.0 9.735
6.64 0.0 9.75
6.65 0.0 9.765
6.66 0.0 9.78
6.67 0.0 9.795
6.68 0.0 9.81
6.69 0.0 9.825
6.7 0.0 9.84
6.71 0.0 9.855
6.72 0.0 9.87
6.73 0.0 9.885
6.74 0.0 9.9
6.75 0.0 9.915
6.76 0.0 9.93
6.77 0.0 9.945
6.78 0.0 9.96
6.79 0.0 9.975
6.8 0.0 9.99
6.81 0.0 10.005
6.82 0.015 10.005
6.83 0.03 10.005
6.84 0.045 10.005
6.85 0.06 10.005
6.86 0.075 10.005
6.87 0.09 10.005
6.88 0.105 10.005
6.89 0.12 10.005
6.9 0.135 10.005
6.91 0.15 10.005
6.92 0.165 10.005
6.93 0.18 10.005
6.94 0.195 10.005
6.95 0.21 10.005
6.96 0.225 10.005
6.97 0.24 10.005
6.98 0.255 10.005
6.99 0.27 10.005
7.0 0.285 10.005
7.01 0.3 10.005
7.02 0.315 10.005
7.03 0.33 10.005
7.04 0.345 10.005
7.05 0.36 10.005
7.06 0.375 10.005
7.07 0.39 10.005
7.08 0.405 10.005
7.09 0.42 10.005
7.1 0.435 10.005
7.11 0.45 10.005
7.12 0.465 10.005
7.13 0.48 10.005
7.14 0.495 10.005
7.15 0.51 10.005
7.16 0.525 10.005
7.17 0.54 10.005
7.18 0.555 10.005
7.19 0.57 10.005
7.2 0.585 10.005
7.21 0.6 10.005
7.22 0.615 10.005
7.23 0.63 10.005
7.24 0.645 10.005
7.25 0.66 10.005
7.26 0.675 10.005
7.27 0.69 10.005
7.28 0.705 10.005
7.29 0.72 10.005
7.3 0.735 10.005
7.31 0.75 10.005
7.32 0.765 10.005
7.33 0.78 10.005
7.34 0.795 10.005
7.35 0.81 10.005
7.36 0.825 10.005
7.37 0.84 10.005
7.38 0.855 10.005
7.39 0.87 10.005
7.4 0.885 10.005
7.41 0.9 10.005
7.42 0.915 10.005
7.43 0.93 10.005
7.44 0.945 10.005
7.45 0.96 10.005
7.46 0.975 10.005
7.47 0.99 10.005
7.48 1.005 10.005
7.49 1.02 10.005
7.5 1.035 10.005
7.51 1.05 10.005
7.52 1.065 10.005
7.53 1.08 10.005
7.54 1.095 10.005
7.55 1.11 10.005
7.56 1.125 10.005
7.57 1.14 10.005
7.58 1.155 10.005
7.59 1.17 10.005
7.6 1.185 10.005
7.61 1.2 10.005
7.62 1.215 10.005
7.63 1.23 10.005
7.64 1.245 10.005
7.65 1.26 10.005
7.66 1.275 10.005
7.67 1.29 10.005
7.68 1.305 10.005
7.69 1.32 10.005
7.7 1.335 10.005
7.71 1.35 10.005
7.72 1.365 10.005
7.73 1.38 10.005
7.74 1.395 10.005
7.75 1.41 10.005
7.76 1.425 10.005
7.77 1.44 10.005
7.78 1.455 10.005
7.79 1.47 10.005
7.8 1.485 10.005
7.81 1.5 10.005
7.82 1.515 10.005
7.83 1.53 10.005
7.84 1.545 10.005
7.85 1.56 10.005
7.86 1.575 10.005
7.87 1.59 10.005
7.88 1.605 10.005
7.89 1.62 10.005
7.9 1.635 10.005
7.91 1.65 10.005
7.92 1.665 10.005
7.93 1.68 10.005
7.94 1.695 10.005
7.95 1.71 10.005
7.96 1.725 10.005
7.97 1.74 10.005
7.98 1.755 10.005
7.99 1.77 10.005
8.0 1.785 10.005
8.01 1.8 10.005
8.02 1.815 10.005
8.03 1.83 10.005
8.04 1.845 10.005
8.05 1.86 10.005
8.06 1.875 10.005
8.07 1.89 10.005
8.08 1.905 10.005
8.09 1.92 10.005
8.1 1.935 10.005
8.11 1.95 10.005
8.12 1.965 10.005
8.13 1.98 10.005
8.14 1.995 10.005
8.15 2.01 10.005
8.16 2.025 10.005
8.17 2.04 10.005
8.18 2.055 10.005
8.19 2.07 10.005
8.2 2.085 10.005
8.21 2.1 10.005
8.22 2.115 10.005
8.23 2.13 10.005
8.24 2.145 10.005
8.25 2.16 10.005
8.26 2.175 10.005
8.27 2.19 10.005
8.28 2.205 10.005
8.29 2.22 10.005
8.3 2.235 10.005
8.31 2.25 10.005
8.32 2.265 10.005
8.33 2.28 10.005
8.34 2.295 10.005
8.35 2.31 10.005
8.36 2.325 10.005
8.37 2.34 10.005
8.38 2.355 10.005
8.39 2.37 10.005
8.4 2.385 10.005
8.41 2.4 10.005
8.42 2.415 10.005
8.43 2.43 10.005
8.44 2.445 10.005
8.45 2.46 10.005
8.46 2.475 10.005
8.47 2.49 10.005
8.48 2.505 10.005
8.49 2.52 10.005
8.5 2.535 10.005
8.51 2.55 10.005
8.52 2.565 10.005
8.53 2.58 10.005
8.54 2.595 10.005
8.55 2.61 10.005
8.56 2.625 10.005
8.57 2.64 10.005
8.58 2.655 10.005
8.59 2.67 10.005
8.6 2.685 10.005
8.61 2.7 10.005
8.62 2.715 10.005
8.63 2.73 10.005
8.64 2.745 10.005
8.65 2.76 10.005
8.66 2.775 10.005
8.67 2.79 10.005
8.68 2.805 10.005
8.69 2.82 10.005
8.7 2.835 10.005
8.71 2.85 10.005
8.72 2.865 10.005
8.73 2.88 10.005
8.74 2.895 10.005
8.75 2.91 10.005
8.76 2.925 10.005
8.77 2.94 10.005
8.78 2.955 10.005
8.79 2.97 10.005
8.8 2.985 10.005
8.81 3.0 10.005
8.82 3.015 10.005
8.83 3.03 10.005
8.84 3.045 10.005
8.85 3.06 10.005
8.86 3.075 10.005
8.87 3.09 10.005
8.88 3.105 10.005
8.89 3.12 10.005
8.9 3.135 10.005
8.91 3.15 10.005
8.92 3.165 10.005
8.93 3.18 10.005
8.94 3.195 10.005
8.95 3.21 10.005
8.96 3.225 10.005
8.97 3.24 10.005
8.98 3.255 10.005
8.99 3.27 10.005
9.0 3.285 10.005
9.01 3.3 10.005
9.02 3.315 10.005
9.03 3.33 10.005
9.04 3.345 10.005
9.05 3.36 10.005
9.06 3.375 10.005
9.07 3.39 10.005
9.08 3.405 10.005
9.09 3.42 10.005
9.1 3.435 10.005
9.11 3.45 10.005
9.12 3.465 10.005
9.13 3.48 10.005
9.14 3.495 10.005
9.15 3.51 10.005
9.16 3.525 10.005
9.17 3.54 10.005
9.18 3.555 10.005
9.19 3.57 10.005
9.2 3.585 10.005
9.21 3.6 10.005
9.22 3.615 10.005
9.23 3.63 10.005
9.24 3.645 10.005
9.25 3.66 10.005
9.26 3.675 10.005
9.27 3.69 10.005
9.28 3.705 10.005
9.29 3.72 10.005
9.3 3.735 10.005
9.31 3.75 10.005
9.32 3.765 10.005
9.33 3.78 10.005
9.34 3.795 10.005
9.35 3.81 10.005
9.36 3.825 10.005
9.37 3.84 10.005
9.38 3.855 10.005
9.39 3.87 10.005
9.4 3.885 10.005
9.41 3.9 10.005
9.42 3.915 10.005
9.43 3.93 10.005
9.44 3.945 10.005
9.45 3.96 10.005
9.46 3.975 10.005
9.47 3.99 10.005
9.48 4.005 10.005
9.49 4.02 10.005
9.5 4.035 10.005
9.51 4.05 10.005
9.52 4.065 10.005
9.53 4.08 10.005
9.54 4.095 10.005
9.55 4.11 10.005
9.56 4.125 10.005
9.57 4.14 10.005
9.58 4.155 10.005
9.59 4.17 10.005
9.6 4.185 10.005
9.61 4.2 10.005
9.62 4.215 10.005
9.63 4.23 10.005
9.64 4.245 10.005
9.65 4.26 10.005
9.66 4.275 10.005
9.67 4.29 10.005
9.68 4.305 10.005
9.69 4.32 10.005
9.7 4.335 10.005
9.71 4.35 10.005
9.72 4.365 10.005
9.73 4.38 10.005
9.74 4.395 10.005
9.75 4.41 10.005
9.76 4.425 10.005
9.77 4.44 10.005
9.78 4.455 10.005
9.79 4.47 10.005
9.8 4.485 10.005
9.81 4.5 10.005
9.82 4.515 10.005
9.83 4.53 10.005
9.84 4.545 10.005
9.85 4.56 10.005
9.86 4.575 10.005
9.87 4.59 10.005
9.88 4.605 10.005
9.89 4.62 10.005
9.9 4.635 10.005
9.91 4.65 10.005
9.92 4.665 10.005
9.93 4.68 10.005
9.94 4.695 10.005
9.95 4.71 10.005
9.96 4.725 10.005
9.97 4.74 10.005
9.98 4.755 10.005
9.99 4.77 10.005
10.0 4.785 10.005
10.01 4.8 10.005
10.02 4.815 10.005
10.03 4.83 10.005
10.04 4.845 10.005
10.05 4.86 10.005
10.06 4.875 10.005
10.07 4.89 10.005
10.08 4.905 10.005
10.09 4.92 10.005
10.1 4.935 10.005
10.11 4.95 10.005
10.12 4.965 10.005
10.13 4.98 10.005
10.14 4.995 10.005
10.15 5.01 10.005
10.16 5.025 10.005
10.17 5.04 10.005
10.18 5.055 10.005
10.19 5.07 10.005
10.2 5.085 10.005
10.21 5.1 10.005
10.22 5.115 10.005
10.23 5.13 10.005
10.24 5.145 10.005
10.25 5.16 10.005
10.26 5.175 10.005
10.27 5.19 10.005
10.28 5.205 10.005
10.29 5.22 10.005
10.3 5.235 10.005
10.31 5.25 10.005
10.32 5.265 10.005
10.33 5.28 10.005
10.34 5.295 10.005
10.35 5.31 10.005
10.36 5.325 10.005
10.37 5.34 10.005
10.38 5.355 10.005
10.39 5.37 10.005
10.4 5.385 10.005
10.41 5.4 10.005
10.42 5.415 10.005
10.43 5.43 10.005
10.44 5.445 10.005
10.45 5.46 10.005
10.46 5.475 10.005
10.47 5.49 10.005
10.48 5.505 10.005
10.49 5.52 10.005
10.5 5.535 10.005
10.51 5.55 10.005
10.52 5.565 10.005
10.53 5.58 10.005
10.54 5.595 10.005
10.55 5.61 10.005
10.56 5.625 10.005
10.57 5.64 10.005
10.58 5.655 10.005
10.59 5.67 10.005
10.6 5.685 10.005
10.61 5.7 10.005
10.62 5.715 10.005
10.63 5.73 10.005
10.64 5.745 10.005
10.65 5.76 10.005
10.66 5.775 10.005
10.67 5.79 10.005
10.68 5.805 10.005
10.69 5.82 10.005
10.7 5.835 10.005
10.71 5.85 10.005
10.72 5.865 10.005
10.73 5.88 10.005
10.74 5.895 10.005
10.75 5.91 10.005
10.76 5.925 10.005
10.77 5.94 10.005
10.78 5.955 10.005
10.79 5.97 10.005
10.8 5.985 10.005
10.81 6.0 10.005
10.82 6.015 10.005
10.83 6.03 10.005
10.84 6.045 10.005
10.85 6.06 10.005
10.86 6.075 10.005
10.87 6.09 10.005
10.88 6.105 10.005
10.89 6.12 10.005
10.9 6.135 10.005
10.91 6.15 10.005
10.92 6.165 10.005
10.93 6.18 10.005
10.94 6.195 10.005
10.95 6.21 10.005
10.96 6.225 10.005
10.97 6.24 10.005
10.98 6.255 10.005
10.99 6.27 10.005
11.0 6.285 10.005
11.01 6.3 10.005
11.02 6.315 10.005
11.03 6.33 10.005
11.04 6.345 10.005
11.05 6.36 10.005
11.06 6.375 10.005
11.07 6.39 10.005
11.08 6.405 10.005
11.09 6.42 10.005
11.1 6.435 10.005
11.11 6.45 10.005
11.12 6.465 10.005
11.13 6.48 10.005
11.14 6.495 10.005
11.15 6.51 10.005
11.16 6.525 10.005
11.17 6.54 10.005
11.18 6.555 10.005
11.19 6.57 10.005
11.2 6.585 10.005
11.21 6.6 10.005
11.22 6.615 10.005
11.23 6.63 10.005
11.24 6.645 10.005
11.25 6.66 10.005
11.26 6.675 10.005
11.27 6.69 10.005
11.28 6.705 10.005
11.29 6.72 10.005
11.3 6.735 10.005
11.31 6.75 10.005
11.32 6.765 10.005
11.33 6.78 10.005
11.34 6.795 10.005
11.35 6.81 10.005
11.36 6.825 10.005
11.37 6.84 10.005
11.38 6.855 10.005
11.39 6.87 10.005
11.4 6.885 10.005
11.41 6.9 10.005
11.42 6.915 10.005
11.43 6.93 10.005
11.44 6.945 10.005
11.45 6.96 10.005
11.46 6.975 10.005
11.47 6.99 10.005
11.48 7.005 10.005
11.49 7.02 10.005
11.5 7.035 10.005
11.51 7.05 10.005
11.52 7.065 10.005
11.53 7.08 10.005
11.54 7.095 10.005
11.55 7.11 10.005
11.56 7.125 10.005
11.57 7.14 10.005
11.58 7.155 10.005
11.59 7.17 10.005
11.6 7.185 10.005
11.61 7.2 10.005
11.62 7.215 10.005
11.63 7.23 10.005
11.64 7.245 10.005
11.65 7.26 10.005
11.66 7.275 10.005
11.67 7.29 10.005
11.68 7.305 10.005
11.69 7.32 10.005
11.7 7.335 10.005
11.71 7.35 10.005
11.72 7.365 10.005
11.73 7.38 10.005
11.74 7.395 10.005
11.75 7.41 10.005
11.76 7.425 10.005
11.77 7.44 10.005
11.78 7.455 10.005
11.79 7.47 10.005
11.8 7.485 10.005
11.81 7.5 10.005
11.82 7.515 10.005
11.83 7.53 10.005
11.84 7.545 10.005
11.85 7.56 10.005
11.86 7.575 10.005
11.87 7.59 10.005
11.88 7.605 10.005
11.89 7.62 10.005
11.9 7.635 10.005
11.91 7.65 10.005
11.92 7.665 10.005
11.93 7.68 10.005
11.94 7.695 10.005
11.95 7.71 10.005
11.96 7.725 10.005
11.97 7.74 10.005
11.98 7.755 10.005
11.99 7.77 10.005
12.0 7.785 10.005
12.01 7.8 10.005
12.02 7.815 10.005
12.03 7.83 10.005
12.04 7.845 10.005
12.05 7.86 10.005
12.06 7.875 10.005
12.07 7.89 10.005
12.08 7.905 10.005
12.09 7.92 10.005
12.1 7.935 10.005
12.11 7.95 10.005
12.12 7.965 10.005
12.13 7.98 10.005
12.14 7.995 10.005
12.15 8.01 10.005
12.16 8.025 10.005
12.17 8.04 10.005
12.18 8.055 10.005
12.19 8.07 10.005
12.2 8.085 10.005
12.21 8.1 10.005
12.22 8.115 10.005
12.23 8.13 10.005
12.24 8.145 10.005
12.25 8.16 10.005
12.26 8.175 10.005
12.27 8.19 10.005
12.28 8.205 10.005
12.29 8.22 10.005
12.3 8.235 10.005
12.31 8.25 10.005
12.32 8.265 10.005
12.33 8.28 10.005
12.34 8.295 10.005
12.35 8.31 10.005
12.36 8.325 10.005
12.37 8.34 10.005
12.38 8.355 10.005
12.39 8.37 10.005
12.4 8.385 10.005
12.41 8.4 10.005
12.42 8.415 10.005
12.43 8.43 10.005
12.44 8.445 10.005
12.45 8.46 10.005
12.46 8.475 10.005
12.47 8.49 10.005
12.48 8.505 10.005
12.49 8.52 10.005
12.5 8.535 10.005
12.51 8.55 10.005
12.52 8.565 10.005
12.53 8.58 10.005
12.54 8.595 10.005
12.55 8.61 10.005
12.56 8.625 10.005
12.57 8.64 10.005
12.58 8.655 10.005
12.59 8.67 10.005
12.6 8.685 10.005
12.61 8.7 10.005
12.62 8.715 10.005
12.63 8.73 10.005
12.64 8.745 10.005
12.65 8.76 10.005
12.66 8.775 10.005
12.67 8.79 10.005
12.68 8.805 10.005
12.69 8.82 10.005
12.7 8.835 10.005
12.71 8.85 10.005
12.72 8.865 10.005
12.73 8.88 10.005
12.74 8.895 10.005
12.75 8.91 10.005
12.76 8.925 10.005
12.77 8.94 10.005
12.78 8.955 10.005
12.79 8.97 10.005
12.8 8.985 10.005
12.81 9.0 10.005
12.82 9.015 10.005
12.83 9.03 10.005
12.84 9.045 10.005
12.85 9.06 10.005
12.86 9.075 10.005
12.87 9.09 10.005
12.88 9.105 10.005
12.89 9.12 10.005
12.9 9.135 10.005
12.91 9.15 10.005
12.92 9.165 10.005
12.93 9.18 10.005
12.94 9.195 10.005
12.95 9.21 10.005
12.96 9.225 10.005
12.97 9.24 10.005
12.98 9.255 10.005
12.99 9.27 10.005
13.0 9.285 10.005
13.01 9.3 10.005
13.02 9.315 10.005
13.03 9.33 10.005
13.04 9.345 10.005
13.05 9.36 10.005
13.06 9.375 10.005
13.07 9.39 10.005
13.08 9.405 10.005
13.09 9.42 10.005
13.1 9.435 10.005
13.11 9.45 10.005
13.12 9.465 10.005
13.13 9.48 10.005
13.14 9.495 10.005
13.15 9.51 10.005
13.16 9.525 10.005
13.17 9.54 10.005
13.18 9.555 10.005
13.19 9.57 10.005
13.2 9.585 10.005
13.21 9.6 10.005
13.22 9.615 10.005
13.23 9.63 10.005
13.24 9.645 10.005
13.25 9.66 10.005
13.26 9.675 10.005
13.27 9.69 10.005
13.28 9.705 10.005
13.29 9.72 10.005
13.3 9.735 10.005
13.31 9.75 10.005
13.32 9.765 10.005
13.33 9.78 10.005
13.34 9.795 10.005
13.35 9.81 10.005
13.36 9.825 10.005
13.37 9.84 10.005
13.38 9.855 10.005
13.39 9.87 10.005
13.4 9.885 10.005
13.41 9.9 10.005
13.42 9.915 10.005
13.43 9.93 10.005
13.44 9.945 10.005
13.45 9.96 10.005
13.46 9.975 10.005
13.47 9.99 10.005
13.48 10.005 10.005
