0.16 0.0 0.015
0.17 0.0 0.03
0.18 0.0 0.045
0.19 0.0 0.06
0.2 0.0 0.075
0.21 0.0 0.09
0.22 0.0 0.105
0.23 0.0 0.12
0.24 0.0 0.135
0.25 0.0 0.15
0.26 0.0 0.165
0.27 0.0 0.18
0.28 0.0 0.195
0.29 0.0 0.21
0.3 0.0 0.225
0.31 0.0 0.24
0.32 0.0 0.255
0.33 0.0 0.27
0.34 0.0 0.285
0.35 0.0 0.3
0.36 0.0 0.315
0.37 0.0 0.33
0.38 0.0 0.345
0.39 0.0 0.36
0.4 0.0 0.375
0.41 0.0 0.39
0.42 0.0 0.405
0.43 0.0 0.42
0.44 0.0 0.435
0.45 0.0 0.45
0.46 0.0 0.465
0.47 0.0 0.48
0.48 0.0 0.495
0.49 0.0 0.51
0.5 0.0 0.525
0.51 0.0 0.54
0.52 0.0 0.555
0.53 0.0 0.57
0.54 0.0 0.585
0.55 0.0 0.6
0.56 0.0 0.615
0.57 0.0 0.63
0.58 0.0 0.645
0.59 0.0 0.66
0.6 0.0 0.675
0.61 0.0 0.69
0.62 0.0 0.705
0.63 0.0 0.72
0.64 0.0 0.735
0.65 0.0 0.75
0.66 0.0 0.765
0.67 0.0 0.78
0.68 0.0 0.795
0.69 0.0 0.81
0.7 0.0 0.825
0.71 0.0 0.84
0.72 0.0 0.855
0.73 0.0 0.87
0.74 0.0 0.885
0.75 0.0 0.9
0.76 0.0 0.915
0.77 0.0 0.93
0.78 0.0 0.945
0.79 0.0 0.96
0.8 0.0 0.975
0.81 0.0 0.99
0.82 0.0 1.005
0.83 0.0 1.02
0.84 0.0 1.035
0.85 0.0 1.05
0.86 0.0 1.065
0.87 0.0 1.08
0.88 0.0 1.095
0.89 0.0 1.11
0.9 0.0 1.125
0.91 0.0 1.14
0.92 0.0 1.155
0.93 0.0 1.17
0.94 0.0 1.185
0.95 0.0 1.2
0.96 0.0 1.215
0.97 0.0 1.23
0.98 0.0 1.245
0.99 0.0 1.26
1.0 0.0 1.275
1.01 0.0 1.29
1.02 0.0 1.305
1.03 0.0 1.32
1.04 0.0 1.335
1.05 0.0 1.35
1.06 0.0 1.365
1.07 0.0 1.38
1.08 0.0 1.395
1.09 0.0 1.41
1.1 0.0 1.425
1.11 0.0 1.44
1.12 0.0 1.455
1.13 0.0 1.47
1.14 0.0 1.485
1.15 0.0 1.5
1.16 0.0 1.515
1.17 0.0 1.53
1.18 0.0 1.545
1.19 0.0 1.56
1.2 0.0 1.575
1.21 0.0 1.59
1.22 0.0 1.605
1.23 0.0 1.62
1.24 0.0 1.635
1.25 0.0 1.65
1.26 0.0 1.665
1.27 0.0 1.68
1.28 0.0 1.695
1.29 0.0 1.71
1.3 0.0 1.725
1.31 0.0 1.74
1.32 0.0 1.755
1.33 0.0 1.77
1.34 0.0 1.785
1.35 0.0 1.8
1.36 0.0 1.815
1.37 0.0 1.83
1.38 0.0 1.845
1.39 0.0 1.86
1.4 0.0 1.875
1.41 0.0 1.89
1.42 0.0 1.905
1.43 0.0 1.92
1.44 0.0 1.935
1.45 0.0 1.95
1.46 0.0 1.965
1.47 0.0 1.98
1.48 0.0 1.995
1.49 0.0 2.01
1.5 0.0 2.025
1.51 0.0 2.04
1.52 0.0 2.055
1.53 0.0 2.07
1.54 0.0 2.085
1.55 0.0 2.1
1.56 0.0 2.115
1.57 0.0 2.13
1.58 0.0 2.145
1.59 0.0 2.16
1.6 0.0 2.175
1.61 0.0 2.19
1.62 0.0 2.205
1.63 0.0 2.22
1.64 0.0 2.235
1.65 0.0 2.25
1.66 0.0 2.265
1.67 0.0 2.28
1.68 0.0 2.295
1.69 0.0 2.31
1.7 0.0 2.325
1.71 0.0 2.34
1.72 0.0 2.355
1.73 0.0 2.37
1.74 0.0 2.385
1.75 0.0 2.4
1.76 0.0 2.415
1.77 0.0 2.43
1.78 0.0 2.445
1.79 0.0 2.46
1.8 0.0 2.475
1.81 0.0 2.49
1.82 0.0 2.505
1.83 0.0 2.52
1.84 0.0 2.535
1.85 0.0 2.55
1.86 0.0 2.565
1.87 0.0 2.58
1.88 0.0 2.595
1.89 0.0 2.61
1.9 0.0 2.625
1.91 0.0 2.64
1.92 0.0 2.655
1.93 0.0 2.67
1.94 0.0 2.685
1.95 0.0 2.7
1.96 0.0 2.715
1.97 0.0 2.73
1.98 0.0 2.745
1.99 0.0 2.76
2.0 0.0 2.775
2.01 0.0 2.79
2.02 0.0 2.805
2.03 0.0 2.82
2.04 0.0 2.835
2.05 0.0 2.85
2.06 0.0 2.865
2.07 0.0 2.88
2.08 0.0 2.895
2.09 0.0 2.91
2.1 0.0 2.925
2.11 0.0 2.94
2.12 0.0 2.955
2.13 0.0 2.97
2.14 0.0 2.985
2.15 0.0 3.0
2.16 0.0 3.015
2.17 0.0 3.03
2.18 0.0 3.045
2.19 0.0 3.06
2.2 0.0 3.075
2.21 0.0 3.09
2.22 0.0 3.105
2.23 0.0 3.12
2.24 0.0 3.135
2.25 0.0 3.15
2.26 0.0 3.165
2.27 0.0 3.18
2.28 0.0 3.195
2.29 0.0 3.21
2.3 0.0 3.225
2.31 0.0 3.24
2.32 0.0 3.255
2.33 0.0 3.27
2.34 0.0 3.285
2.35 0.0 3.3
2.36 0.0 3.315
2.37 0.0 3.33
2.38 0.0 3.345
2.39 0.0 3.36
2.4 0.0 3.375
2.41 0.0 3.39
2.42 0.0 3.405
2.43 0.0 3.42
2.44 0.0 3.435
2.45 0.0 3.45
2.46 0.0 3.465
2.47 0.0 3.48
2.48 0.0 3.495
2.49 0.0 3.51
2.5 0.0 3.525
2.51 0.0 3.54
2.52 0.0 3.555
2.53 0.0 3.57
2.54 0.0 3.585
2.55 0.0 3.6
2.56 0.0 3.615
2.57 0.0 3.63
2.58 0.0 3.645
2.59 0.0 3.66
2.6 0.0 3.675
2.61 0.0 3.69
2.62 0.0 3.705
2.63 0.0 3.72
2.64 0.0 3.735
2.65 0.0 3.75
2.66 0.0 3.765
2.67 0.0 3.78
2.68 0.0 3.795
2.69 0.0 3.81
2.7 0.0 3.825
2.71 0.0 3.84
2.72 0.0 3.855
2.73 0.0 3.87
2.74 0.0 3.885
2.75 0.0 3.9
2.76 0.0 3.915
2.77 0.0 3.93
2.78 0.0 3.945
2.79 0.0 3.96
2.8 0.0 3.975
2.81 0.0 3.99
2.82 0.0 4.005
2.83 0.0 4.02
2.84 0.0 4.035
2.85 0.0 4.05
2.86 0.0 4.065
2.87 0.0 4.08
2.88 0.0 4.095
2.89 0.0 4.11
2.9 0.0 4.125
2.91 0.0 4.14
2.92 0.0 4.155
2.93 0.0 4.17
2.94 0.0 4.185
2.95 0.0 4.2
2.96 0.0 4.215
2.97 0.0 4.23
2.98 0.0 4.245
2.99 0.0 4.26
3.0 0.0 4.275
3.01 0.0 4.29
3.02 0.0 4.305
3.03 0.0 4.32
3.04 0.0 4.335
3.05 0.0 4.35
3.06 0.0 4.365
3.07 0.0 4.38
3.08 0.0 4.395
3.09 0.0 4.41
3.1 0.0 4.425
3.11 0.0 4.44
3.12 0.0 4.455
3.13 0.0 4.47
3.14 0.0 4.485
3.15 0.0 4.5
3.16 0.0 4.515
3.17 0.0 4.53
3.18 0.0 4.545
3.19 0.0 4.56
3.2 0.0 4.575
3.21 0.0 4.59
3.22 0.0 4.605
3.23 0.0 4.62
3.24 0.0 4.635
3.25 0.0 4.65
3.26 0.0 4.665
3.27 0.0 4.68
3.28 0.0 4.695
3.29 0.0 4.71
3.3 0.0 4.725
3.31 0.0 4.74
3.32 0.0 4.755
3.33 0.0 4.77
3.34 0.0 4.785
3.35 0.0 4.8
3.36 0.0 4.815
3.37 0.0 4.83
3.38 0.0 4.845
3.39 0.0 4.86
3.4 0.0 4.875
3.41 0.0 4.89
3.42 0.0 4.905
3.43 0.0 4.92
3.44 0.0 4.935
3.45 0.0 4.95
3.46 0.0 4.965
3.47 0.0 4.98
3.48 0.0 4.995
3.49 0.0 5.01
3.5 0.0 5.025
3.51 0.0 5.04
3.52 0.0 5.055
3.53 0.0 5.07
3.54 0.0 5.085
3.55 0.0 5.1
3.56 0.0 5.115
3.57 0.0 5.13
3.58 0.0 5.145
3.59 0.0 5.16
3.6 0.0 5.175
3.61 0.0 5.19
3.62 0.0 5.205
3.63 0.0 5.22
3.64 0.0 5.235
3.65 0.0 5.25
3.66 0.0 5.265
3.67 0.0 5.28
3.68 0.0 5.295
3.69 0.0 5.31
3.7 0.0 5.325
3.71 0.0 5.34
3.72 0.0 5.355
3.73 0.0 5.37
3.74 0.0 5.385
3.75 0.0 5.4
3.76 0.0 5.415
3.77 0.0 5.43
3.78 0.0 5.445
3.79 0.0 5.46
3.8 0.0 5.475
3.81 0.0 5.49
3.82 0.0 5.505
3.83 0.0 5.52
3.84 0.0 5.535
3.85 0.0 5.55
3.86 0.0 5.565
3.87 0.0 5.58
3.88 0.0 5.595
3.89 0.0 5.61
3.9 0.0 5.625
3.91 0.0 5.64
3.92 0.0 5.655
3.93 0.0 5.67
3.94 0.0 5.685
3.95 0.0 5.7
3.96 0.0 5.715
3.97 0.0 5.73
3.98 0.0 5.745
3.99 0.0 5.76
4.0 0.0 5.775
4.01 0.0 5.79
4.02 0.0 5.805
4.03 0.0 5.82
4.04 0.0 5.835
4.05 0.0 5.85
4.06 0.0 5.865
4.07 0.0 5.88
4.08 0.0 5.895
4.09 0.0 5.91
4.1 0.0 5.925
4.11 0.0 5.94
4.12 0.0 5.955
4.13 0.0 5.97
4.14 0.0 5.985
4.15 0.0 6.0
4.16 0.0 6.015
4.17 0.0 6.03
4.18 0.0 6.045
4.19 0.0 6.06
4.2 0.0 6.075
4.21 0.0 6.09
4.22 0.0 6.105
4.23 0.0 6.12
4.24 0.0 6.135
4.25 0.0 6.15
4.26 0.0 6.165
4.27 0.0 6.18
4.28 0.0 6.195
4.29 0.0 6.21
4.3 0.0 6.225
4.31 0.0 6.24
4.32 0.0 6.255
4.33 0.0 6.27
4.34 0.0 6.285
4.35 0.0 6.3
4.36 0.0 6.315
4.37 0.0 6.33
4.38 0.0 6.345
4.39 0.0 6.36
4.4 0.0 6.375
4.41 0.0 6.39
4.42 0.0 6.405
4.43 0.0 6.42
4.44 0.0 6.435
4.45 0.0 6.45
4.46 0.0 6.465
4.47 0.0 6.48
4.48 0.0 6.495
4.49 0.0 6.51
4.5 0.0 6.525
4.51 0.0 6.54
4.52 0.0 6.555
4.53 0.0 6.57
4.54 0.0 6.585
4.55 0.0 6.6
4.56 0.0 6.615
4.57 0.0 6.63
4.58 0.0 6.645
4.59 0.0 6.66
4.6 0.0 6.675
4.61 0.0 6.69
4.62 0.0 6.705
4.63 0.0 6.72
4.64 0.0 6.735
4.65 0.0 6.75
4.66 0.0 6.765
4.67 0.0 6.78
4.68 0.0 6.795
4.69 0.0 6.81
4.7 0.0 6.825
4.71 0.0 6.84
4.72 0.0 6.855
4.73 0.0 6.87
4.74 0.0 6.885
4.75 0.0 6.9
4.76 0.0 6.915
4.77 0.0 6.93
4.78 0.0 6.945
4.79 0.0 6.96
4.8 0.0 6.975
4.81 0.0 6.99
4.82 0.0 7.005
4.83 0.0 7.02
4.84 0.0 7.035
4.85 0.0 7.05
4.86 0.0 7.065
4.87 0.0 7.08
4.88 0.0 7.095
4.89 0.0 7.11
4.9 0.0 7.125
4.91 0.0 7.14
4.92 0.0 7.155
4.93 0.0 7.17
4.94 0.0 7.185
4.95 0.0 7.2
4.96 0.0 7.215
4.97 0.0 7.23
4.98 0.0 7.245
4.99 0.0 7.26
5.0 0.0 7.275
5.01 0.0 7.29
5.02 0.0 7.305
5.03 0.0 7.32
5.04 0.0 7.335
5.05 0.0 7.35
5.06 0.0 7.365
5.07 0.0 7.38
5.08 0.0 7.395
5.09 0.0 7.41
5.1 0.0 7.425
5.11 0.0 7.44
5.12 0.0 7.455
5.13 0.0 7.47
5.14 0.0 7.485
5.15 0.0 7.5
5.16 0.0 7.515
5.17 0.0 7.53
5.18 0.0 7.545
5.19 0.0 7.56
5.2 0.0 7.575
5.21 0.0 7.59
5.22 0.0 7.605
5.23 0.0 7.62
5.24 0.0 7.635
5.25 0.0 7.65
5.26 0.0 7.665
5.27 0.0 7.68
5.28 0.0 7.695
5.29 0.0 7.71
5.3 0.0 7.725
5.31 0.0 7.74
5.32 0.0 7.755
5.33 0.0 7.77
5.34 0.0 7.785
5.35 0.0 7.8
5.36 0.0 7.815
5.37 0.0 7.83
5.38 0.0 7.845
5.39 0.0 7.86
5.4 0.0 7.875
5.41 0.0 7.89
5.42 0.0 7.905
5.43 0.0 7.92
5.44 0.0 7.935
5.45 0.0 7.95
5.46 0.0 7.965
5.47 0.0 7.98
5.48 0.0 7.995
5.49 0.0 8.01
5.5 0.0 8.025
5.51 0.0 8.04
5.52 0.0 8.055
5.53 0.0 8.07
5.54 0.0 8.085
5.55 0.0 8.1
5.56 0.0 8.115
5.57 0.0 8.13
5.58 0.0 8.145
5.59 0.0 8.16
5.6 0.0 8.175
5.61 0.0 8.19
5.62 0.0 8.205
5.63 0.0 8.22
5.64 0.0 8.235
5.65 0.0 8.25
5.66 0.0 8.265
5.67 0.0 8.28
5.68 0.0 8.295
5.69 0.0 8.31
5.7 0.0 8.325
5.71 0.0 8.34
5.72 0.0 8.355
5.73 0.0 8.37
5.74 0.0 8.385
5.75 0.0 8.4
5.76 0.0 8.415
5.77 0.0 8.43
5.78 0.0 8.445
5.79 0.0 8.46
5.8 0.0 8.475
5.81 0.0 8.49
5.82 0.0 8.505
5.83 0.0 8.52
5.84 0.0 8.535
5.85 0.0 8.55
5.86 0.0 8.565
5.87 0.0 8.58
5.88 0.0 8.595
5.89 0.0 8.61
5.9 0.0 8.625
5.91 0.0 8.64
5.92 0.0 8.655
5.93 0.0 8.67
5.94 0.0 8.685
5.95 0.0 8.7
5.96 0.0 8.715
5.97 0.0 8.73
5.98 0.0 8.745
5.99 0.0 8.76
6.0 0.0 8.775
6.01 0.0 8.79
6.02 0.0 8.805
6.03 0.0 8.82
6.04 0.0 8.835
6.05 0.0 8.85
6.06 0.0 8.865
6.07 0.0 8.88
6.08 0.0 8.895
6.09 0.0 8.91
6.1 0.0 8.925
6.11 0.0 8.94
6.12 0.0 8.955
6.13 0.0 8.97
6.14 0.0 8.985
6.15 0.0 9.0
6.16 0.0 9.015
6.17 0.0 9.03
6.18 0.0 9.045
6.19 0.0 9.06
6.2 0.0 9.075
6.21 0.0 9.09
6.22 0.0 9.105
6.23 0.0 9.12
6.24 0.0 9.135
6.25 0.0 9.15
6.26 0.0 9.165
6.27 0.0 9.18
6.28 0.0 9.195
6.29 0.0 9.21
6.3 0.0 9.225
6.31 0.0 9.24
6.32 0.0 9.255
6.33 0.0 9.27
6.34 0.0 9.285
6.35 0.0 9.3
6.36 0.0 9.315
6.37 0.0 9.33
6.38 0.0 9.345
6.39 0.0 9.36
6.4 0.0 9.375
6.41 0.0 9.39
6.42 0.0 9.405
6.43 0.0 9.42
6.44 0.0 9.435
6.45 0.0 9.45
6.46 0.0 9.465
6.47 0.0 9.48
6.48 0.0 9.495
6.49 0.0 9.51
6.5 0.0 9.525
6.51 0.0 9.54
6.52 0.0 9.555
6.53 0.0 9.57
6.54 0.0 9.585
6.55 0.0 9.6
6.56 0.0 9.615
6.57 0.0 9.63
6.58 0.0 9.645
6.59 0.0 9.66
6.6 0.0 9.675
6.61 0.0 9.69
6.62 0.0 9.705
6.63 0.0 9.72
6.64 0.0 9.735
6.65 0.0 9.75
6.66 0.0 9.765
6.67 0.0 9.78
6.68 0.0 9.795
6.69 0.0 9.81
6.7 0.0 9.825
6.71 0.0 9.84
6.72 0.0 9.855
6.73 0.0 9.87
6.74 0.0 9.885
6.75 0.0 9.9
6.76 0.0 9.915
6.77 0.0 9.93
6.78 0.0 9.945
6.79 0.0 9.96
6.8 0.0 9.975
6.81 0.0 9.99
6.82 0.0 10.005
