0.18 9.985 10.0
0.19 9.97 10.0
0.2 9.955 10.0
0.21 9.94 10.0
0.22 9.925 10.0
0.23 9.91 10.0
0.24 9.895 10.0
0.25 9.88 10.0
0.26 9.865 10.0
0.27 9.85 10.0
0.28 9.835 10.0
0.29 9.82 10.0
0.3 9.805 10.0
0.31 9.79 10.0
0.32 9.775 10.0
0.33 9.76 10.0
0.34 9.745 10.0
0.35 9.73 10.0
0.36 9.715 10.0
0.37 9.7 10.0
0.38 9.685 10.0
0.39 9.67 10.0
0.4 9.655 10.0
0.41 9.64 10.0
0.42 9.625 10.0
0.43 9.61 10.0
0.44 9.595 10.0
0.45 9.58 10.0
0.46 9.565 10.0
0.47 9.55 10.0
0.48 9.535 10.0
0.49 9.52 10.0
0.5 9.505 10.0
0.51 9.49 10.0
0.52 9.475 10.0
0.53 9.46 10.0
0.54 9.445 10.0
0.55 9.43 10.0
0.56 9.415 10.0
0.57 9.4 10.0
0.58 9.385 10.0
0.59 9.37 10.0
0.6 9.355 10.0
0.61 9.34 10.0
0.62 9.325 10.0
0.63 9.31 10.0
0.64 9.295 10.0
0.65 9.28 10.0
0.66 9.265 10.0
0.67 9.25 10.0
0.68 9.235 10.0
0.69 9.22 10.0
0.7 9.205 10.0
0.71 9.19 10.0
0.72 9.175 10.0
0.73 9.16 10.0
0.74 9.145 10.0
0.75 9.13 10.0
0.76 9.115 10.0
0.77 9.1 10.0
0.78 9.085 10.0
0.79 9.07 10.0
0.8 9.055 10.0
0.81 9.04 10.0
0.82 9.025 10.0
0.83 9.01 10.0
0.84 8.995 10.0
0.85 8.98 10.0
0.86 8.965 10.0
0.87 8.95 10.0
0.88 8.935 10.0
0.89 8.92 10.0
0.9 8.905 10.0
0.91 8.89 10.0
0.92 8.875 10.0
0.93 8.86 10.0
0.94 8.845 10.0
0.95 8.83 10.0
0.96 8.815 10.0
0.97 8.8 10.0
0.98 8.785 10.0
0.99 8.77 10.0
1.0 8.755 10.0
1.01 8.74 10.0
1.02 8.725 10.0
1.03 8.71 10.0
1.04 8.695 10.0
1.05 8.68 10.0
1.06 8.665 10.0
1.07 8.65 10.0
1.08 8.635 10.0
1.09 8.62 10.0
1.1 8.605 10.0
1.11 8.59 10.0
1.12 8.575 10.0
1.13 8.56 10.0
1.14 8.545 10.0
1.15 8.53 10.0
1.16 8.515 10.0
1.17 8.5 10.0
1.18 8.485 10.0
1.19 8.47 10.0
1.2 8.455 10.0
1.21 8.44 10.0
1.22 8.425 10.0
1.23 8.41 10.0
1.24 8.395 10.0
1.25 8.38 10.0
1.26 8.365 10.0
1.27 8.35 10.0
1.28 8.335 10.0
1.29 8.32 10.0
1.3 8.305 10.0
1.31 8.29 10.0
1.32 8.275 10.0
1.33 8.26 10.0
1.34 8.245 10.0
1.35 8.23 10.0
1.36 8.215 10.0
1.37 8.2 10.0
1.38 8.185 10.0
1.39 8.17 10.0
1.4 8.155 10.0
1.41 8.14 10.0
1.42 8.125 10.0
1.43 8.11 10.0
1.44 8.095 10.0
1.45 8.08 10.0
1.46 8.065 10.0
1.47 8.05 10.0
1.48 8.035 10.0
1.49 8.02 10.0
1.5 8.005 10.0
1.51 7.99 10.0
1.52 7.975 10.0
1.53 7.96 10.0
1.54 7.945 10.0
1.55 7.93 10.0
1.56 7.915 10.0
1.57 7.9 10.0
1.58 7.885 10.0
1.59 7.87 10.0
1.6 7.855 10.0
1.61 7.84 10.0
1.62 7.825 10.0
1.63 7.81 10.0
1.64 7.795 10.0
1.65 7.78 10.0
1.66 7.765 10.0
1.67 7.75 10.0
1.68 7.735 10.0
1.69 7.72 10.0
1.7 7.705 10.0
1.71 7.69 10.0
1.72 7.675 10.0
1.73 7.66 10.0
1.74 7.645 10.0
1.75 7.63 10.0
1.76 7.615 10.0
1.77 7.6 10.0
1.78 7.585 10.0
1.79 7.57 10.0
1.8 7.555 10.0
1.81 7.54 10.0
1.82 7.525 10.0
1.83 7.51 10.0
1.84 7.495 10.0
1.85 7.48 10.0
1.86 7.465 10.0
1.87 7.45 10.0
1.88 7.435 10.0
1.89 7.42 10.0
1.9 7.405 10.0
1.91 7.39 10.0
1.92 7.375 10.0
1.93 7.36 10.0
1.94 7.345 10.0
1.95 7.33 10.0
1.96 7.315 10.0
1.97 7.3 10.0
1.98 7.285 10.0
1.99 7.27 10.0
2.0 7.255 10.0
2.01 7.24 10.0
2.02 7.225 10.0
2.03 7.21 10.0
2.04 7.195 10.0
2.05 7.18 10.0
2.06 7.165 10.0
2.07 7.15 10.0
2.08 7.135 10.0
2.09 7.12 10.0
2.1 7.105 10.0
2.11 7.09 10.0
2.12 7.075 10.0
2.13 7.06 10.0
2.14 7.045 10.0
2.15 7.03 10.0
2.16 7.015 10.0
2.17 7.0 10.0
2.18 6.985 10.0
2.19 6.97 10.0
2.2 6.955 10.0
2.21 6.94 10.0
2.22 6.925 10.0
2.23 6.91 10.0
2.24 6.895 10.0
2.25 6.88 10.0
2.26 6.865 10.0
2.27 6.85 10.0
2.28 6.835 10.0
2.29 6.82 10.0
2.3 6.805 10.0
2.31 6.79 10.0
2.32 6.775 10.0
2.33 6.76 10.0
2.34 6.745 10.0
2.35 6.73 10.0
2.36 6.715 10.0
2.37 6.7 10.0
2.38 6.685 10.0
2.39 6.67 10.0
2.4 6.655 10.0
2.41 6.64 10.0
2.42 6.625 10.0
2.43 6.61 10.0
2.44 6.595 10.0
2.45 6.58 10.0
2.46 6.565 10.0
2.47 6.55 10.0
2.48 6.535 10.0
2.49 6.52 10.0
2.5 6.505 10.0
2.51 6.49 10.0
2.52 6.475 10.0
2.53 6.46 10.0
2.54 6.445 10.0
2.55 6.43 10.0
2.56 6.415 10.0
2.57 6.4 10.0
2.58 6.385 10.0
2.59 6.37 10.0
2.6 6.355 10.0
2.61 6.34 10.0
2.62 6.325 10.0
2.63 6.31 10.0
2.64 6.295 10.0
2.65 6.28 10.0
2.66 6.265 10.0
2.67 6.25 10.0
2.68 6.235 10.0
2.69 6.22 10.0
2.7 6.205 10.0
2.71 6.19 10.0
2.72 6.175 10.0
2.73 6.16 10.0
2.74 6.145 10.0
2.75 6.13 10.0
2.76 6.115 10.0
2.77 6.1 10.0
2.78 6.085 10.0
2.79 6.07 10.0
2.8 6.055 10.0
2.81 6.04 10.0
2.82 6.025 10.0
2.83 6.01 10.0
2.84 5.995 10.0
2.85 5.98 10.0
2.86 5.965 10.0
2.87 5.95 10.0
2.88 5.935 10.0
2.89 5.92 10.0
2.9 5.905 10.0
2.91 5.89 10.0
2.92 5.875 10.0
2.93 5.86 10.0
2.94 5.845 10.0
2.95 5.83 10.0
2.96 5.815 10.0
2.97 5.8 10.0
2.98 5.785 10.0
2.99 5.77 10.0
3.0 5.755 10.0
3.01 5.74 10.0
3.02 5.725 10.0
3.03 5.71 10.0
3.04 5.695 10.0
3.05 5.68 10.0
3.06 5.665 10.0
3.07 5.65 10.0
3.08 5.635 10.0
3.09 5.62 10.0
3.1 5.605 10.0
3.11 5.59 10.0
3.12 5.575 10.0
3.13 5.56 10.0
3.14 5.545 10.0
3.15 5.53 10.0
3.16 5.515 10.0
3.17 5.5 10.0
3.18 5.485 10.0
3.19 5.47 10.0
3.2 5.455 10.0
3.21 5.44 10.0
3.22 5.425 10.0
3.23 5.41 10.0
3.24 5.395 10.0
3.25 5.38 10.0
3.26 5.365 10.0
3.27 5.35 10.0
3.28 5.335 10.0
3.29 5.32 10.0
3.3 5.305 10.0
3.31 5.29 10.0
3.32 5.275 10.0
3.33 5.26 10.0
3.34 5.245 10.0
3.35 5.23 10.0
3.36 5.215 10.0
3.37 5.2 10.0
3.38 5.185 10.0
3.39 5.17 10.0
3.4 5.155 10.0
3.41 5.14 10.0
3.42 5.125 10.0
3.43 5.11 10.0
3.44 5.095 10.0
3.45 5.08 10.0
3.46 5.065 10.0
3.47 5.05 10.0
3.48 5.035 10.0
3.49 5.02 10.0
3.5 5.005 10.0
3.51 4.99 10.0
3.52 4.975 10.0
3.53 4.96 10.0
3.54 4.945 10.0
3.55 4.93 10.0
3.56 4.915 10.0
3.57 4.9 10.0
3.58 4.885 10.0
3.59 4.87 10.0
3.6 4.855 10.0
3.61 4.84 10.0
3.62 4.825 10.0
3.63 4.81 10.0
3.64 4.795 10.0
3.65 4.78 10.0
3.66 4.765 10.0
3.67 4.75 10.0
3.68 4.735 10.0
3.69 4.72 10.0
3.7 4.705 10.0
3.71 4.69 10.0
3.72 4.675 10.0
3.73 4.66 10.0
3.74 4.645 10.0
3.75 4.63 10.0
3.76 4.615 10.0
3.77 4.6 10.0
3.78 4.585 10.0
3.79 4.57 10.0
3.8 4.555 10.0
3.81 4.54 10.0
3.82 4.525 10.0
3.83 4.51 10.0
3.84 4.495 10.0
3.85 4.48 10.0
3.86 4.465 10.0
3.87 4.45 10.0
3.88 4.435 10.0
3.89 4.42 10.0
3.9 4.405 10.0
3.91 4.39 10.0
3.92 4.375 10.0
3.93 4.36 10.0
3.94 4.345 10.0
3.95 4.33 10.0
3.96 4.315 10.0
3.97 4.3 10.0
3.98 4.285 10.0
3.99 4.27 10.0
4.0 4.255 10.0
4.01 4.24 10.0
4.02 4.225 10.0
4.03 4.21 10.0
4.04 4.195 10.0
4.05 4.18 10.0
4.06 4.165 10.0
4.07 4.15 10.0
4.08 4.135 10.0
4.09 4.12 10.0
4.1 4.105 10.0
4.11 4.09 10.0
4.12 4.075 10.0
4.13 4.06 10.0
4.14 4.045 10.0
4.15 4.03 10.0
4.16 4.015 10.0
4.17 4.0 10.0
4.18 3.985 10.0
4.19 3.97 10.0
4.2 3.955 10.0
4.21 3.94 10.0
4.22 3.925 10.0
4.23 3.91 10.0
4.24 3.895 10.0
4.25 3.88 10.0
4.26 3.865 10.0
4.27 3.85 10.0
4.28 3.835 10.0
4.29 3.82 10.0
4.3 3.805 10.0
4.31 3.79 10.0
4.32 3.775 10.0
4.33 3.76 10.0
4.34 3.745 10.0
4.35 3.73 10.0
4.36 3.715 10.0
4.37 3.7 10.0
4.38 3.685 10.0
4.39 3.67 10.0
4.4 3.655 10.0
4.41 3.64 10.0
4.42 3.625 10.0
4.43 3.61 10.0
4.44 3.595 10.0
4.45 3.58 10.0
4.46 3.565 10.0
4.47 3.55 10.0
4.48 3.535 10.0
4.49 3.52 10.0
4.5 3.505 10.0
4.51 3.49 10.0
4.52 3.475 10.0
4.53 3.46 10.0
4.54 3.445 10.0
4.55 3.43 10.0
4.56 3.415 10.0
4.57 3.4 10.0
4.58 3.385 10.0
4.59 3.37 10.0
4.6 3.355 10.0
4.61 3.34 10.0
4.62 3.325 10.0
4.63 3.31 10.0
4.64 3.295 10.0
4.65 3.28 10.0
4.66 3.265 10.0
4.67 3.25 10.0
4.68 3.235 10.0
4.69 3.22 10.0
4.7 3.205 10.0
4.71 3.19 10.0
4.72 3.175 10.0
4.73 3.16 10.0
4.74 3.145 10.0
4.75 3.13 10.0
4.76 3.115 10.0
4.77 3.1 10.0
4.78 3.085 10.0
4.79 3.07 10.0
4.8 3.055 10.0
4.81 3.04 10.0
4.82 3.025 10.0
4.83 3.01 10.0
4.84 2.995 10.0
4.85 2.98 10.0
4.86 2.965 10.0
4.87 2.95 10.0
4.88 2.935 10.0
4.89 2.92 10.0
4.9 2.905 10.0
4.91 2.89 10.0
4.92 2.875 10.0
4.93 2.86 10.0
4.94 2.845 10.0
4.95 2.83 10.0
4.96 2.815 10.0
4.97 2.8 10.0
4.98 2.785 10.0
4.99 2.77 10.0
5.0 2.755 10.0
5.01 2.74 10.0
5.02 2.725 10.0
5.03 2.71 10.0
5.04 2.695 10.0
5.05 2.68 10.0
5.06 2.665 10.0
5.07 2.65 10.0
5.08 2.635 10.0
5.09 2.62 10.0
5.1 2.605 10.0
5.11 2.59 10.0
5.12 2.575 10.0
5.13 2.56 10.0
5.14 2.545 10.0
5.15 2.53 10.0
5.16 2.515 10.0
5.17 2.5 10.0
5.18 2.485 10.0
5.19 2.47 10.0
5.2 2.455 10.0
5.21 2.44 10.0
5.22 2.425 10.0
5.23 2.41 10.0
5.24 2.395 10.0
5.25 2.38 10.0
5.26 2.365 10.0
5.27 2.35 10.0
5.28 2.335 10.0
5.29 2.32 10.0
5.3 2.305 10.0
5.31 2.29 10.0
5.32 2.275 10.0
5.33 2.26 10.0
5.34 2.245 10.0
5.35 2.23 10.0
5.36 2.215 10.0
5.37 2.2 10.0
5.38 2.185 10.0
5.39 2.17 10.0
5.4 2.155 10.0
5.41 2.14 10.0
5.42 2.125 10.0
5.43 2.11 10.0
5.44 2.095 10.0
5.45 2.08 10.0
5.46 2.065 10.0
5.47 2.05 10.0
5.48 2.035 10.0
5.49 2.02 10.0
5.5 2.005 10.0
5.51 1.99 10.0
5.52 1.975 10.0
5.53 1.96 10.0
5.54 1.945 10.0
5.55 1.93 10.0
5.56 1.915 10.0
5.57 1.9 10.0
5.58 1.885 10.0
5.59 1.87 10.0
5.6 1.855 10.0
5.61 1.84 10.0
5.62 1.825 10.0
5.63 1.81 10.0
5.64 1.795 10.0
5.65 1.78 10.0
5.66 1.765 10.0
5.67 1.75 10.0
5.68 1.735 10.0
5.69 1.72 10.0
5.7 1.705 10.0
5.71 1.69 10.0
5.72 1.675 10.0
5.73 1.66 10.0
5.74 1.645 10.0
5.75 1.63 10.0
5.76 1.615 10.0
5.77 1.6 10.0
5.78 1.585 10.0
5.79 1.57 10.0
5.8 1.555 10.0
5.81 1.54 10.0
5.82 1.525 10.0
5.83 1.51 10.0
5.84 1.495 10.0
5.85 1.48 10.0
5.86 1.465 10.0
5.87 1.45 10.0
5.88 1.435 10.0
5.89 1.42 10.0
5.9 1.405 10.0
5.91 1.39 10.0
5.92 1.375 10.0
5.93 1.36 10.0
5.94 1.345 10.0
5.95 1.33 10.0
5.96 1.315 10.0
5.97 1.3 10.0
5.98 1.285 10.0
5.99 1.27 10.0
6.0 1.255 10.0
6.01 1.24 10.0
6.02 1.225 10.0
6.03 1.21 10.0
6.04 1.195 10.0
6.05 1.18 10.0
6.06 1.165 10.0
6.07 1.15 10.0
6.08 1.135 10.0
6.09 1.12 10.0
6.1 1.105 10.0
6.11 1.09 10.0
6.12 1.075 10.0
6.13 1.06 10.0
6.14 1.045 10.0
6.15 1.03 10.0
6.16 1.015 10.0
6.17 1.0 10.0
6.18 0.985 10.0
6.19 0.97 10.0
6.2 0.955 10.0
6.21 0.94 10.0
6.22 0.925 10.0
6.23 0.91 10.0
6.24 0.895 10.0
6.25 0.88 10.0
6.26 0.865 10.0
6.27 0.85 10.0
6.28 0.835 10.0
6.29 0.82 10.0
6.3 0.805 10.0
6.31 0.79 10.0
6.32 0.775 10.0
6.33 0.76 10.0
6.34 0.745 10.0
6.35 0.73 10.0
6.36 0.715 10.0
6.37 0.7 10.0
6.38 0.685 10.0
6.39 0.67 10.0
6.4 0.655 10.0
6.41 0.64 10.0
6.42 0.625 10.0
6.43 0.61 10.0
6.44 0.595 10.0
6.45 0.58 10.0
6.46 0.565 10.0
6.47 0.55 10.0
6.48 0.535 10.0
6.49 0.52 10.0
6.5 0.505 10.0
6.51 0.49 10.0
6.52 0.475 10.0
6.53 0.46 10.0
6.54 0.445 10.0
6.55 0.43 10.0
6.56 0.415 10.0
6.57 0.4 10.0
6.58 0.385 10.0
6.59 0.37 10.0
6.6 0.355 10.0
6.61 0.34 10.0
6.62 0.325 10.0
6.63 0.31 10.0
6.64 0.295 10.0
6.65 0.28 10.0
6.66 0.265 10.0
6.67 0.25 10.0
6.68 0.235 10.0
6.69 0.22 10.0
6.7 0.205 10.0
6.71 0.19 10.0
6.72 0.175 10.0
6.73 0.16 10.0
6.74 0.145 10.0
6.75 0.13 10.0
6.76 0.115 10.0
6.77 0.1 10.0
6.78 0.085 10.0
6.79 0.07 10.0
6.8 0.055 10.0
6.81 0.04 10.0
6.82 0.025 10.0
6.83 0.01 10.0
6.84 -0.005 10.0
6.85 -0.005 9.985
6.86 -0.005 9.97
6.87 -0.005 9.955
6.88 -0.005 9.94
6.89 -0.005 9.925
6.9 -0.005 9.91
6.91 -0.005 9.895
6.92 -0.005 9.88
6.93 -0.005 9.865
6.94 -0.005 9.85
6.95 -0.005 9.835
6.96 -0.005 9.82
6.97 -0.005 9.805
6.98 -0.005 9.79
6.99 -0.005 9.775
7.0 -0.005 9.76
7.01 -0.005 9.745
7.02 -0.005 9.73
7.03 -0.005 9.715
7.04 -0.005 9.7
7.05 -0.005 9.685
7.06 -0.005 9.67
7.07 -0.005 9.655
7.08 -0.005 9.64
7.09 -0.005 9.625
7.1 -0.005 9.61
7.11 -0.005 9.595
7.12 -0.005 9.58
7.13 -0.005 9.565
7.14 -0.005 9.55
7.15 -0.005 9.535
7.16 -0.005 9.52
7.17 -0.005 9.505
7.18 -0.005 9.49
7.19 -0.005 9.475
7.2 -0.005 9.46
7.21 -0.005 9.445
7.22 -0.005 9.43
7.23 -0.005 9.415
7.24 -0.005 9.4
7.25 -0.005 9.385
7.26 -0.005 9.37
7.27 -0.005 9.355
7.28 -0.005 9.34
7.29 -0.005 9.325
7.3 -0.005 9.31
7.31 -0.005 9.295
7.32 -0.005 9.28
7.33 -0.005 9.265
7.34 -0.005 9.25
7.35 -0.005 9.235
7.36 -0.005 9.22
7.37 -0.005 9.205
7.38 -0.005 9.19
7.39 -0.005 9.175
7.4 -0.005 9.16
7.41 -0.005 9.145
7.42 -0.005 9.13
7.43 -0.005 9.115
7.44 -0.005 9.1
7.45 -0.005 9.085
7.46 -0.005 9.07
7.47 -0.005 9.055
7.48 -0.005 9.04
7.49 -0.005 9.025
7.5 -0.005 9.01
7.51 -0.005 8.995
7.52 -0.005 8.98
7.53 -0.005 8.965
7.54 -0.005 8.95
7.55 -0.005 8.935
7.56 -0.005 8.92
7.57 -0.005 8.905
7.58 -0.005 8.89
7.59 -0.005 8.875
7.6 -0.005 8.86
7.61 -0.005 8.845
7.62 -0.005 8.83
7.63 -0.005 8.815
7.64 -0.005 8.8
7.65 -0.005 8.785
7.66 -0.005 8.77
7.67 -0.005 8.755
7.68 -0.005 8.74
7.69 -0.005 8.725
7.7 -0.005 8.71
7.71 -0.005 8.695
7.72 -0.005 8.68
7.73 -0.005 8.665
7.74 -0.005 8.65
7.75 -0.005 8.635
7.76 -0.005 8.62
7.77 -0.005 8.605
7.78 -0.005 8.59
7.79 -0.005 8.575
7.8 -0.005 8.56
7.81 -0.005 8.545
7.82 -0.005 8.53
7.83 -0.005 8.515
7.84 -0.005 8.5
7.85 -0.005 8.485
7.86 -0.005 8.47
7.87 -0.005 8.455
7.88 -0.005 8.44
7.89 -0.005 8.425
7.9 -0.005 8.41
7.91 -0.005 8.395
7.92 -0.005 8.38
7.93 -0.005 8.365
7.94 -0.005 8.35
7.95 -0.005 8.335
7.96 -0.005 8.32
7.97 -0.005 8.305
7.98 -0.005 8.29
7.99 -0.005 8.275
8.0 -0.005 8.26
8.01 -0.005 8.245
8.02 -0.005 8.23
8.03 -0.005 8.215
8.04 -0.005 8.2
8.05 -0.005 8.185
8.06 -0.005 8.17
8.07 -0.005 8.155
8.08 -0.005 8.14
8.09 -0.005 8.125
8.1 -0.005 8.11
8.11 -0.005 8.095
8.12 -0.005 8.08
8.13 -0.005 8.065
8.14 -0.005 8.05
8.15 -0.005 8.035
8.16 -0.005 8.02
8.17 -0.005 8.005
8.18 -0.005 7.99
8.19 -0.005 7.975
8.2 -0.005 7.96
8.21 -0.005 7.945
8.22 -0.005 7.93
8.23 -0.005 7.915
8.24 -0.005 7.9
8.25 -0.005 7.885
8.26 -0.005 7.87
8.27 -0.005 7.855
8.28 -0.005 7.84
8.29 -0.005 7.825
8.3 -0.005 7.81
8.31 -0.005 7.795
8.32 -0.005 7.78
8.33 -0.005 7.765
8.34 -0.005 7.75
8.35 -0.005 7.735
8.36 -0.005 7.72
8.37 -0.005 7.705
8.38 -0.005 7.69
8.39 -0.005 7.675
8.4 -0.005 7.66
8.41 -0.005 7.645
8.42 -0.005 7.63
8.43 -0.005 7.615
8.44 -0.005 7.6
8.45 -0.005 7.585
8.46 -0.005 7.57
8.47 -0.005 7.555
8.48 -0.005 7.54
8.49 -0.005 7.525
8.5 -0.005 7.51
8.51 -0.005 7.495
8.52 -0.005 7.48
8.53 -0.005 7.465
8.54 -0.005 7.45
8.55 -0.005 7.435
8.56 -0.005 7.42
8.57 -0.005 7.405
8.58 -0.005 7.39
8.59 -0.005 7.375
8.6 -0.005 7.36
8.61 -0.005 7.345
8.62 -0.005 7.33
8.63 -0.005 7.315
8.64 -0.005 7.3
8.65 -0.005 7.285
8.66 -0.005 7.27
8.67 -0.005 7.255
8.68 -0.005 7.24
8.69 -0.005 7.225
8.7 -0.005 7.21
8.71 -0.005 7.195
8.72 -0.005 7.18
8.73 -0.005 7.165
8.74 -0.005 7.15
8.75 -0.005 7.135
8.76 -0.005 7.12
8.77 -0.005 7.105
8.78 -0.005 7.09
8.79 -0.005 7.075
8.8 -0.005 7.06
8.81 -0.005 7.045
8.82 -0.005 7.03
8.83 -0.005 7.015
8.84 -0.005 7.0
8.85 -0.005 6.985
8.86 -0.005 6.97
8.87 -0.005 6.955
8.88 -0.005 6.94
8.89 -0.005 6.925
8.9 -0.005 6.91
8.91 -0.005 6.895
8.92 -0.005 6.88
8.93 -0.005 6.865
8.94 -0.005 6.85
8.95 -0.005 6.835
8.96 -0.005 6.82
8.97 -0.005 6.805
8.98 -0.005 6.79
8.99 -0.005 6.775
9.0 -0.005 6.76
9.01 -0.005 6.745
9.02 -0.005 6.73
9.03 -0.005 6.715
9.04 -0.005 6.7
9.05 -0.005 6.685
9.06 -0.005 6.67
9.07 -0.005 6.655
9.08 -0.005 6.64
9.09 -0.005 6.625
9.1 -0.005 6.61
9.11 -0.005 6.595
9.12 -0.005 6.58
9.13 -0.005 6.565
9.14 -0.005 6.55
9.15 -0.005 6.535
9.16 -0.005 6.52
9.17 -0.005 6.505
9.18 -0.005 6.49
9.19 -0.005 6.475
9.2 -0.005 6.46
9.21 -0.005 6.445
9.22 -0.005 6.43
9.23 -0.005 6.415
9.24 -0.005 6.4
9.25 -0.005 6.385
9.26 -0.005 6.37
9.27 -0.005 6.355
9.28 -0.005 6.34
9.29 -0.005 6.325
9.3 -0.005 6.31
9.31 -0.005 6.295
9.32 -0.005 6.28
9.33 -0.005 6.265
9.34 -0.005 6.25
9.35 -0.005 6.235
9.36 -0.005 6.22
9.37 -0.005 6.205
9.38 -0.005 6.19
9.39 -0.005 6.175
9.4 -0.005 6.16
9.41 -0.005 6.145
9.42 -0.005 6.13
9.43 -0.005 6.115
9.44 -0.005 6.1
9.45 -0.005 6.085
9.46 -0.005 6.07
9.47 -0.005 6.055
9.48 -0.005 6.04
9.49 -0.005 6.025
9.5 -0.005 6.01
9.51 -0.005 5.995
9.52 -0.005 5.98
9.53 -0.005 5.965
9.54 -0.005 5.95
9.55 -0.005 5.935
9.56 -0.005 5.92
9.57 -0.005 5.905
9.58 -0.005 5.89
9.59 -0.005 5.875
9.6 -0.005 5.86
9.61 -0.005 5.845
9.62 -0.005 5.83
9.63 -0.005 5.815
9.64 -0.005 5.8
9.65 -0.005 5.785
9.66 -0.005 5.77
9.67 -0.005 5.755
9.68 -0.005 5.74
9.69 -0.005 5.725
9.7 -0.005 5.71
9.71 -0.005 5.695
9.72 -0.005 5.68
9.73 -0.005 5.665
9.74 -0.005 5.65
9.75 -0.005 5.635
9.76 -0.005 5.62
9.77 -0.005 5.605
9.78 -0.005 5.59
9.79 -0.005 5.575
9.8 -0.005 5.56
9.81 -0.005 5.545
9.82 -0.005 5.53
9.83 -0.005 5.515
9.84 -0.005 5.5
9.85 -0.005 5.485
9.86 -0.005 5.47
9.87 -0.005 5.455
9.88 -0.005 5.44
9.89 -0.005 5.425
9.9 -0.005 5.41
9.91 -0.005 5.395
9.92 -0.005 5.38
9.93 -0.005 5.365
9.94 -0.005 5.35
9.95 -0.005 5.335
9.96 -0.005 5.32
9.97 -0.005 5.305
9.98 -0.005 5.29
9.99 -0.005 5.275
10.0 -0.005 5.26
10.01 -0.005 5.245
10.02 -0.005 5.23
10.03 -0.005 5.215
10.04 -0.005 5.2
10.05 -0.005 5.185
10.06 -0.005 5.17
10.07 -0.005 5.155
10.08 -0.005 5.14
10.09 -0.005 5.125
10.1 -0.005 5.11
10.11 -0.005 5.095
10.12 -0.005 5.08
10.13 -0.005 5.065
10.14 -0.005 5.05
10.15 -0.005 5.035
10.16 -0.005 5.02
10.17 -0.005 5.005
10.18 -0.005 4.99
10.19 -0.005 4.975
10.2 -0.005 4.96
10.21 -0.005 4.945
10.22 -0.005 4.93
10.23 -0.005 4.915
10.24 -0.005 4.9
10.25 -0.005 4.885
10.26 -0.005 4.87
10.27 -0.005 4.855
10.28 -0.005 4.84
10.29 -0.005 4.825
10.3 -0.005 4.81
10.31 -0.005 4.795
10.32 -0.005 4.78
10.33 -0.005 4.765
10.34 -0.005 4.75
10.35 -0.005 4.735
10.36 -0.005 4.72
10.37 -0.005 4.705
10.38 -0.005 4.69
10.39 -0.005 4.675
10.4 -0.005 4.66
10.41 -0.005 4.645
10.42 -0.005 4.63
10.43 -0.005 4.615
10.44 -0.005 4.6
10.45 -0.005 4.585
10.46 -0.005 4.57
10.47 -0.005 4.555
10.48 -0.005 4.54
10.49 -0.005 4.525
10.5 -0.005 4.51
10.51 -0.005 4.495
10.52 -0.005 4.48
10.53 -0.005 4.465
10.54 -0.005 4.45
10.55 -0.005 4.435
10.56 -0.005 4.42
10.57 -0.005 4.405
10.58 -0.005 4.39
10.59 -0.005 4.375
10.6 -0.005 4.36
10.61 -0.005 4.345
10.62 -0.005 4.33
10.63 -0.005 4.315
10.64 -0.005 4.3
10.65 -0.005 4.285
10.66 -0.005 4.27
10.67 -0.005 4.255
10.68 -0.005 4.24
10.69 -0.005 4.225
10.7 -0.005 4.21
10.71 -0.005 4.195
10.72 -0.005 4.18
10.73 -0.005 4.165
10.74 -0.005 4.15
10.75 -0.005 4.135
10.76 -0.005 4.12
10.77 -0.005 4.105
10.78 -0.005 4.09
10.79 -0.005 4.075
10.8 -0.005 4.06
10.81 -0.005 4.045
10.82 -0.005 4.03
10.83 -0.005 4.015
10.84 -0.005 4.0
10.85 -0.005 3.985
10.86 -0.005 3.97
10.87 -0.005 3.955
10.88 -0.005 3.94
10.89 -0.005 3.925
10.9 -0.005 3.91
10.91 -0.005 3.895
10.92 -0.005 3.88
10.93 -0.005 3.865
10.94 -0.005 3.85
10.95 -0.005 3.835
10.96 -0.005 3.82
10.97 -0.005 3.805
10.98 -0.005 3.79
10.99 -0.005 3.775
11.0 -0.005 3.76
11.01 -0.005 3.745
11.02 -0.005 3.73
11.03 -0.005 3.715
11.04 -0.005 3.7
11.05 -0.005 3.685
11.06 -0.005 3.67
11.07 -0.005 3.655
11.08 -0.005 3.64
11.09 -0.005 3.625
11.1 -0.005 3.61
11.11 -0.005 3.595
11.12 -0.005 3.58
11.13 -0.005 3.565
11.14 -0.005 3.55
11.15 -0.005 3.535
11.16 -0.005 3.52
11.17 -0.005 3.505
11.18 -0.005 3.49
11.19 -0.005 3.475
11.2 -0.005 3.46
11.21 -0.005 3.445
11.22 -0.005 3.43
11.23 -0.005 3.415
11.24 -0.005 3.4
11.25 -0.005 3.385
11.26 -0.005 3.37
11.27 -0.005 3.355
11.28 -0.005 3.34
11.29 -0.005 3.325
11.3 -0.005 3.31
11.31 -0.005 3.295
11.32 -0.005 3.28
11.33 -0.005 3.265
11.34 -0.005 3.25
11.35 -0.005 3.235
11.36 -0.005 3.22
11.37 -0.005 3.205
11.38 -0.005 3.19
11.39 -0.005 3.175
11.4 -0.005 3.16
11.41 -0.005 3.145
11.42 -0.005 3.13
11.43 -0.005 3.115
11.44 -0.005 3.1
11.45 -0.005 3.085
11.46 -0.005 3.07
11.47 -0.005 3.055
11.48 -0.005 3.04
11.49 -0.005 3.025
11.5 -0.005 3.01
11.51 -0.005 2.995
11.52 -0.005 2.98
11.53 -0.005 2.965
11.54 -0.005 2.95
11.55 -0.005 2.935
11.56 -0.005 2.92
11.57 -0.005 2.905
11.58 -0.005 2.89
11.59 -0.005 2.875
11.6 -0.005 2.86
11.61 -0.005 2.845
11.62 -0.005 2.83
11.63 -0.005 2.815
11.64 -0.005 2.8
11.65 -0.005 2.785
11.66 -0.005 2.77
11.67 -0.005 2.755
11.68 -0.005 2.74
11.69 -0.005 2.725
11.7 -0.005 2.71
11.71 -0.005 2.695
11.72 -0.005 2.68
11.73 -0.005 2.665
11.74 -0.005 2.65
11.75 -0.005 2.635
11.76 -0.005 2.62
11.77 -0.005 2.605
11.78 -0.005 2.59
11.79 -0.005 2.575
11.8 -0.005 2.56
11.81 -0.005 2.545
11.82 -0.005 2.53
11.83 -0.005 2.515
11.84 -0.005 2.5
11.85 -0.005 2.485
11.86 -0.005 2.47
11.87 -0.005 2.455
11.88 -0.005 2.44
11.89 -0.005 2.425
11.9 -0.005 2.41
11.91 -0.005 2.395
11.92 -0.005 2.38
11.93 -0.005 2.365
11.94 -0.005 2.35
11.95 -0.005 2.335
11.96 -0.005 2.32
11.97 -0.005 2.305
11.98 -0.005 2.29
11.99 -0.005 2.275
12.0 -0.005 2.26
12.01 -0.005 2.245
12.02 -0.005 2.23
12.03 -0.005 2.215
12.04 -0.005 2.2
12.05 -0.005 2.185
12.06 -0.005 2.17
12.07 -0.005 2.155
12.08 -0.005 2.14
12.09 -0.005 2.125
12.1 -0.005 2.11
12.11 -0.005 2.095
12.12 -0.005 2.08
12.13 -0.005 2.065
12.14 -0.005 2.05
12.15 -0.005 2.035
12.16 -0.005 2.02
12.17 -0.005 2.005
12.18 -0.005 1.99
12.19 -0.005 1.975
12.2 -0.005 1.96
12.21 -0.005 1.945
12.22 -0.005 1.93
12.23 -0.005 1.915
12.24 -0.005 1.9
12.25 -0.005 1.885
12.26 -0.005 1.87
12.27 -0.005 1.855
12.28 -0.005 1.84
12.29 -0.005 1.825
12.3 -0.005 1.81
12.31 -0.005 1.795
12.32 -0.005 1.78
12.33 -0.005 1.765
12.34 -0.005 1.75
12.35 -0.005 1.735
12.36 -0.005 1.72
12.37 -0.005 1.705
12.38 -0.005 1.69
12.39 -0.005 1.675
12.4 -0.005 1.66
12.41 -0.005 1.645
12.42 -0.005 1.63
12.43 -0.005 1.615
12.44 -0.005 1.6
12.45 -0.005 1.585
12.46 -0.005 1.57
12.47 -0.005 1.555
12.48 -0.005 1.54
12.49 -0.005 1.525
12.5 -0.005 1.51
12.51 -0.005 1.495
12.52 -0.005 1.48
12.53 -0.005 1.465
12.54 -0.005 1.45
12.55 -0.005 1.435
12.56 -0.005 1.42
12.57 -0.005 1.405
12.58 -0.005 1.39
12.59 -0.005 1.375
12.6 -0.005 1.36
12.61 -0.005 1.345
12.62 -0.005 1.33
12.63 -0.005 1.315
12.64 -0.005 1.3
12.65 -0.005 1.285
12.66 -0.005 1.27
12.67 -0.005 1.255
12.68 -0.005 1.24
12.69 -0.005 1.225
12.7 -0.005 1.21
12.71 -0.005 1.195
12.72 -0.005 1.18
12.73 -0.005 1.165
12.74 -0.005 1.15
12.75 -0.005 1.135
12.76 -0.005 1.12
12.77 -0.005 1.105
12.78 -0.005 1.09
12.79 -0.005 1.075
12.8 -0.005 1.06
12.81 -0.005 1.045
12.82 -0.005 1.03
12.83 -0.005 1.015
12.84 -0.005 1.0
12.85 -0.005 0.985
12.86 -0.005 0.97
12.87 -0.005 0.955
12.88 -0.005 0.94
12.89 -0.005 0.925
12.9 -0.005 0.91
12.91 -0.005 0.895
12.92 -0.005 0.88
12.93 -0.005 0.865
12.94 -0.005 0.85
12.95 -0.005 0.835
12.96 -0.005 0.82
12.97 -0.005 0.805
12.98 -0.005 0.79
12.99 -0.005 0.775
13.0 -0.005 0.76
13.01 -0.005 0.745
13.02 -0.005 0.73
13.03 -0.005 0.715
13.04 -0.005 0.7
13.05 -0.005 0.685
13.06 -0.005 0.67
13.07 -0.005 0.655
13.08 -0.005 0.64
13.09 -0.005 0.625
13.1 -0.005 0.61
13.11 -0.005 0.595
13.12 -0.005 0.58
13.13 -0.005 0.565
13.14 -0.005 0.55
13.15 -0.005 0.535
13.16 -0.005 0.52
13.17 -0.005 0.505
13.18 -0.005 0.49
13.19 -0.005 0.475
13.2 -0.005 0.46
13.21 -0.005 0.445
13.22 -0.005 0.43
13.23 -0.005 0.415
13.24 -0.005 0.4
13.25 -0.005 0.385
13.26 -0.005 0.37
13.27 -0.005 0.355
13.28 -0.005 0.34
13.29 -0.005 0.325
13.3 -0.005 0.31
13.31 -0.005 0.295
13.32 -0.005 0.28
13.33 -0.005 0.265
13.34 -0.005 0.25
13.35 -0.005 0.235
13.36 -0.005 0.22
13.37 -0.005 0.205
13.38 -0.005 0.19
13.39 -0.005 0.175
13.4 -0.005 0.16
13.41 -0.005 0.145
13.42 -0.005 0.13
13.43 -0.005 0.115
13.44 -0.005 0.1
13.45 -0.005 0.085
13.46 -0.005 0.07
13.47 -0.005 0.055
13.48 -0.005 0.04
13.49 -0.005 0.025
13.5 -0.005 0.01
13.51 -0.005 -0.005
13.52 0.0084 0.0017
13.53 0.0218 0.0084
13.54 0.0352 0.0151
13.55 0.0486 0.0218
13.56 0.062 0.0285
13.57 0.0754 0.0352
13.58 0.0888 0.0419
13.59 0.1022 0.0486
13.6 0.1156 0.0553
13.61 0.129 0.062
13.62 0.1424 0.0687
13.63 0.1558 0.0754
13.64 0.1692 0.0821
13.65 0.1826 0.0888
13.66 0.196 0.0955
13.67 0.2094 0.1022
13.68 0.2228 0.1089
13.69 0.2362 0.1156
13.7 0.2496 0.1223
13.71 0.263 0.129
13.72 0.2764 0.1357
13.73 0.2898 0.1424
13.74 0.3032 0.1491
13.75 0.3166 0.1558
13.76 0.33 0.1625
13.77 0.3434 0.1692
13.78 0.3568 0.1759
13.79 0.3702 0.1826
13.8 0.3836 0.1893
13.81 0.397 0.196
13.82 0.4104 0.2027
13.83 0.4238 0.2094
13.84 0.4372 0.2161
13.85 0.4506 0.2228
13.86 0.464 0.2295
13.87 0.4774 0.2362
13.88 0.4908 0.2429
13.89 0.5042 0.2496
13.9 0.5176 0.2563
13.91 0.531 0.263
13.92 0.5444 0.2697
13.93 0.5578 0.2764
13.94 0.5712 0.2831
13.95 0.5846 0.2898
13.96 0.598 0.2965
13.97 0.6114 0.3032
13.98 0.6248 0.3099
13.99 0.6382 0.3166
14.0 0.6516 0.3233
14.01 0.665 0.33
14.02 0.6784 0.3367
14.03 0.6918 0.3434
14.04 0.7052 0.3501
14.05 0.7186 0.3568
14.06 0.732 0.3635
14.07 0.7454 0.3702
14.08 0.7588 0.3769
14.09 0.7722 0.3836
14.1 0.7856 0.3903
14.11 0.799 0.397
14.12 0.8124 0.4037
14.13 0.8258 0.4104
14.14 0.8392 0.4171
14.15 0.8526 0.4238
14.16 0.866 0.4305
14.17 0.8794 0.4372
14.18 0.8928 0.4439
14.19 0.9062 0.4506
14.2 0.9196 0.4573
14.21 0.933 0.464
14.22 0.9464 0.4707
14.23 0.9598 0.4774
14.24 0.9732 0.4841
14.25 0.9866 0.4908
14.26 1.0 0.4975
14.27 1.0134 0.5042
14.28 1.0268 0.5109
14.29 1.0402 0.5176
14.3 1.0536 0.5243
14.31 1.067 0.531
14.32 1.0804 0.5377
14.33 1.0938 0.5444
14.34 1.1072 0.5511
14.35 1.1206 0.5578
14.36 1.134 0.5645
14.37 1.1474 0.5712
14.38 1.1608 0.5779
14.39 1.1742 0.5846
14.4 1.1876 0.5913
14.41 1.201 0.598
14.42 1.2144 0.6047
14.43 1.2278 0.6114
14.44 1.2412 0.6181
14.45 1.2546 0.6248
14.46 1.268 0.6315
14.47 1.2814 0.6382
14.48 1.2948 0.6449
14.49 1.3082 0.6516
14.5 1.3216 0.6583
14.51 1.335 0.665
14.52 1.3484 0.6717
14.53 1.3618 0.6784
14.54 1.3752 0.6851
14.55 1.3886 0.6918
14.56 1.402 0.6985
14.57 1.4154 0.7052
14.58 1.4288 0.7119
14.59 1.4422 0.7186
14.6 1.4556 0.7253
14.61 1.469 0.732
14.62 1.4824 0.7387
14.63 1.4958 0.7454
14.64 1.5092 0.7521
14.65 1.5226 0.7588
14.66 1.536 0.7655
14.67 1.5494 0.7722
14.68 1.5628 0.7789
14.69 1.5762 0.7856
14.7 1.5896 0.7923
14.71 1.603 0.799
14.72 1.6164 0.8057
14.73 1.6298 0.8124
14.74 1.6432 0.8191
14.75 1.6566 0.8258
14.76 1.67 0.8325
14.77 1.6834 0.8392
14.78 1.6968 0.8459
14.79 1.7102 0.8526
14.8 1.7236 0.8593
14.81 1.737 0.866
14.82 1.7504 0.8727
14.83 1.7638 0.8794
14.84 1.7772 0.8861
14.85 1.7906 0.8928
14.86 1.804 0.8995
14.87 1.8174 0.9062
14.88 1.8308 0.9129
14.89 1.8442 0.9196
14.9 1.8576 0.9263
14.91 1.871 0.933
14.92 1.8844 0.9397
14.93 1.8978 0.9464
14.94 1.9112 0.9531
14.95 1.9246 0.9598
14.96 1.938 0.9665
14.97 1.9514 0.9732
14.98 1.9648 0.9799
14.99 1.9782 0.9866
15.0 1.9916 0.9933
15.01 2.005 1.0
15.02 2.0184 1.0067
15.03 2.0318 1.0134
15.04 2.0452 1.0201
15.05 2.0586 1.0268
15.06 2.072 1.0335
15.07 2.0854 1.0402
15.08 2.0988 1.0469
15.09 2.1122 1.0536
15.1 2.1256 1.0603
15.11 2.139 1.067
15.12 2.1524 1.0737
15.13 2.1658 1.0804
15.14 2.1792 1.0871
15.15 2.1926 1.0938
15.16 2.206 1.1005
15.17 2.2194 1.1072
15.18 2.2328 1.1139
15.19 2.2462 1.1206
15.2 2.2596 1.1273
15.21 2.273 1.134
15.22 2.2864 1.1407
15.23 2.2998 1.1474
15.24 2.3132 1.1541
15.25 2.3266 1.1608
15.26 2.34 1.1675
15.27 2.3534 1.1742
15.28 2.3668 1.1809
15.29 2.3802 1.1876
15.3 2.3936 1.1943
15.31 2.407 1.201
15.32 2.4204 1.2077
15.33 2.4338 1.2144
15.34 2.4472 1.2211
15.35 2.4606 1.2278
15.36 2.474 1.2345
15.37 2.4874 1.2412
15.38 2.5008 1.2479
15.39 2.5142 1.2546
15.4 2.5276 1.2613
15.41 2.541 1.268
15.42 2.5544 1.2747
15.43 2.5678 1.2814
15.44 2.5812 1.2881
15.45 2.5946 1.2948
15.46 2.608 1.3015
15.47 2.6214 1.3082
15.48 2.6348 1.3149
15.49 2.6482 1.3216
15.5 2.6616 1.3283
15.51 2.675 1.335
15.52 2.6884 1.3417
15.53 2.7018 1.3484
15.54 2.7152 1.3551
15.55 2.7286 1.3618
15.56 2.742 1.3685
15.57 2.7554 1.3752
15.58 2.7688 1.3819
15.59 2.7822 1.3886
15.6 2.7956 1.3953
15.61 2.809 1.402
15.62 2.8224 1.4087
15.63 2.8358 1.4154
15.64 2.8492 1.4221
15.65 2.8626 1.4288
15.66 2.876 1.4355
15.67 2.8894 1.4422
15.68 2.9028 1.4489
15.69 2.9162 1.4556
15.7 2.9296 1.4623
15.71 2.943 1.469
15.72 2.9564 1.4757
15.73 2.9698 1.4824
15.74 2.9832 1.4891
15.75 2.9966 1.4958
15.76 3.01 1.5025
15.77 3.0234 1.5092
15.78 3.0368 1.5159
15.79 3.0502 1.5226
15.8 3.0636 1.5293
15.81 3.077 1.536
15.82 3.0904 1.5427
15.83 3.1038 1.5494
15.84 3.1172 1.5561
15.85 3.1306 1.5628
15.86 3.144 1.5695
15.87 3.1574 1.5762
15.88 3.1708 1.5829
15.89 3.1842 1.5896
15.9 3.1976 1.5963
15.91 3.211 1.603
15.92 3.2244 1.6097
15.93 3.2378 1.6164
15.94 3.2512 1.6231
15.95 3.2646 1.6298
15.96 3.278 1.6365
15.97 3.2914 1.6432
15.98 3.3048 1.6499
15.99 3.3182 1.6566
16.0 3.3316 1.6633
16.01 3.345 1.67
16.02 3.3584 1.6767
16.03 3.3718 1.6834
16.04 3.3852 1.6901
16.05 3.3986 1.6968
16.06 3.412 1.7035
16.07 3.4254 1.7102
16.08 3.4388 1.7169
16.09 3.4522 1.7236
16.1 3.4656 1.7303
16.11 3.479 1.737
16.12 3.4924 1.7437
16.13 3.5058 1.7504
16.14 3.5192 1.7571
16.15 3.5326 1.7638
16.16 3.546 1.7705
16.17 3.5594 1.7772
16.18 3.5728 1.7839
16.19 3.5862 1.7906
16.2 3.5996 1.7973
16.21 3.613 1.804
16.22 3.6264 1.8107
16.23 3.6398 1.8174
16.24 3.6532 1.8241
16.25 3.6666 1.8308
16.26 3.68 1.8375
16.27 3.6934 1.8442
16.28 3.7068 1.8509
16.29 3.7202 1.8576
16.3 3.7336 1.8643
16.31 3.747 1.871
16.32 3.7604 1.8777
16.33 3.7738 1.8844
16.34 3.7872 1.8911
16.35 3.8006 1.8978
16.36 3.814 1.9045
16.37 3.8274 1.9112
16.38 3.8408 1.9179
16.39 3.8542 1.9246
16.4 3.8676 1.9313
16.41 3.881 1.938
16.42 3.8944 1.9447
16.43 3.9078 1.9514
16.44 3.9212 1.9581
16.45 3.9346 1.9648
16.46 3.948 1.9715
16.47 3.9614 1.9782
16.48 3.9748 1.9849
16.49 3.9882 1.9916
16.5 4.0016 1.9983
16.51 4.015 2.005
16.52 4.0284 2.0117
16.53 4.0418 2.0184
16.54 4.0552 2.0251
16.55 4.0686 2.0318
16.56 4.082 2.0385
16.57 4.0954 2.0452
16.58 4.1088 2.0519
16.59 4.1222 2.0586
16.6 4.1356 2.0653
16.61 4.149 2.072
16.62 4.1624 2.0787
16.63 4.1758 2.0854
16.64 4.1892 2.0921
16.65 4.2026 2.0988
16.66 4.216 2.1055
16.67 4.2294 2.1122
16.68 4.2428 2.1189
16.69 4.2562 2.1256
16.7 4.2696 2.1323
16.71 4.283 2.139
16.72 4.2964 2.1457
16.73 4.3098 2.1524
16.74 4.3232 2.1591
16.75 4.3366 2.1658
16.76 4.35 2.1725
16.77 4.3634 2.1792
16.78 4.3768 2.1859
16.79 4.3902 2.1926
16.8 4.4036 2.1993
16.81 4.417 2.206
16.82 4.4304 2.2127
16.83 4.4438 2.2194
16.84 4.4572 2.2261
16.85 4.4706 2.2328
16.86 4.484 2.2395
16.87 4.4974 2.2462
16.88 4.5108 2.2529
16.89 4.5242 2.2596
16.9 4.5376 2.2663
16.91 4.551 2.273
16.92 4.5644 2.2797
16.93 4.5778 2.2864
16.94 4.5912 2.2931
16.95 4.6046 2.2998
16.96 4.618 2.3065
16.97 4.6314 2.3132
16.98 4.6448 2.3199
16.99 4.6582 2.3266
17.0 4.6716 2.3333
17.01 4.685 2.34
17.02 4.6984 2.3467
17.03 4.7118 2.3534
17.04 4.7252 2.3601
17.05 4.7386 2.3668
17.06 4.752 2.3735
17.07 4.7654 2.3802
17.08 4.7788 2.3869
17.09 4.7922 2.3936
17.1 4.8056 2.4003
17.11 4.819 2.407
17.12 4.8324 2.4137
17.13 4.8458 2.4204
17.14 4.8592 2.4271
17.15 4.8726 2.4338
17.16 4.886 2.4405
17.17 4.8994 2.4472
17.18 4.9128 2.4539
17.19 4.9262 2.4606
17.2 4.9396 2.4673
17.21 4.953 2.474
17.22 4.9664 2.4807
17.23 4.9798 2.4874
17.24 4.9932 2.4941
17.25 5.0066 2.5008
17.26 5.02 2.5075
17.27 5.0334 2.5142
17.28 5.0468 2.5209
17.29 5.0602 2.5276
17.3 5.0736 2.5343
17.31 5.087 2.541
17.32 5.1004 2.5477
17.33 5.1138 2.5544
17.34 5.1272 2.5611
17.35 5.1406 2.5678
17.36 5.154 2.5745
17.37 5.1674 2.5812
17.38 5.1808 2.5879
17.39 5.1942 2.5946
17.4 5.2076 2.6013
17.41 5.221 2.608
17.42 5.2344 2.6147
17.43 5.2478 2.6214
17.44 5.2612 2.6281
17.45 5.2746 2.6348
17.46 5.288 2.6415
17.47 5.3014 2.6482
17.48 5.3148 2.6549
17.49 5.3282 2.6616
17.5 5.3416 2.6683
17.51 5.355 2.675
17.52 5.3684 2.6817
17.53 5.3818 2.6884
17.54 5.3952 2.6951
17.55 5.4086 2.7018
17.56 5.422 2.7085
17.57 5.4354 2.7152
17.58 5.4488 2.7219
17.59 5.4622 2.7286
17.6 5.4756 2.7353
17.61 5.489 2.742
17.62 5.5024 2.7487
17.63 5.5158 2.7554
17.64 5.5292 2.7621
17.65 5.5426 2.7688
17.66 5.556 2.7755
17.67 5.5694 2.7822
17.68 5.5828 2.7889
17.69 5.5962 2.7956
17.7 5.6096 2.8023
17.71 5.623 2.809
17.72 5.6364 2.8157
17.73 5.6498 2.8224
17.74 5.6632 2.8291
17.75 5.6766 2.8358
17.76 5.69 2.8425
17.77 5.7034 2.8492
17.78 5.7168 2.8559
17.79 5.7302 2.8626
17.8 5.7436 2.8693
17.81 5.757 2.876
17.82 5.7704 2.8827
17.83 5.7838 2.8894
17.84 5.7972 2.8961
17.85 5.8106 2.9028
17.86 5.824 2.9095
17.87 5.8374 2.9162
17.88 5.8508 2.9229
17.89 5.8642 2.9296
17.9 5.8776 2.9363
17.91 5.891 2.943
17.92 5.9044 2.9497
17.93 5.9178 2.9564
17.94 5.9312 2.9631
17.95 5.9446 2.9698
17.96 5.958 2.9765
17.97 5.9714 2.9832
17.98 5.9848 2.9899
17.99 5.9982 2.9966
18.0 6.0116 3.0033
18.01 6.025 3.01
18.02 6.0384 3.0167
18.03 6.0518 3.0234
18.04 6.0652 3.0301
18.05 6.0786 3.0368
18.06 6.092 3.0435
18.07 6.1054 3.0502
18.08 6.1188 3.0569
18.09 6.1322 3.0636
18.1 6.1456 3.0703
18.11 6.159 3.077
18.12 6.1724 3.0837
18.13 6.1858 3.0904
18.14 6.1992 3.0971
18.15 6.2126 3.1038
18.16 6.226 3.1105
18.17 6.2394 3.1172
18.18 6.2528 3.1239
18.19 6.2662 3.1306
18.2 6.2796 3.1373
18.21 6.293 3.144
18.22 6.3064 3.1507
18.23 6.3198 3.1574
18.24 6.3332 3.1641
18.25 6.3466 3.1708
18.26 6.36 3.1775
18.27 6.3734 3.1842
18.28 6.3868 3.1909
18.29 6.4002 3.1976
18.3 6.4136 3.2043
18.31 6.427 3.211
18.32 6.4404 3.2177
18.33 6.4538 3.2244
18.34 6.4672 3.2311
18.35 6.4806 3.2378
18.36 6.494 3.2445
18.37 6.5074 3.2512
18.38 6.5208 3.2579
18.39 6.5342 3.2646
18.4 6.5476 3.2713
18.41 6.561 3.278
18.42 6.5744 3.2847
18.43 6.5878 3.2914
18.44 6.6012 3.2981
18.45 6.6146 3.3048
18.46 6.628 3.3115
18.47 6.6414 3.3182
18.48 6.6548 3.3249
18.49 6.6682 3.3316
18.5 6.6816 3.3383
18.51 6.695 3.345
18.52 6.7084 3.3517
18.53 6.7218 3.3584
18.54 6.7352 3.3651
18.55 6.7486 3.3718
18.56 6.762 3.3785
18.57 6.7754 3.3852
18.58 6.7888 3.3919
18.59 6.8022 3.3986
18.6 6.8156 3.4053
18.61 6.829 3.412
18.62 6.8424 3.4187
18.63 6.8558 3.4254
18.64 6.8692 3.4321
18.65 6.8826 3.4388
18.66 6.896 3.4455
18.67 6.9094 3.4522
18.68 6.9228 3.4589
18.69 6.9362 3.4656
18.7 6.9496 3.4723
18.71 6.963 3.479
18.72 6.9764 3.4857
18.73 6.9898 3.4924
18.74 7.0032 3.4991
18.75 7.0166 3.5058
18.76 7.03 3.5125
18.77 7.0434 3.5192
18.78 7.0568 3.5259
18.79 7.0702 3.5326
18.8 7.0836 3.5393
18.81 7.097 3.546
18.82 7.1104 3.5527
18.83 7.1238 3.5594
18.84 7.1372 3.5661
18.85 7.1506 3.5728
18.86 7.164 3.5795
18.87 7.1774 3.5862
18.88 7.1908 3.5929
18.89 7.2042 3.5996
18.9 7.2176 3.6063
18.91 7.231 3.613
18.92 7.2444 3.6197
18.93 7.2578 3.6264
18.94 7.2712 3.6331
18.95 7.2846 3.6398
18.96 7.298 3.6465
18.97 7.3114 3.6532
18.98 7.3248 3.6599
18.99 7.3382 3.6666
19.0 7.3516 3.6733
19.01 7.365 3.68
19.02 7.3784 3.6867
19.03 7.3918 3.6934
19.04 7.4052 3.7001
19.05 7.4186 3.7068
19.06 7.432 3.7135
19.07 7.4454 3.7202
19.08 7.4588 3.7269
19.09 7.4722 3.7336
19.1 7.4856 3.7403
19.11 7.499 3.747
19.12 7.5124 3.7537
19.13 7.5258 3.7604
19.14 7.5392 3.7671
19.15 7.5526 3.7738
19.16 7.566 3.7805
19.17 7.5794 3.7872
19.18 7.5928 3.7939
19.19 7.6062 3.8006
19.2 7.6196 3.8073
19.21 7.633 3.814
19.22 7.6464 3.8207
19.23 7.6598 3.8274
19.24 7.6732 3.8341
19.25 7.6866 3.8408
19.26 7.7 3.8475
19.27 7.7134 3.8542
19.28 7.7268 3.8609
19.29 7.7402 3.8676
19.3 7.7536 3.8743
19.31 7.767 3.881
19.32 7.7804 3.8877
19.33 7.7938 3.8944
19.34 7.8072 3.9011
19.35 7.8206 3.9078
19.36 7.834 3.9145
19.37 7.8474 3.9212
19.38 7.8608 3.9279
19.39 7.8742 3.9346
19.4 7.8876 3.9413
19.41 7.901 3.948
19.42 7.9144 3.9547
19.43 7.9278 3.9614
19.44 7.9412 3.9681
19.45 7.9546 3.9748
19.46 7.968 3.9815
19.47 7.9814 3.9882
19.48 7.9948 3.9949
19.49 8.0082 4.0016
19.5 8.0216 4.0083
19.51 8.035 4.015
19.52 8.0484 4.0217
19.53 8.0618 4.0284
19.54 8.0752 4.0351
19.55 8.0886 4.0418
19.56 8.102 4.0485
19.57 8.1154 4.0552
19.58 8.1288 4.0619
19.59 8.1422 4.0686
19.6 8.1556 4.0753
19.61 8.169 4.082
19.62 8.1824 4.0887
19.63 8.1958 4.0954
19.64 8.2092 4.1021
19.65 8.2226 4.1088
19.66 8.236 4.1155
19.67 8.2494 4.1222
19.68 8.2628 4.1289
19.69 8.2762 4.1356
19.7 8.2896 4.1423
19.71 8.303 4.149
19.72 8.3164 4.1557
19.73 8.3298 4.1624
19.74 8.3432 4.1691
19.75 8.3566 4.1758
19.76 8.37 4.1825
19.77 8.3834 4.1892
19.78 8.3968 4.1959
19.79 8.4102 4.2026
19.8 8.4236 4.2093
19.81 8.437 4.216
19.82 8.4504 4.2227
19.83 8.4638 4.2294
19.84 8.4772 4.2361
19.85 8.4906 4.2428
19.86 8.504 4.2495
19.87 8.5174 4.2562
19.88 8.5308 4.2629
19.89 8.5442 4.2696
19.9 8.5576 4.2763
19.91 8.571 4.283
19.92 8.5844 4.2897
19.93 8.5978 4.2964
19.94 8.6112 4.3031
19.95 8.6246 4.3098
19.96 8.638 4.3165
19.97 8.6514 4.3232
19.98 8.6648 4.3299
19.99 8.6782 4.3366
20.0 8.6916 4.3433
20.01 8.705 4.35
20.02 8.7184 4.3567
20.03 8.7318 4.3634
20.04 8.7452 4.3701
20.05 8.7586 4.3768
20.06 8.772 4.3835
20.07 8.7854 4.3902
20.08 8.7988 4.3969
20.09 8.8122 4.4036
20.1 8.8256 4.4103
20.11 8.839 4.417
20.12 8.8524 4.4237
20.13 8.8658 4.4304
20.14 8.8792 4.4371
20.15 8.8926 4.4438
20.16 8.906 4.4505
20.17 8.9194 4.4572
20.18 8.9328 4.4639
20.19 8.9462 4.4706
20.2 8.9596 4.4773
20.21 8.973 4.484
20.22 8.9864 4.4907
20.23 8.9998 4.4974
20.24 9.0132 4.5041
20.25 9.0266 4.5108
20.26 9.04 4.5175
20.27 9.0534 4.5242
20.28 9.0668 4.5309
20.29 9.0802 4.5376
20.3 9.0936 4.5443
20.31 9.107 4.551
20.32 9.1204 4.5577
20.33 9.1338 4.5644
20.34 9.1472 4.5711
20.35 9.1606 4.5778
20.36 9.174 4.5845
20.37 9.1874 4.5912
20.38 9.2008 4.5979
20.39 9.2142 4.6046
20.4 9.2276 4.6113
20.41 9.241 4.618
20.42 9.2544 4.6247
20.43 9.2678 4.6314
20.44 9.2812 4.6381
20.45 9.2946 4.6448
20.46 9.308 4.6515
20.47 9.3214 4.6582
20.48 9.3348 4.6649
20.49 9.3482 4.6716
20.5 9.3616 4.6783
20.51 9.375 4.685
20.52 9.3884 4.6917
20.53 9.4018 4.6984
20.54 9.4152 4.7051
20.55 9.4286 4.7118
20.56 9.442 4.7185
20.57 9.4554 4.7252
20.58 9.4688 4.7319
20.59 9.4822 4.7386
20.6 9.4956 4.7453
20.61 9.509 4.752
20.62 9.5224 4.7587
20.63 9.5358 4.7654
20.64 9.5492 4.7721
20.65 9.5626 4.7788
20.66 9.576 4.7855
20.67 9.5894 4.7922
20.68 9.6028 4.7989
20.69 9.6162 4.8056
20.7 9.6296 4.8123
20.71 9.643 4.819
20.72 9.6564 4.8257
20.73 9.6698 4.8324
20.74 9.6832 4.8391
20.75 9.6966 4.8458
20.76 9.71 4.8525
20.77 9.7234 4.8592
20.78 9.7368 4.8659
20.79 9.7502 4.8726
20.8 9.7636 4.8793
20.81 9.777 4.886
20.82 9.7904 4.8927
20.83 9.8038 4.8994
20.84 9.8172 4.9061
20.85 9.8306 4.9128
20.86 9.844 4.9195
20.87 9.8574 4.9262
20.88 9.8708 4.9329
20.89 9.8842 4.9396
20.9 9.8976 4.9463
20.91 9.911 4.953
20.92 9.9244 4.9597
20.93 9.9378 4.9664
20.94 9.9512 4.9731
20.95 9.9646 4.9798
20.96 9.978 4.9865
20.97 9.9914 4.9932
