0.1 9.9894 0.0106
0.11 9.9788 0.0212
0.12 9.9682 0.0318
0.13 9.9576 0.0424
0.14 9.947 0.053
0.15 9.9364 0.0636
0.16 9.9258 0.0742
0.17 9.9152 0.0848
0.18 9.9046 0.0954
0.19 9.894 0.106
0.2 9.8834 0.1166
0.21 9.8728 0.1272
0.22 9.8622 0.1378
0.23 9.8516 0.1484
0.24 9.841 0.159
0.25 9.8304 0.1696
0.26 9.8198 0.1802
0.27 9.8092 0.1908
0.28 9.7986 0.2014
0.29 9.788 0.212
0.3 9.7774 0.2226
0.31 9.7668 0.2332
0.32 9.7562 0.2438
0.33 9.7456 0.2544
0.34 9.735 0.265
0.35 9.7244 0.2756
0.36 9.7138 0.2862
0.37 9.7032 0.2968
0.38 9.6926 0.3074
0.39 9.682 0.318
0.4 9.6714 0.3286
0.41 9.6608 0.3392
0.42 9.6502 0.3498
0.43 9.6396 0.3604
0.44 9.629 0.371
0.45 9.6184 0.3816
0.46 9.6078 0.3922
0.47 9.5972 0.4028
0.48 9.5866 0.4134
0.49 9.576 0.424
0.5 9.5654 0.4346
0.51 9.5548 0.4452
0.52 9.5442 0.4558
0.53 9.5336 0.4664
0.54 9.523 0.477
0.55 9.5124 0.4876
0.56 9.5018 0.4982
0.57 9.4912 0.5088
0.58 9.4806 0.5194
0.59 9.47 0.53
0.6 9.4594 0.5406
0.61 9.4488 0.5512
0.62 9.4382 0.5618
0.63 9.4276 0.5724
0.64 9.417 0.583
0.65 9.4064 0.5936
0.66 9.3958 0.6042
0.67 9.3852 0.6148
0.68 9.3746 0.6254
0.69 9.364 0.636
0.7 9.3534 0.6466
0.71 9.3428 0.6572
0.72 9.3322 0.6678
0.73 9.3216 0.6784
0.74 9.311 0.689
0.75 9.3004 0.6996
0.76 9.2898 0.7102
0.77 9.2792 0.7208
0.78 9.2686 0.7314
0.79 9.258 0.742
0.8 9.2474 0.7526
0.81 9.2368 0.7632
0.82 9.2262 0.7738
0.83 9.2156 0.7844
0.84 9.205 0.795
0.85 9.1944 0.8056
0.86 9.1838 0.8162
0.87 9.1732 0.8268
0.88 9.1626 0.8374
0.89 9.152 0.848
0.9 9.1414 0.8586
0.91 9.1308 0.8692
0.92 9.1202 0.8798
0.93 9.1096 0.8904
0.94 9.099 0.901
0.95 9.0884 0.9116
0.96 9.0778 0.9222
0.97 9.0672 0.9328
0.98 9.0566 0.9434
0.99 9.046 0.954
1.0 9.0354 0.9646
1.01 9.0248 0.9752
1.02 9.0142 0.9858
1.03 9.0036 0.9964
1.04 8.993 1.007
1.05 8.9824 1.0176
1.06 8.9718 1.0282
1.07 8.9612 1.0388
1.08 8.9506 1.0494
1.09 8.94 1.06
1.1 8.9294 1.0706
1.11 8.9188 1.0812
1.12 8.9082 1.0918
1.13 8.8976 1.1024
1.14 8.887 1.113
1.15 8.8764 1.1236
1.16 8.8658 1.1342
1.17 8.8552 1.1448
1.18 8.8446 1.1554
1.19 8.834 1.166
1.2 8.8234 1.1766
1.21 8.8128 1.1872
1.22 8.8022 1.1978
1.23 8.7916 1.2084
1.24 8.781 1.219
1.25 8.7704 1.2296
1.26 8.7598 1.2402
1.27 8.7492 1.2508
1.28 8.7386 1.2614
1.29 8.728 1.272
1.3 8.7174 1.2826
1.31 8.7068 1.2932
1.32 8.6962 1.3038
1.33 8.6856 1.3144
1.34 8.675 1.325
1.35 8.6644 1.3356
1.36 8.6538 1.3462
1.37 8.6432 1.3568
1.38 8.6326 1.3674
1.39 8.622 1.378
1.4 8.6114 1.3886
1.41 8.6008 1.3992
1.42 8.5902 1.4098
1.43 8.5796 1.4204
1.44 8.569 1.431
1.45 8.5584 1.4416
1.46 8.5478 1.4522
1.47 8.5372 1.4628
1.48 8.5266 1.4734
1.49 8.516 1.484
1.5 8.5054 1.4946
1.51 8.4948 1.5052
1.52 8.4842 1.5158
1.53 8.4736 1.5264
1.54 8.463 1.537
1.55 8.4524 1.5476
1.56 8.4418 1.5582
1.57 8.4312 1.5688
1.58 8.4206 1.5794
1.59 8.41 1.59
1.6 8.3994 1.6006
1.61 8.3888 1.6112
1.62 8.3782 1.6218
1.63 8.3676 1.6324
1.64 8.357 1.643
1.65 8.3464 1.6536
1.66 8.3358 1.6642
1.67 8.3252 1.6748
1.68 8.3146 1.6854
1.69 8.304 1.696
1.7 8.2934 1.7066
1.71 8.2828 1.7172
1.72 8.2722 1.7278
1.73 8.2616 1.7384
1.74 8.251 1.749
1.75 8.2404 1.7596
1.76 8.2298 1.7702
1.77 8.2192 1.7808
1.78 8.2086 1.7914
1.79 8.198 1.802
1.8 8.1874 1.8126
1.81 8.1768 1.8232
1.82 8.1662 1.8338
1.83 8.1556 1.8444
1.84 8.145 1.855
1.85 8.1344 1.8656
1.86 8.1238 1.8762
1.87 8.1132 1.8868
1.88 8.1026 1.8974
1.89 8.092 1.908
1.9 8.0814 1.9186
1.91 8.0708 1.9292
1.92 8.0602 1.9398
1.93 8.0496 1.9504
1.94 8.039 1.961
1.95 8.0284 1.9716
1.96 8.0178 1.9822
1.97 8.0072 1.9928
1.98 7.9966 2.0034
1.99 7.986 2.014
2.0 7.9754 2.0246
2.01 7.9648 2.0352
2.02 7.9542 2.0458
2.03 7.9436 2.0564
2.04 7.933 2.067
2.05 7.9224 2.0776
2.06 7.9118 2.0882
2.07 7.9012 2.0988
2.08 7.8906 2.1094
2.09 7.88 2.12
2.1 7.8694 2.1306
2.11 7.8588 2.1412
2.12 7.8482 2.1518
2.13 7.8376 2.1624
2.14 7.827 2.173
2.15 7.8164 2.1836
2.16 7.8058 2.1942
2.17 7.7952 2.2048
2.18 7.7846 2.2154
2.19 7.774 2.226
2.2 7.7634 2.2366
2.21 7.7528 2.2472
2.22 7.7422 2.2578
2.23 7.7316 2.2684
2.24 7.721 2.279
2.25 7.7104 2.2896
2.26 7.6998 2.3002
2.27 7.6892 2.3108
2.28 7.6786 2.3214
2.29 7.668 2.332
2.3 7.6574 2.3426
2.31 7.6468 2.3532
2.32 7.6362 2.3638
2.33 7.6256 2.3744
2.34 7.615 2.385
2.35 7.6044 2.3956
2.36 7.5938 2.4062
2.37 7.5832 2.4168
2.38 7.5726 2.4274
2.39 7.562 2.438
2.4 7.5514 2.4486
2.41 7.5408 2.4592
2.42 7.5302 2.4698
2.43 7.5196 2.4804
2.44 7.509 2.491
2.45 7.4984 2.5016
2.46 7.4878 2.5122
2.47 7.4772 2.5228
2.48 7.4666 2.5334
2.49 7.456 2.544
2.5 7.4454 2.5546
2.51 7.4348 2.5652
2.52 7.4242 2.5758
2.53 7.4136 2.5864
2.54 7.403 2.597
2.55 7.3924 2.6076
2.56 7.3818 2.6182
2.57 7.3712 2.6288
2.58 7.3606 2.6394
2.59 7.35 2.65
2.6 7.3394 2.6606
2.61 7.3288 2.6712
2.62 7.3182 2.6818
2.63 7.3076 2.6924
2.64 7.297 2.703
2.65 7.2864 2.7136
2.66 7.2758 2.7242
2.67 7.2652 2.7348
2.68 7.2546 2.7454
2.69 7.244 2.756
2.7 7.2334 2.7666
2.71 7.2228 2.7772
2.72 7.2122 2.7878
2.73 7.2016 2.7984
2.74 7.191 2.809
2.75 7.1804 2.8196
2.76 7.1698 2.8302
2.77 7.1592 2.8408
2.78 7.1486 2.8514
2.79 7.138 2.862
2.8 7.1274 2.8726
2.81 7.1168 2.8832
2.82 7.1062 2.8938
2.83 7.0956 2.9044
2.84 7.085 2.915
2.85 7.0744 2.9256
2.86 7.0638 2.9362
2.87 7.0532 2.9468
2.88 7.0426 2.9574
2.89 7.032 2.968
2.9 7.0214 2.9786
2.91 7.0108 2.9892
2.92 7.0002 2.9998
2.93 6.9896 3.0104
2.94 6.979 3.021
2.95 6.9684 3.0316
2.96 6.9578 3.0422
2.97 6.9472 3.0528
2.98 6.9366 3.0634
2.99 6.926 3.074
3.0 6.9154 3.0846
3.01 6.9048 3.0952
3.02 6.8942 3.1058
3.03 6.8836 3.1164
3.04 6.873 3.127
3.05 6.8624 3.1376
3.06 6.8518 3.1482
3.07 6.8412 3.1588
3.08 6.8306 3.1694
3.09 6.82 3.18
3.1 6.8094 3.1906
3.11 6.7988 3.2012
3.12 6.7882 3.2118
3.13 6.7776 3.2224
3.14 6.767 3.233
3.15 6.7564 3.2436
3.16 6.7458 3.2542
3.17 6.7352 3.2648
3.18 6.7246 3.2754
3.19 6.714 3.286
3.2 6.7034 3.2966
3.21 6.6928 3.3072
3.22 6.6822 3.3178
3.23 6.6716 3.3284
3.24 6.661 3.339
3.25 6.6504 3.3496
3.26 6.6398 3.3602
3.27 6.6292 3.3708
3.28 6.6186 3.3814
3.29 6.608 3.392
3.3 6.5974 3.4026
3.31 6.5868 3.4132
3.32 6.5762 3.4238
3.33 6.5656 3.4344
3.34 6.555 3.445
3.35 6.5444 3.4556
3.36 6.5338 3.4662
3.37 6.5232 3.4768
3.38 6.5126 3.4874
3.39 6.502 3.498
3.4 6.4914 3.5086
3.41 6.4808 3.5192
3.42 6.4702 3.5298
3.43 6.4596 3.5404
3.44 6.449 3.551
3.45 6.4384 3.5616
3.46 6.4278 3.5722
3.47 6.4172 3.5828
3.48 6.4066 3.5934
3.49 6.396 3.604
3.5 6.3854 3.6146
3.51 6.3748 3.6252
3.52 6.3642 3.6358
3.53 6.3536 3.6464
3.54 6.343 3.657
3.55 6.3324 3.6676
3.56 6.3218 3.6782
3.57 6.3112 3.6888
3.58 6.3006 3.6994
3.59 6.29 3.71
3.6 6.2794 3.7206
3.61 6.2688 3.7312
3.62 6.2582 3.7418
3.63 6.2476 3.7524
3.64 6.237 3.763
3.65 6.2264 3.7736
3.66 6.2158 3.7842
3.67 6.2052 3.7948
3.68 6.1946 3.8054
3.69 6.184 3.816
3.7 6.1734 3.8266
3.71 6.1628 3.8372
3.72 6.1522 3.8478
3.73 6.1416 3.8584
3.74 6.131 3.869
3.75 6.1204 3.8796
3.76 6.1098 3.8902
3.77 6.0992 3.9008
3.78 6.0886 3.9114
3.79 6.078 3.922
3.8 6.0674 3.9326
3.81 6.0568 3.9432
3.82 6.0462 3.9538
3.83 6.0356 3.9644
3.84 6.025 3.975
3.85 6.0144 3.9856
3.86 6.0038 3.9962
3.87 5.9932 4.0068
3.88 5.9826 4.0174
3.89 5.972 4.028
3.9 5.9614 4.0386
3.91 5.9508 4.0492
3.92 5.9402 4.0598
3.93 5.9296 4.0704
3.94 5.919 4.081
3.95 5.9084 4.0916
3.96 5.8978 4.1022
3.97 5.8872 4.1128
3.98 5.8766 4.1234
3.99 5.866 4.134
4.0 5.8554 4.1446
4.01 5.8448 4.1552
4.02 5.8342 4.1658
4.03 5.8236 4.1764
4.04 5.813 4.187
4.05 5.8024 4.1976
4.06 5.7918 4.2082
4.07 5.7812 4.2188
4.08 5.7706 4.2294
4.09 5.76 4.24
4.1 5.7494 4.2506
4.11 5.7388 4.2612
4.12 5.7282 4.2718
4.13 5.7176 4.2824
4.14 5.707 4.293
4.15 5.6964 4.3036
4.16 5.6858 4.3142
4.17 5.6752 4.3248
4.18 5.6646 4.3354
4.19 5.654 4.346
4.2 5.6434 4.3566
4.21 5.6328 4.3672
4.22 5.6222 4.3778
4.23 5.6116 4.3884
4.24 5.601 4.399
4.25 5.5904 4.4096
4.26 5.5798 4.4202
4.27 5.5692 4.4308
4.28 5.5586 4.4414
4.29 5.548 4.452
4.3 5.5374 4.4626
4.31 5.5268 4.4732
4.32 5.5162 4.4838
4.33 5.5056 4.4944
4.34 5.495 4.505
4.35 5.4844 4.5156
4.36 5.4738 4.5262
4.37 5.4632 4.5368
4.38 5.4526 4.5474
4.39 5.442 4.558
4.4 5.4314 4.5686
4.41 5.4208 4.5792
4.42 5.4102 4.5898
4.43 5.3996 4.6004
4.44 5.389 4.611
4.45 5.3784 4.6216
4.46 5.3678 4.6322
4.47 5.3572 4.6428
4.48 5.3466 4.6534
4.49 5.336 4.664
4.5 5.3254 4.6746
4.51 5.3148 4.6852
4.52 5.3042 4.6958
4.53 5.2936 4.7064
4.54 5.283 4.717
4.55 5.2724 4.7276
4.56 5.2618 4.7382
4.57 5.2512 4.7488
4.58 5.2406 4.7594
4.59 5.23 4.77
4.6 5.2194 4.7806
4.61 5.2088 4.7912
4.62 5.1982 4.8018
4.63 5.1876 4.8124
4.64 5.177 4.823
4.65 5.1664 4.8336
4.66 5.1558 4.8442
4.67 5.1452 4.8548
4.68 5.1346 4.8654
4.69 5.124 4.876
4.7 5.1134 4.8866
4.71 5.1028 4.8972
4.72 5.0922 4.9078
4.73 5.0816 4.9184
4.74 5.071 4.929
4.75 5.0604 4.9396
4.76 5.0498 4.9502
4.77 5.0392 4.9608
4.78 5.0286 4.9714
4.79 5.018 4.982
4.8 5.0074 4.9926
4.81 4.9968 5.0032
4.82 4.9862 5.0138
4.83 4.9756 5.0244
4.84 4.965 5.035
4.85 4.9544 5.0456
4.86 4.9438 5.0562
4.87 4.9332 5.0668
4.88 4.9226 5.0774
4.89 4.912 5.088
4.9 4.9014 5.0986
4.91 4.8908 5.1092
4.92 4.8802 5.1198
4.93 4.8696 5.1304
4.94 4.859 5.141
4.95 4.8484 5.1516
4.96 4.8378 5.1622
4.97 4.8272 5.1728
4.98 4.8166 5.1834
4.99 4.806 5.194
5.0 4.7954 5.2046
5.01 4.7848 5.2152
5.02 4.7742 5.2258
5.03 4.7636 5.2364
5.04 4.753 5.247
5.05 4.7424 5.2576
5.06 4.7318 5.2682
5.07 4.7212 5.2788
5.08 4.7106 5.2894
5.09 4.7 5.3
5.1 4.6894 5.3106
5.11 4.6788 5.3212
5.12 4.6682 5.3318
5.13 4.6576 5.3424
5.14 4.647 5.353
5.15 4.6364 5.3636
5.16 4.6258 5.3742
5.17 4.6152 5.3848
5.18 4.6046 5.3954
5.19 4.594 5.406
5.2 4.5834 5.4166
5.21 4.5728 5.4272
5.22 4.5622 5.4378
5.23 4.5516 5.4484
5.24 4.541 5.459
5.25 4.5304 5.4696
5.26 4.5198 5.4802
5.27 4.5092 5.4908
5.28 4.4986 5.5014
5.29 4.488 5.512
5.3 4.4774 5.5226
5.31 4.4668 5.5332
5.32 4.4562 5.5438
5.33 4.4456 5.5544
5.34 4.435 5.565
5.35 4.4244 5.5756
5.36 4.4138 5.5862
5.37 4.4032 5.5968
5.38 4.3926 5.6074
5.39 4.382 5.618
5.4 4.3714 5.6286
5.41 4.3608 5.6392
5.42 4.3502 5.6498
5.43 4.3396 5.6604
5.44 4.329 5.671
5.45 4.3184 5.6816
5.46 4.3078 5.6922
5.47 4.2972 5.7028
5.48 4.2866 5.7134
5.49 4.276 5.724
5.5 4.2654 5.7346
5.51 4.2548 5.7452
5.52 4.2442 5.7558
5.53 4.2336 5.7664
5.54 4.223 5.777
5.55 4.2124 5.7876
5.56 4.2018 5.7982
5.57 4.1912 5.8088
5.58 4.1806 5.8194
5.59 4.17 5.83
5.6 4.1594 5.8406
5.61 4.1488 5.8512
5.62 4.1382 5.8618
5.63 4.1276 5.8724
5.64 4.117 5.883
5.65 4.1064 5.8936
5.66 4.0958 5.9042
5.67 4.0852 5.9148
5.68 4.0746 5.9254
5.69 4.064 5.936
5.7 4.0534 5.9466
5.71 4.0428 5.9572
5.72 4.0322 5.9678
5.73 4.0216 5.9784
5.74 4.011 5.989
5.75 4.0004 5.9996
5.76 3.9898 6.0102
5.77 3.9792 6.0208
5.78 3.9686 6.0314
5.79 3.958 6.042
5.8 3.9474 6.0526
5.81 3.9368 6.0632
5.82 3.9262 6.0738
5.83 3.9156 6.0844
5.84 3.905 6.095
5.85 3.8944 6.1056
5.86 3.8838 6.1162
5.87 3.8732 6.1268
5.88 3.8626 6.1374
5.89 3.852 6.148
5.9 3.8414 6.1586
5.91 3.8308 6.1692
5.92 3.8202 6.1798
5.93 3.8096 6.1904
5.94 3.799 6.201
5.95 3.7884 6.2116
5.96 3.7778 6.2222
5.97 3.7672 6.2328
5.98 3.7566 6.2434
5.99 3.746 6.254
6.0 3.7354 6.2646
6.01 3.7248 6.2752
6.02 3.7142 6.2858
6.03 3.7036 6.2964
6.04 3.693 6.307
6.05 3.6824 6.3176
6.06 3.6718 6.3282
6.07 3.6612 6.3388
6.08 3.6506 6.3494
6.09 3.64 6.36
6.1 3.6294 6.3706
6.11 3.6188 6.3812
6.12 3.6082 6.3918
6.13 3.5976 6.4024
6.14 3.587 6.413
6.15 3.5764 6.4236
6.16 3.5658 6.4342
6.17 3.5552 6.4448
6.18 3.5446 6.4554
6.19 3.534 6.466
6.2 3.5234 6.4766
6.21 3.5128 6.4872
6.22 3.5022 6.4978
6.23 3.4916 6.5084
6.24 3.481 6.519
6.25 3.4704 6.5296
6.26 3.4598 6.5402
6.27 3.4492 6.5508
6.28 3.4386 6.5614
6.29 3.428 6.572
6.3 3.4174 6.5826
6.31 3.4068 6.5932
6.32 3.3962 6.6038
6.33 3.3856 6.6144
6.34 3.375 6.625
6.35 3.3644 6.6356
6.36 3.3538 6.6462
6.37 3.3432 6.6568
6.38 3.3326 6.6674
6.39 3.322 6.678
6.4 3.3114 6.6886
6.41 3.3008 6.6992
6.42 3.2902 6.7098
6.43 3.2796 6.7204
6.44 3.269 6.731
6.45 3.2584 6.7416
6.46 3.2478 6.7522
6.47 3.2372 6.7628
6.48 3.2266 6.7734
6.49 3.216 6.784
6.5 3.2054 6.7946
6.51 3.1948 6.8052
6.52 3.1842 6.8158
6.53 3.1736 6.8264
6.54 3.163 6.837
6.55 3.1524 6.8476
6.56 3.1418 6.8582
6.57 3.1312 6.8688
6.58 3.1206 6.8794
6.59 3.11 6.89
6.6 3.0994 6.9006
6.61 3.0888 6.9112
6.62 3.0782 6.9218
6.63 3.0676 6.9324
6.64 3.057 6.943
6.65 3.0464 6.9536
6.66 3.0358 6.9642
6.67 3.0252 6.9748
6.68 3.0146 6.9854
6.69 3.004 6.996
6.7 2.9934 7.0066
6.71 2.9828 7.0172
6.72 2.9722 7.0278
6.73 2.9616 7.0384
6.74 2.951 7.049
6.75 2.9404 7.0596
6.76 2.9298 7.0702
6.77 2.9192 7.0808
6.78 2.9086 7.0914
6.79 2.898 7.102
6.8 2.8874 7.1126
6.81 2.8768 7.1232
6.82 2.8662 7.1338
6.83 2.8556 7.1444
6.84 2.845 7.155
6.85 2.8344 7.1656
6.86 2.8238 7.1762
6.87 2.8132 7.1868
6.88 2.8026 7.1974
6.89 2.792 7.208
6.9 2.7814 7.2186
6.91 2.7708 7.2292
6.92 2.7602 7.2398
6.93 2.7496 7.2504
6.94 2.739 7.261
6.95 2.7284 7.2716
6.96 2.7178 7.2822
6.97 2.7072 7.2928
6.98 2.6966 7.3034
6.99 2.686 7.314
7.0 2.6754 7.3246
7.01 2.6648 7.3352
7.02 2.6542 7.3458
7.03 2.6436 7.3564
7.04 2.633 7.367
7.05 2.6224 7.3776
7.06 2.6118 7.3882
7.07 2.6012 7.3988
7.08 2.5906 7.4094
7.09 2.58 7.42
7.1 2.5694 7.4306
7.11 2.5588 7.4412
7.12 2.5482 7.4518
7.13 2.5376 7.4624
7.14 2.527 7.473
7.15 2.5164 7.4836
7.16 2.5058 7.4942
7.17 2.4952 7.5048
7.18 2.4846 7.5154
7.19 2.474 7.526
7.2 2.4634 7.5366
7.21 2.4528 7.5472
7.22 2.4422 7.5578
7.23 2.4316 7.5684
7.24 2.421 7.579
7.25 2.4104 7.5896
7.26 2.3998 7.6002
7.27 2.3892 7.6108
7.28 2.3786 7.6214
7.29 2.368 7.632
7.3 2.3574 7.6426
7.31 2.3468 7.6532
7.32 2.3362 7.6638
7.33 2.3256 7.6744
7.34 2.315 7.685
7.35 2.3044 7.6956
7.36 2.2938 7.7062
7.37 2.2832 7.7168
7.38 2.2726 7.7274
7.39 2.262 7.738
7.4 2.2514 7.7486
7.41 2.2408 7.7592
7.42 2.2302 7.7698
7.43 2.2196 7.7804
7.44 2.209 7.791
7.45 2.1984 7.8016
7.46 2.1878 7.8122
7.47 2.1772 7.8228
7.48 2.1666 7.8334
7.49 2.156 7.844
7.5 2.1454 7.8546
7.51 2.1348 7.8652
7.52 2.1242 7.8758
7.53 2.1136 7.8864
7.54 2.103 7.897
7.55 2.0924 7.9076
7.56 2.0818 7.9182
7.57 2.0712 7.9288
7.58 2.0606 7.9394
7.59 2.05 7.95
7.6 2.0394 7.9606
7.61 2.0288 7.9712
7.62 2.0182 7.9818
7.63 2.0076 7.9924
7.64 1.997 8.003
7.65 1.9864 8.0136
7.66 1.9758 8.0242
7.67 1.9652 8.0348
7.68 1.9546 8.0454
7.69 1.944 8.056
7.7 1.9334 8.0666
7.71 1.9228 8.0772
7.72 1.9122 8.0878
7.73 1.9016 8.0984
7.74 1.891 8.109
7.75 1.8804 8.1196
7.76 1.8698 8.1302
7.77 1.8592 8.1408
7.78 1.8486 8.1514
7.79 1.838 8.162
7.8 1.8274 8.1726
7.81 1.8168 8.1832
7.82 1.8062 8.1938
7.83 1.7956 8.2044
7.84 1.785 8.215
7.85 1.7744 8.2256
7.86 1.7638 8.2362
7.87 1.7532 8.2468
7.88 1.7426 8.2574
7.89 1.732 8.268
7.9 1.7214 8.2786
7.91 1.7108 8.2892
7.92 1.7002 8.2998
7.93 1.6896 8.3104
7.94 1.679 8.321
7.95 1.6684 8.3316
7.96 1.6578 8.3422
7.97 1.6472 8.3528
7.98 1.6366 8.3634
7.99 1.626 8.374
8.0 1.6154 8.3846
8.01 1.6048 8.3952
8.02 1.5942 8.4058
8.03 1.5836 8.4164
8.04 1.573 8.427
8.05 1.5624 8.4376
8.06 1.5518 8.4482
8.07 1.5412 8.4588
8.08 1.5306 8.4694
8.09 1.52 8.48
8.1 1.5094 8.4906
8.11 1.4988 8.5012
8.12 1.4882 8.5118
8.13 1.4776 8.5224
8.14 1.467 8.533
8.15 1.4564 8.5436
8.16 1.4458 8.5542
8.17 1.4352 8.5648
8.18 1.4246 8.5754
8.19 1.414 8.586
8.2 1.4034 8.5966
8.21 1.3928 8.6072
8.22 1.3822 8.6178
8.23 1.3716 8.6284
8.24 1.361 8.639
8.25 1.3504 8.6496
8.26 1.3398 8.6602
8.27 1.3292 8.6708
8.28 1.3186 8.6814
8.29 1.308 8.692
8.3 1.2974 8.7026
8.31 1.2868 8.7132
8.32 1.2762 8.7238
8.33 1.2656 8.7344
8.34 1.255 8.745
8.35 1.2444 8.7556
8.36 1.2338 8.7662
8.37 1.2232 8.7768
8.38 1.2126 8.7874
8.39 1.202 8.798
8.4 1.1914 8.8086
8.41 1.1808 8.8192
8.42 1.1702 8.8298
8.43 1.1596 8.8404
8.44 1.149 8.851
8.45 1.1384 8.8616
8.46 1.1278 8.8722
8.47 1.1172 8.8828
8.48 1.1066 8.8934
8.49 1.096 8.904
8.5 1.0854 8.9146
8.51 1.0748 8.9252
8.52 1.0642 8.9358
8.53 1.0536 8.9464
8.54 1.043 8.957
8.55 1.0324 8.9676
8.56 1.0218 8.9782
8.57 1.0112 8.9888
8.58 1.0006 8.9994
8.59 0.99 9.01
8.6 0.9794 9.0206
8.61 0.9688 9.0312
8.62 0.9582 9.0418
8.63 0.9476 9.0524
8.64 0.937 9.063
8.65 0.9264 9.0736
8.66 0.9158 9.0842
8.67 0.9052 9.0948
8.68 0.8946 9.1054
8.69 0.884 9.116
8.7 0.8734 9.1266
8.71 0.8628 9.1372
8.72 0.8522 9.1478
8.73 0.8416 9.1584
8.74 0.831 9.169
8.75 0.8204 9.1796
8.76 0.8098 9.1902
8.77 0.7992 9.2008
8.78 0.7886 9.2114
8.79 0.778 9.222
8.8 0.7674 9.2326
8.81 0.7568 9.2432
8.82 0.7462 9.2538
8.83 0.7356 9.2644
8.84 0.725 9.275
8.85 0.7144 9.2856
8.86 0.7038 9.2962
8.87 0.6932 9.3068
8.88 0.6826 9.3174
8.89 0.672 9.328
8.9 0.6614 9.3386
8.91 0.6508 9.3492
8.92 0.6402 9.3598
8.93 0.6296 9.3704
8.94 0.619 9.381
8.95 0.6084 9.3916
8.96 0.5978 9.4022
8.97 0.5872 9.4128
8.98 0.5766 9.4234
8.99 0.566 9.434
9.0 0.5554 9.4446
9.01 0.5448 9.4552
9.02 0.5342 9.4658
9.03 0.5236 9.4764
9.04 0.513 9.487
9.05 0.5024 9.4976
9.06 0.4918 9.5082
9.07 0.4812 9.5188
9.08 0.4706 9.5294
9.09 0.46 9.54
9.1 0.4494 9.5506
9.11 0.4388 9.5612
9.12 0.4282 9.5718
9.13 0.4176 9.5824
9.14 0.407 9.593
9.15 0.3964 9.6036
9.16 0.3858 9.6142
9.17 0.3752 9.6248
9.18 0.3646 9.6354
9.19 0.354 9.646
9.2 0.3434 9.6566
9.21 0.3328 9.6672
9.22 0.3222 9.6778
9.23 0.3116 9.6884
9.24 0.301 9.699
9.25 0.2904 9.7096
9.26 0.2798 9.7202
9.27 0.2692 9.7308
9.28 0.2586 9.7414
9.29 0.248 9.752
9.3 0.2374 9.7626
9.31 0.2268 9.7732
9.32 0.2162 9.7838
9.33 0.2056 9.7944
9.34 0.195 9.805
9.35 0.1844 9.8156
9.36 0.1738 9.8262
9.37 0.1632 9.8368
9.38 0.1526 9.8474
9.39 0.142 9.858
9.4 0.1314 9.8686
9.41 0.1208 9.8792
9.42 0.1102 9.8898
9.43 0.0996 9.9004
9.44 0.089 9.911
9.45 0.0784 9.9216
9.46 0.0678 9.9322
9.47 0.0572 9.9428
9.48 0.0466 9.9534
9.49 0.036 9.964
9.5 0.0254 9.9746
9.51 0.0148 9.9852
9.52 0.0042 9.9958
9.53 0.0042 9.9808
9.54 0.0042 9.9658
9.55 0.0042 9.9508
9.56 0.0042 9.9358
9.57 0.0042 9.9208
9.58 0.0042 9.9058
9.59 0.0042 9.8908
9.6 0.0042 9.8758
9.61 0.0042 9.8608
9.62 0.0042 9.8458
9.63 0.0042 9.8308
9.64 0.0042 9.8158
9.65 0.0042 9.8008
9.66 0.0042 9.7858
9.67 0.0042 9.7708
9.68 0.0042 9.7558
9.69 0.0042 9.7408
9.7 0.0042 9.7258
9.71 0.0042 9.7108
9.72 0.0042 9.6958
9.73 0.0042 9.6808
9.74 0.0042 9.6658
9.75 0.0042 9.6508
9.76 0.0042 9.6358
9.77 0.0042 9.6208
9.78 0.0042 9.6058
9.79 0.0042 9.5908
9.8 0.0042 9.5758
9.81 0.0042 9.5608
9.82 0.0042 9.5458
9.83 0.0042 9.5308
9.84 0.0042 9.5158
9.85 0.0042 9.5008
9.86 0.0042 9.4858
9.87 0.0042 9.4708
9.88 0.0042 9.4558
9.89 0.0042 9.4408
9.9 0.0042 9.4258
9.91 0.0042 9.4108
9.92 0.0042 9.3958
9.93 0.0042 9.3808
9.94 0.0042 9.3658
9.95 0.0042 9.3508
9.96 0.0042 9.3358
9.97 0.0042 9.3208
9.98 0.0042 9.3058
9.99 0.0042 9.2908
10.0 0.0042 9.2758
10.01 0.0042 9.2608
10.02 0.0042 9.2458
10.03 0.0042 9.2308
10.04 0.0042 9.2158
10.05 0.0042 9.2008
10.06 0.0042 9.1858
10.07 0.0042 9.1708
10.08 0.0042 9.1558
10.09 0.0042 9.1408
10.1 0.0042 9.1258
10.11 0.0042 9.1108
10.12 0.0042 9.0958
10.13 0.0042 9.0808
10.14 0.0042 9.0658
10.15 0.0042 9.0508
10.16 0.0042 9.0358
10.17 0.0042 9.0208
10.18 0.0042 9.0058
10.19 0.0042 8.9908
10.2 0.0042 8.9758
10.21 0.0042 8.9608
10.22 0.0042 8.9458
10.23 0.0042 8.9308
10.24 0.0042 8.9158
10.25 0.0042 8.9008
10.26 0.0042 8.8858
10.27 0.0042 8.8708
10.28 0.0042 8.8558
10.29 0.0042 8.8408
10.3 0.0042 8.8258
10.31 0.0042 8.8108
10.32 0.0042 8.7958
10.33 0.0042 8.7808
10.34 0.0042 8.7658
10.35 0.0042 8.7508
10.36 0.0042 8.7358
10.37 0.0042 8.7208
10.38 0.0042 8.7058
10.39 0.0042 8.6908
10.4 0.0042 8.6758
10.41 0.0042 8.6608
10.42 0.0042 8.6458
10.43 0.0042 8.6308
10.44 0.0042 8.6158
10.45 0.0042 8.6008
10.46 0.0042 8.5858
10.47 0.0042 8.5708
10.48 0.0042 8.5558
10.49 0.0042 8.5408
10.5 0.0042 8.5258
10.51 0.0042 8.5108
10.52 0.0042 8.4958
10.53 0.0042 8.4808
10.54 0.0042 8.4658
10.55 0.0042 8.4508
10.56 0.0042 8.4358
10.57 0.0042 8.4208
10.58 0.0042 8.4058
10.59 0.0042 8.3908
10.6 0.0042 8.3758
10.61 0.0042 8.3608
10.62 0.0042 8.3458
10.63 0.0042 8.3308
10.64 0.0042 8.3158
10.65 0.0042 8.3008
10.66 0.0042 8.2858
10.67 0.0042 8.2708
10.68 0.0042 8.2558
10.69 0.0042 8.2408
10.7 0.0042 8.2258
10.71 0.0042 8.2108
10.72 0.0042 8.1958
10.73 0.0042 8.1808
10.74 0.0042 8.1658
10.75 0.0042 8.1508
10.76 0.0042 8.1358
10.77 0.0042 8.1208
10.78 0.0042 8.1058
10.79 0.0042 8.0908
10.8 0.0042 8.0758
10.81 0.0042 8.0608
10.82 0.0042 8.0458
10.83 0.0042 8.0308
10.84 0.0042 8.0158
10.85 0.0042 8.0008
10.86 0.0042 7.9858
10.87 0.0042 7.9708
10.88 0.0042 7.9558
10.89 0.0042 7.9408
10.9 0.0042 7.9258
10.91 0.0042 7.9108
10.92 0.0042 7.8958
10.93 0.0042 7.8808
10.94 0.0042 7.8658
10.95 0.0042 7.8508
10.96 0.0042 7.8358
10.97 0.0042 7.8208
10.98 0.0042 7.8058
10.99 0.0042 7.7908
11.0 0.0042 7.7758
11.01 0.0042 7.7608
11.02 0.0042 7.7458
11.03 0.0042 7.7308
11.04 0.0042 7.7158
11.05 0.0042 7.7008
11.06 0.0042 7.6858
11.07 0.0042 7.6708
11.08 0.0042 7.6558
11.09 0.0042 7.6408
11.1 0.0042 7.6258
11.11 0.0042 7.6108
11.12 0.0042 7.5958
11.13 0.0042 7.5808
11.14 0.0042 7.5658
11.15 0.0042 7.5508
11.16 0.0042 7.5358
11.17 0.0042 7.5208
11.18 0.0042 7.5058
11.19 0.0042 7.4908
11.2 0.0042 7.4758
11.21 0.0042 7.4608
11.22 0.0042 7.4458
11.23 0.0042 7.4308
11.24 0.0042 7.4158
11.25 0.0042 7.4008
11.26 0.0042 7.3858
11.27 0.0042 7.3708
11.28 0.0042 7.3558
11.29 0.0042 7.3408
11.3 0.0042 7.3258
11.31 0.0042 7.3108
11.32 0.0042 7.2958
11.33 0.0042 7.2808
11.34 0.0042 7.2658
11.35 0.0042 7.2508
11.36 0.0042 7.2358
11.37 0.0042 7.2208
11.38 0.0042 7.2058
11.39 0.0042 7.1908
11.4 0.0042 7.1758
11.41 0.0042 7.1608
11.42 0.0042 7.1458
11.43 0.0042 7.1308
11.44 0.0042 7.1158
11.45 0.0042 7.1008
11.46 0.0042 7.0858
11.47 0.0042 7.0708
11.48 0.0042 7.0558
11.49 0.0042 7.0408
11.5 0.0042 7.0258
11.51 0.0042 7.0108
11.52 0.0042 6.9958
11.53 0.0042 6.9808
11.54 0.0042 6.9658
11.55 0.0042 6.9508
11.56 0.0042 6.9358
11.57 0.0042 6.9208
11.58 0.0042 6.9058
11.59 0.0042 6.8908
11.6 0.0042 6.8758
11.61 0.0042 6.8608
11.62 0.0042 6.8458
11.63 0.0042 6.8308
11.64 0.0042 6.8158
11.65 0.0042 6.8008
11.66 0.0042 6.7858
11.67 0.0042 6.7708
11.68 0.0042 6.7558
11.69 0.0042 6.7408
11.7 0.0042 6.7258
11.71 0.0042 6.7108
11.72 0.0042 6.6958
11.73 0.0042 6.6808
11.74 0.0042 6.6658
11.75 0.0042 6.6508
11.76 0.0042 6.6358
11.77 0.0042 6.6208
11.78 0.0042 6.6058
11.79 0.0042 6.5908
11.8 0.0042 6.5758
11.81 0.0042 6.5608
11.82 0.0042 6.5458
11.83 0.0042 6.5308
11.84 0.0042 6.5158
11.85 0.0042 6.5008
11.86 0.0042 6.4858
11.87 0.0042 6.4708
11.88 0.0042 6.4558
11.89 0.0042 6.4408
11.9 0.0042 6.4258
11.91 0.0042 6.4108
11.92 0.0042 6.3958
11.93 0.0042 6.3808
11.94 0.0042 6.3658
11.95 0.0042 6.3508
11.96 0.0042 6.3358
11.97 0.0042 6.3208
11.98 0.0042 6.3058
11.99 0.0042 6.2908
12.0 0.0042 6.2758
12.01 0.0042 6.2608
12.02 0.0042 6.2458
12.03 0.0042 6.2308
12.04 0.0042 6.2158
12.05 0.0042 6.2008
12.06 0.0042 6.1858
12.07 0.0042 6.1708
12.08 0.0042 6.1558
12.09 0.0042 6.1408
12.1 0.0042 6.1258
12.11 0.0042 6.1108
12.12 0.0042 6.0958
12.13 0.0042 6.0808
12.14 0.0042 6.0658
12.15 0.0042 6.0508
12.16 0.0042 6.0358
12.17 0.0042 6.0208
12.18 0.0042 6.0058
12.19 0.0042 5.9908
12.2 0.0042 5.9758
12.21 0.0042 5.9608
12.22 0.0042 5.9458
12.23 0.0042 5.9308
12.24 0.0042 5.9158
12.25 0.0042 5.9008
12.26 0.0042 5.8858
12.27 0.0042 5.8708
12.28 0.0042 5.8558
12.29 0.0042 5.8408
12.3 0.0042 5.8258
12.31 0.0042 5.8108
12.32 0.0042 5.7958
12.33 0.0042 5.7808
12.34 0.0042 5.7658
12.35 0.0042 5.7508
12.36 0.0042 5.7358
12.37 0.0042 5.7208
12.38 0.0042 5.7058
12.39 0.0042 5.6908
12.4 0.0042 5.6758
12.41 0.0042 5.6608
12.42 0.0042 5.6458
12.43 0.0042 5.6308
12.44 0.0042 5.6158
12.45 0.0042 5.6008
12.46 0.0042 5.5858
12.47 0.0042 5.5708
12.48 0.0042 5.5558
12.49 0.0042 5.5408
12.5 0.0042 5.5258
12.51 0.0042 5.5108
12.52 0.0042 5.4958
12.53 0.0042 5.4808
12.54 0.0042 5.4658
12.55 0.0042 5.4508
12.56 0.0042 5.4358
12.57 0.0042 5.4208
12.58 0.0042 5.4058
12.59 0.0042 5.3908
12.6 0.0042 5.3758
12.61 0.0042 5.3608
12.62 0.0042 5.3458
12.63 0.0042 5.3308
12.64 0.0042 5.3158
12.65 0.0042 5.3008
12.66 0.0042 5.2858
12.67 0.0042 5.2708
12.68 0.0042 5.2558
12.69 0.0042 5.2408
12.7 0.0042 5.2258
12.71 0.0042 5.2108
12.72 0.0042 5.1958
12.73 0.0042 5.1808
12.74 0.0042 5.1658
12.75 0.0042 5.1508
12.76 0.0042 5.1358
12.77 0.0042 5.1208
12.78 0.0042 5.1058
12.79 0.0042 5.0908
12.8 0.0042 5.0758
12.81 0.0042 5.0608
12.82 0.0042 5.0458
12.83 0.0042 5.0308
12.84 0.0042 5.0158
12.85 0.0042 5.0008
12.86 0.0042 4.9858
12.87 0.0042 4.9708
12.88 0.0042 4.9558
12.89 0.0042 4.9408
12.9 0.0042 4.9258
12.91 0.0042 4.9108
12.92 0.0042 4.8958
12.93 0.0042 4.8808
12.94 0.0042 4.8658
12.95 0.0042 4.8508
12.96 0.0042 4.8358
12.97 0.0042 4.8208
12.98 0.0042 4.8058
12.99 0.0042 4.7908
13.0 0.0042 4.7758
13.01 0.0042 4.7608
13.02 0.0042 4.7458
13.03 0.0042 4.7308
13.04 0.0042 4.7158
13.05 0.0042 4.7008
13.06 0.0042 4.6858
13.07 0.0042 4.6708
13.08 0.0042 4.6558
13.09 0.0042 4.6408
13.1 0.0042 4.6258
13.11 0.0042 4.6108
13.12 0.0042 4.5958
13.13 0.0042 4.5808
13.14 0.0042 4.5658
13.15 0.0042 4.5508
13.16 0.0042 4.5358
13.17 0.0042 4.5208
13.18 0.0042 4.5058
13.19 0.0042 4.4908
13.2 0.0042 4.4758
13.21 0.0042 4.4608
13.22 0.0042 4.4458
13.23 0.0042 4.4308
13.24 0.0042 4.4158
13.25 0.0042 4.4008
13.26 0.0042 4.3858
13.27 0.0042 4.3708
13.28 0.0042 4.3558
13.29 0.0042 4.3408
13.3 0.0042 4.3258
13.31 0.0042 4.3108
13.32 0.0042 4.2958
13.33 0.0042 4.2808
13.34 0.0042 4.2658
13.35 0.0042 4.2508
13.36 0.0042 4.2358
13.37 0.0042 4.2208
13.38 0.0042 4.2058
13.39 0.0042 4.1908
13.4 0.0042 4.1758
13.41 0.0042 4.1608
13.42 0.0042 4.1458
13.43 0.0042 4.1308
13.44 0.0042 4.1158
13.45 0.0042 4.1008
13.46 0.0042 4.0858
13.47 0.0042 4.0708
13.48 0.0042 4.0558
13.49 0.0042 4.0408
13.5 0.0042 4.0258
13.51 0.0042 4.0108
13.52 0.0042 3.9958
13.53 0.0042 3.9808
13.54 0.0042 3.9658
13.55 0.0042 3.9508
13.56 0.0042 3.9358
13.57 0.0042 3.9208
13.58 0.0042 3.9058
13.59 0.0042 3.8908
13.6 0.0042 3.8758
13.61 0.0042 3.8608
13.62 0.0042 3.8458
13.63 0.0042 3.8308
13.64 0.0042 3.8158
13.65 0.0042 3.8008
13.66 0.0042 3.7858
13.67 0.0042 3.7708
13.68 0.0042 3.7558
13.69 0.0042 3.7408
13.7 0.0042 3.7258
13.71 0.0042 3.7108
13.72 0.0042 3.6958
13.73 0.0042 3.6808
13.74 0.0042 3.6658
13.75 0.0042 3.6508
13.76 0.0042 3.6358
13.77 0.0042 3.6208
13.78 0.0042 3.6058
13.79 0.0042 3.5908
13.8 0.0042 3.5758
13.81 0.0042 3.5608
13.82 0.0042 3.5458
13.83 0.0042 3.5308
13.84 0.0042 3.5158
13.85 0.0042 3.5008
13.86 0.0042 3.4858
13.87 0.0042 3.4708
13.88 0.0042 3.4558
13.89 0.0042 3.4408
13.9 0.0042 3.4258
13.91 0.0042 3.4108
13.92 0.0042 3.3958
13.93 0.0042 3.3808
13.94 0.0042 3.3658
13.95 0.0042 3.3508
13.96 0.0042 3.3358
13.97 0.0042 3.3208
13.98 0.0042 3.3058
13.99 0.0042 3.2908
14.0 0.0042 3.2758
14.01 0.0042 3.2608
14.02 0.0042 3.2458
14.03 0.0042 3.2308
14.04 0.0042 3.2158
14.05 0.0042 3.2008
14.06 0.0042 3.1858
14.07 0.0042 3.1708
14.08 0.0042 3.1558
14.09 0.0042 3.1408
14.1 0.0042 3.1258
14.11 0.0042 3.1108
14.12 0.0042 3.0958
14.13 0.0042 3.0808
14.14 0.0042 3.0658
14.15 0.0042 3.0508
14.16 0.0042 3.0358
14.17 0.0042 3.0208
14.18 0.0042 3.0058
14.19 0.0042 2.9908
14.2 0.0042 2.9758
14.21 0.0042 2.9608
14.22 0.0042 2.9458
14.23 0.0042 2.9308
14.24 0.0042 2.9158
14.25 0.0042 2.9008
14.26 0.0042 2.8858
14.27 0.0042 2.8708
14.28 0.0042 2.8558
14.29 0.0042 2.8408
14.3 0.0042 2.8258
14.31 0.0042 2.8108
14.32 0.0042 2.7958
14.33 0.0042 2.7808
14.34 0.0042 2.7658
14.35 0.0042 2.7508
14.36 0.0042 2.7358
14.37 0.0042 2.7208
14.38 0.0042 2.7058
14.39 0.0042 2.6908
14.4 0.0042 2.6758
14.41 0.0042 2.6608
14.42 0.0042 2.6458
14.43 0.0042 2.6308
14.44 0.0042 2.6158
14.45 0.0042 2.6008
14.46 0.0042 2.5858
14.47 0.0042 2.5708
14.48 0.0042 2.5558
14.49 0.0042 2.5408
14.5 0.0042 2.5258
14.51 0.0042 2.5108
14.52 0.0042 2.4958
14.53 0.0042 2.4808
14.54 0.0042 2.4658
14.55 0.0042 2.4508
14.56 0.0042 2.4358
14.57 0.0042 2.4208
14.58 0.0042 2.4058
14.59 0.0042 2.3908
14.6 0.0042 2.3758
14.61 0.0042 2.3608
14.62 0.0042 2.3458
14.63 0.0042 2.3308
14.64 0.0042 2.3158
14.65 0.0042 2.3008
14.66 0.0042 2.2858
14.67 0.0042 2.2708
14.68 0.0042 2.2558
14.69 0.0042 2.2408
14.7 0.0042 2.2258
14.71 0.0042 2.2108
14.72 0.0042 2.1958
14.73 0.0042 2.1808
14.74 0.0042 2.1658
14.75 0.0042 2.1508
14.76 0.0042 2.1358
14.77 0.0042 2.1208
14.78 0.0042 2.1058
14.79 0.0042 2.0908
14.8 0.0042 2.0758
14.81 0.0042 2.0608
14.82 0.0042 2.0458
14.83 0.0042 2.0308
14.84 0.0042 2.0158
14.85 0.0042 2.0008
14.86 0.0042 1.9858
14.87 0.0042 1.9708
14.88 0.0042 1.9558
14.89 0.0042 1.9408
14.9 0.0042 1.9258
14.91 0.0042 1.9108
14.92 0.0042 1.8958
14.93 0.0042 1.8808
14.94 0.0042 1.8658
14.95 0.0042 1.8508
14.96 0.0042 1.8358
14.97 0.0042 1.8208
14.98 0.0042 1.8058
14.99 0.0042 1.7908
15.0 0.0042 1.7758
15.01 0.0042 1.7608
15.02 0.0042 1.7458
15.03 0.0042 1.7308
15.04 0.0042 1.7158
15.05 0.0042 1.7008
15.06 0.0042 1.6858
15.07 0.0042 1.6708
15.08 0.0042 1.6558
15.09 0.0042 1.6408
15.1 0.0042 1.6258
15.11 0.0042 1.6108
15.12 0.0042 1.5958
15.13 0.0042 1.5808
15.14 0.0042 1.5658
15.15 0.0042 1.5508
15.16 0.0042 1.5358
15.17 0.0042 1.5208
15.18 0.0042 1.5058
15.19 0.0042 1.4908
15.2 0.0042 1.4758
15.21 0.0042 1.4608
15.22 0.0042 1.4458
15.23 0.0042 1.4308
15.24 0.0042 1.4158
15.25 0.0042 1.4008
15.26 0.0042 1.3858
15.27 0.0042 1.3708
15.28 0.0042 1.3558
15.29 0.0042 1.3408
15.3 0.0042 1.3258
15.31 0.0042 1.3108
15.32 0.0042 1.2958
15.33 0.0042 1.2808
15.34 0.0042 1.2658
15.35 0.0042 1.2508
15.36 0.0042 1.2358
15.37 0.0042 1.2208
15.38 0.0042 1.2058
15.39 0.0042 1.1908
15.4 0.0042 1.1758
15.41 0.0042 1.1608
15.42 0.0042 1.1458
15.43 0.0042 1.1308
15.44 0.0042 1.1158
15.45 0.0042 1.1008
15.46 0.0042 1.0858
15.47 0.0042 1.0708
15.48 0.0042 1.0558
15.49 0.0042 1.0408
15.5 0.0042 1.0258
15.51 0.0042 1.0108
15.52 0.0042 0.9958
15.53 0.0042 0.9808
15.54 0.0042 0.9658
15.55 0.0042 0.9508
15.56 0.0042 0.9358
15.57 0.0042 0.9208
15.58 0.0042 0.9058
15.59 0.0042 0.8908
15.6 0.0042 0.8758
15.61 0.0042 0.8608
15.62 0.0042 0.8458
15.63 0.0042 0.8308
15.64 0.0042 0.8158
15.65 0.0042 0.8008
15.66 0.0042 0.7858
15.67 0.0042 0.7708
15.68 0.0042 0.7558
15.69 0.0042 0.7408
15.7 0.0042 0.7258
15.71 0.0042 0.7108
15.72 0.0042 0.6958
15.73 0.0042 0.6808
15.74 0.0042 0.6658
15.75 0.0042 0.6508
15.76 0.0042 0.6358
15.77 0.0042 0.6208
15.78 0.0042 0.6058
15.79 0.0042 0.5908
15.8 0.0042 0.5758
15.81 0.0042 0.5608
15.82 0.0042 0.5458
15.83 0.0042 0.5308
15.84 0.0042 0.5158
15.85 0.0042 0.5008
15.86 0.0042 0.4858
15.87 0.0042 0.4708
15.88 0.0042 0.4558
15.89 0.0042 0.4408
15.9 0.0042 0.4258
15.91 0.0042 0.4108
15.92 0.0042 0.3958
15.93 0.0042 0.3808
15.94 0.0042 0.3658
15.95 0.0042 0.3508
15.96 0.0042 0.3358
15.97 0.0042 0.3208
15.98 0.0042 0.3058
15.99 0.0042 0.2908
16.0 0.0042 0.2758
16.01 0.0042 0.2608
16.02 0.0042 0.2458
16.03 0.0042 0.2308
16.04 0.0042 0.2158
16.05 0.0042 0.2008
16.06 0.0042 0.1858
16.07 0.0042 0.1708
16.08 0.0042 0.1558
16.09 0.0042 0.1408
16.1 0.0042 0.1258
16.11 0.0042 0.1108
16.12 0.0042 0.0958
16.13 0.0042 0.0808
16.14 0.0042 0.0658
16.15 0.0042 0.0508
16.16 0.0042 0.0358
16.17 0.0042 0.0208
16.18 0.0042 0.0058
16.19 0.0042 -0.0092
16.2 0.0176 -0.0025
16.21 0.031 0.0042
16.22 0.0444 0.0109
16.23 0.0578 0.0176
16.24 0.0712 0.0243
16.25 0.0846 0.031
16.26 0.098 0.0377
16.27 0.1114 0.0444
16.28 0.1248 0.0511
16.29 0.1382 0.0578
16.3 0.1516 0.0645
16.31 0.165 0.0712
16.32 0.1784 0.0779
16.33 0.1918 0.0846
16.34 0.2052 0.0913
16.35 0.2186 0.098
16.36 0.232 0.1047
16.37 0.2454 0.1114
16.38 0.2588 0.1181
16.39 0.2722 0.1248
16.4 0.2856 0.1315
16.41 0.299 0.1382
16.42 0.3124 0.1449
16.43 0.3258 0.1516
16.44 0.3392 0.1583
16.45 0.3526 0.165
16.46 0.366 0.1717
16.47 0.3794 0.1784
16.48 0.3928 0.1851
16.49 0.4062 0.1918
16.5 0.4196 0.1985
16.51 0.433 0.2052
16.52 0.4464 0.2119
16.53 0.4598 0.2186
16.54 0.4732 0.2253
16.55 0.4866 0.232
16.56 0.5 0.2387
16.57 0.5134 0.2454
16.58 0.5268 0.2521
16.59 0.5402 0.2588
16.6 0.5536 0.2655
16.61 0.567 0.2722
16.62 0.5804 0.2789
16.63 0.5938 0.2856
16.64 0.6072 0.2923
16.65 0.6206 0.299
16.66 0.634 0.3057
16.67 0.6474 0.3124
16.68 0.6608 0.3191
16.69 0.6742 0.3258
16.7 0.6876 0.3325
16.71 0.701 0.3392
16.72 0.7144 0.3459
16.73 0.7278 0.3526
16.74 0.7412 0.3593
16.75 0.7546 0.366
16.76 0.768 0.3727
16.77 0.7814 0.3794
16.78 0.7948 0.3861
16.79 0.8082 0.3928
16.8 0.8216 0.3995
16.81 0.835 0.4062
16.82 0.8484 0.4129
16.83 0.8618 0.4196
16.84 0.8752 0.4263
16.85 0.8886 0.433
16.86 0.902 0.4397
16.87 0.9154 0.4464
16.88 0.9288 0.4531
16.89 0.9422 0.4598
16.9 0.9556 0.4665
16.91 0.969 0.4732
16.92 0.9824 0.4799
16.93 0.9958 0.4866
16.94 1.0092 0.4933
16.95 1.0226 0.5
16.96 1.036 0.5067
16.97 1.0494 0.5134
16.98 1.0628 0.5201
16.99 1.0762 0.5268
17.0 1.0896 0.5335
17.01 1.103 0.5402
17.02 1.1164 0.5469
17.03 1.1298 0.5536
17.04 1.1432 0.5603
17.05 1.1566 0.567
17.06 1.17 0.5737
17.07 1.1834 0.5804
17.08 1.1968 0.5871
17.09 1.2102 0.5938
17.1 1.2236 0.6005
17.11 1.237 0.6072
17.12 1.2504 0.6139
17.13 1.2638 0.6206
17.14 1.2772 0.6273
17.15 1.2906 0.634
17.16 1.304 0.6407
17.17 1.3174 0.6474
17.18 1.3308 0.6541
17.19 1.3442 0.6608
17.2 1.3576 0.6675
17.21 1.371 0.6742
17.22 1.3844 0.6809
17.23 1.3978 0.6876
17.24 1.4112 0.6943
17.25 1.4246 0.701
17.26 1.438 0.7077
17.27 1.4514 0.7144
17.28 1.4648 0.7211
17.29 1.4782 0.7278
17.3 1.4916 0.7345
17.31 1.505 0.7412
17.32 1.5184 0.7479
17.33 1.5318 0.7546
17.34 1.5452 0.7613
17.35 1.5586 0.768
17.36 1.572 0.7747
17.37 1.5854 0.7814
17.38 1.5988 0.7881
17.39 1.6122 0.7948
17.4 1.6256 0.8015
17.41 1.639 0.8082
17.42 1.6524 0.8149
17.43 1.6658 0.8216
17.44 1.6792 0.8283
17.45 1.6926 0.835
17.46 1.706 0.8417
17.47 1.7194 0.8484
17.48 1.7328 0.8551
17.49 1.7462 0.8618
17.5 1.7596 0.8685
17.51 1.773 0.8752
17.52 1.7864 0.8819
17.53 1.7998 0.8886
17.54 1.8132 0.8953
17.55 1.8266 0.902
17.56 1.84 0.9087
17.57 1.8534 0.9154
17.58 1.8668 0.9221
17.59 1.8802 0.9288
17.6 1.8936 0.9355
17.61 1.907 0.9422
17.62 1.9204 0.9489
17.63 1.9338 0.9556
17.64 1.9472 0.9623
17.65 1.9606 0.969
17.66 1.974 0.9757
17.67 1.9874 0.9824
17.68 2.0008 0.9891
17.69 2.0142 0.9958
17.7 2.0276 1.0025
17.71 2.041 1.0092
17.72 2.0544 1.0159
17.73 2.0678 1.0226
17.74 2.0812 1.0293
17.75 2.0946 1.036
17.76 2.108 1.0427
17.77 2.1214 1.0494
17.78 2.1348 1.0561
17.79 2.1482 1.0628
17.8 2.1616 1.0695
17.81 2.175 1.0762
17.82 2.1884 1.0829
17.83 2.2018 1.0896
17.84 2.2152 1.0963
17.85 2.2286 1.103
17.86 2.242 1.1097
17.87 2.2554 1.1164
17.88 2.2688 1.1231
17.89 2.2822 1.1298
17.9 2.2956 1.1365
17.91 2.309 1.1432
17.92 2.3224 1.1499
17.93 2.3358 1.1566
17.94 2.3492 1.1633
17.95 2.3626 1.17
17.96 2.376 1.1767
17.97 2.3894 1.1834
17.98 2.4028 1.1901
17.99 2.4162 1.1968
18.0 2.4296 1.2035
18.01 2.443 1.2102
18.02 2.4564 1.2169
18.03 2.4698 1.2236
18.04 2.4832 1.2303
18.05 2.4966 1.237
18.06 2.51 1.2437
18.07 2.5234 1.2504
18.08 2.5368 1.2571
18.09 2.5502 1.2638
18.1 2.5636 1.2705
18.11 2.577 1.2772
18.12 2.5904 1.2839
18.13 2.6038 1.2906
18.14 2.6172 1.2973
18.15 2.6306 1.304
18.16 2.644 1.3107
18.17 2.6574 1.3174
18.18 2.6708 1.3241
18.19 2.6842 1.3308
18.2 2.6976 1.3375
18.21 2.711 1.3442
18.22 2.7244 1.3509
18.23 2.7378 1.3576
18.24 2.7512 1.3643
18.25 2.7646 1.371
18.26 2.778 1.3777
18.27 2.7914 1.3844
18.28 2.8048 1.3911
18.29 2.8182 1.3978
18.3 2.8316 1.4045
18.31 2.845 1.4112
18.32 2.8584 1.4179
18.33 2.8718 1.4246
18.34 2.8852 1.4313
18.35 2.8986 1.438
18.36 2.912 1.4447
18.37 2.9254 1.4514
18.38 2.9388 1.4581
18.39 2.9522 1.4648
18.4 2.9656 1.4715
18.41 2.979 1.4782
18.42 2.9924 1.4849
18.43 3.0058 1.4916
18.44 3.0192 1.4983
18.45 3.0326 1.505
18.46 3.046 1.5117
18.47 3.0594 1.5184
18.48 3.0728 1.5251
18.49 3.0862 1.5318
18.5 3.0996 1.5385
18.51 3.113 1.5452
18.52 3.1264 1.5519
18.53 3.1398 1.5586
18.54 3.1532 1.5653
18.55 3.1666 1.572
18.56 3.18 1.5787
18.57 3.1934 1.5854
18.58 3.2068 1.5921
18.59 3.2202 1.5988
18.6 3.2336 1.6055
18.61 3.247 1.6122
18.62 3.2604 1.6189
18.63 3.2738 1.6256
18.64 3.2872 1.6323
18.65 3.3006 1.639
18.66 3.314 1.6457
18.67 3.3274 1.6524
18.68 3.3408 1.6591
18.69 3.3542 1.6658
18.7 3.3676 1.6725
18.71 3.381 1.6792
18.72 3.3944 1.6859
18.73 3.4078 1.6926
18.74 3.4212 1.6993
18.75 3.4346 1.706
18.76 3.448 1.7127
18.77 3.4614 1.7194
18.78 3.4748 1.7261
18.79 3.4882 1.7328
18.8 3.5016 1.7395
18.81 3.515 1.7462
18.82 3.5284 1.7529
18.83 3.5418 1.7596
18.84 3.5552 1.7663
18.85 3.5686 1.773
18.86 3.582 1.7797
18.87 3.5954 1.7864
18.88 3.6088 1.7931
18.89 3.6222 1.7998
18.9 3.6356 1.8065
18.91 3.649 1.8132
18.92 3.6624 1.8199
18.93 3.6758 1.8266
18.94 3.6892 1.8333
18.95 3.7026 1.84
18.96 3.716 1.8467
18.97 3.7294 1.8534
18.98 3.7428 1.8601
18.99 3.7562 1.8668
19.0 3.7696 1.8735
19.01 3.783 1.8802
19.02 3.7964 1.8869
19.03 3.8098 1.8936
19.04 3.8232 1.9003
19.05 3.8366 1.907
19.06 3.85 1.9137
19.07 3.8634 1.9204
19.08 3.8768 1.9271
19.09 3.8902 1.9338
19.1 3.9036 1.9405
19.11 3.917 1.9472
19.12 3.9304 1.9539
19.13 3.9438 1.9606
19.14 3.9572 1.9673
19.15 3.9706 1.974
19.16 3.984 1.9807
19.17 3.9974 1.9874
19.18 4.0108 1.9941
19.19 4.0242 2.0008
19.2 4.0376 2.0075
19.21 4.051 2.0142
19.22 4.0644 2.0209
19.23 4.0778 2.0276
19.24 4.0912 2.0343
19.25 4.1046 2.041
19.26 4.118 2.0477
19.27 4.1314 2.0544
19.28 4.1448 2.0611
19.29 4.1582 2.0678
19.3 4.1716 2.0745
19.31 4.185 2.0812
19.32 4.1984 2.0879
19.33 4.2118 2.0946
19.34 4.2252 2.1013
19.35 4.2386 2.108
19.36 4.252 2.1147
19.37 4.2654 2.1214
19.38 4.2788 2.1281
19.39 4.2922 2.1348
19.4 4.3056 2.1415
19.41 4.319 2.1482
19.42 4.3324 2.1549
19.43 4.3458 2.1616
19.44 4.3592 2.1683
19.45 4.3726 2.175
19.46 4.386 2.1817
19.47 4.3994 2.1884
19.48 4.4128 2.1951
19.49 4.4262 2.2018
19.5 4.4396 2.2085
19.51 4.453 2.2152
19.52 4.4664 2.2219
19.53 4.4798 2.2286
19.54 4.4932 2.2353
19.55 4.5066 2.242
19.56 4.52 2.2487
19.57 4.5334 2.2554
19.58 4.5468 2.2621
19.59 4.5602 2.2688
19.6 4.5736 2.2755
19.61 4.587 2.2822
19.62 4.6004 2.2889
19.63 4.6138 2.2956
19.64 4.6272 2.3023
19.65 4.6406 2.309
19.66 4.654 2.3157
19.67 4.6674 2.3224
19.68 4.6808 2.3291
19.69 4.6942 2.3358
19.7 4.7076 2.3425
19.71 4.721 2.3492
19.72 4.7344 2.3559
19.73 4.7478 2.3626
19.74 4.7612 2.3693
19.75 4.7746 2.376
19.76 4.788 2.3827
19.77 4.8014 2.3894
19.78 4.8148 2.3961
19.79 4.8282 2.4028
19.8 4.8416 2.4095
19.81 4.855 2.4162
19.82 4.8684 2.4229
19.83 4.8818 2.4296
19.84 4.8952 2.4363
19.85 4.9086 2.443
19.86 4.922 2.4497
19.87 4.9354 2.4564
19.88 4.9488 2.4631
19.89 4.9622 2.4698
19.9 4.9756 2.4765
19.91 4.989 2.4832
19.92 5.0024 2.4899
19.93 5.0158 2.4966
19.94 5.0292 2.5033
19.95 5.0426 2.51
19.96 5.056 2.5167
19.97 5.0694 2.5234
19.98 5.0828 2.5301
19.99 5.0962 2.5368
20.0 5.1096 2.5435
20.01 5.123 2.5502
20.02 5.1364 2.5569
20.03 5.1498 2.5636
20.04 5.1632 2.5703
20.05 5.1766 2.577
20.06 5.19 2.5837
20.07 5.2034 2.5904
20.08 5.2168 2.5971
20.09 5.2302 2.6038
20.1 5.2436 2.6105
20.11 5.257 2.6172
20.12 5.2704 2.6239
20.13 5.2838 2.6306
20.14 5.2972 2.6373
20.15 5.3106 2.644
20.16 5.324 2.6507
20.17 5.3374 2.6574
20.18 5.3508 2.6641
20.19 5.3642 2.6708
20.2 5.3776 2.6775
20.21 5.391 2.6842
20.22 5.4044 2.6909
20.23 5.4178 2.6976
20.24 5.4312 2.7043
20.25 5.4446 2.711
20.26 5.458 2.7177
20.27 5.4714 2.7244
20.28 5.4848 2.7311
20.29 5.4982 2.7378
20.3 5.5116 2.7445
20.31 5.525 2.7512
20.32 5.5384 2.7579
20.33 5.5518 2.7646
20.34 5.5652 2.7713
20.35 5.5786 2.778
20.36 5.592 2.7847
20.37 5.6054 2.7914
20.38 5.6188 2.7981
20.39 5.6322 2.8048
20.4 5.6456 2.8115
20.41 5.659 2.8182
20.42 5.6724 2.8249
20.43 5.6858 2.8316
20.44 5.6992 2.8383
20.45 5.7126 2.845
20.46 5.726 2.8517
20.47 5.7394 2.8584
20.48 5.7528 2.8651
20.49 5.7662 2.8718
20.5 5.7796 2.8785
20.51 5.793 2.8852
20.52 5.8064 2.8919
20.53 5.8198 2.8986
20.54 5.8332 2.9053
20.55 5.8466 2.912
20.56 5.86 2.9187
20.57 5.8734 2.9254
20.58 5.8868 2.9321
20.59 5.9002 2.9388
20.6 5.9136 2.9455
20.61 5.927 2.9522
20.62 5.9404 2.9589
20.63 5.9538 2.9656
20.64 5.9672 2.9723
20.65 5.9806 2.979
20.66 5.994 2.9857
20.67 6.0074 2.9924
20.68 6.0208 2.9991
20.69 6.0342 3.0058
20.7 6.0476 3.0125
20.71 6.061 3.0192
20.72 6.0744 3.0259
20.73 6.0878 3.0326
20.74 6.1012 3.0393
20.75 6.1146 3.046
20.76 6.128 3.0527
20.77 6.1414 3.0594
20.78 6.1548 3.0661
20.79 6.1682 3.0728
20.8 6.1816 3.0795
20.81 6.195 3.0862
20.82 6.2084 3.0929
20.83 6.2218 3.0996
20.84 6.2352 3.1063
20.85 6.2486 3.113
20.86 6.262 3.1197
20.87 6.2754 3.1264
20.88 6.2888 3.1331
20.89 6.3022 3.1398
20.9 6.3156 3.1465
20.91 6.329 3.1532
20.92 6.3424 3.1599
20.93 6.3558 3.1666
20.94 6.3692 3.1733
20.95 6.3826 3.18
20.96 6.396 3.1867
20.97 6.4094 3.1934
20.98 6.4228 3.2001
20.99 6.4362 3.2068
21.0 6.4496 3.2135
21.01 6.463 3.2202
21.02 6.4764 3.2269
21.03 6.4898 3.2336
21.04 6.5032 3.2403
21.05 6.5166 3.247
21.06 6.53 3.2537
21.07 6.5434 3.2604
21.08 6.5568 3.2671
21.09 6.5702 3.2738
21.1 6.5836 3.2805
21.11 6.597 3.2872
21.12 6.6104 3.2939
21.13 6.6238 3.3006
21.14 6.6372 3.3073
21.15 6.6506 3.314
21.16 6.664 3.3207
21.17 6.6774 3.3274
21.18 6.6908 3.3341
21.19 6.7042 3.3408
21.2 6.7176 3.3475
21.21 6.731 3.3542
21.22 6.7444 3.3609
21.23 6.7578 3.3676
21.24 6.7712 3.3743
21.25 6.7846 3.381
21.26 6.798 3.3877
21.27 6.8114 3.3944
21.28 6.8248 3.4011
21.29 6.8382 3.4078
21.3 6.8516 3.4145
21.31 6.865 3.4212
21.32 6.8784 3.4279
21.33 6.8918 3.4346
21.34 6.9052 3.4413
21.35 6.9186 3.448
21.36 6.932 3.4547
21.37 6.9454 3.4614
21.38 6.9588 3.4681
21.39 6.9722 3.4748
21.4 6.9856 3.4815
21.41 6.999 3.4882
21.42 7.0124 3.4949
21.43 7.0258 3.5016
21.44 7.0392 3.5083
21.45 7.0526 3.515
21.46 7.066 3.5217
21.47 7.0794 3.5284
21.48 7.0928 3.5351
21.49 7.1062 3.5418
21.5 7.1196 3.5485
21.51 7.133 3.5552
21.52 7.1464 3.5619
21.53 7.1598 3.5686
21.54 7.1732 3.5753
21.55 7.1866 3.582
21.56 7.2 3.5887
21.57 7.2134 3.5954
21.58 7.2268 3.6021
21.59 7.2402 3.6088
21.6 7.2536 3.6155
21.61 7.267 3.6222
21.62 7.2804 3.6289
21.63 7.2938 3.6356
21.64 7.3072 3.6423
21.65 7.3206 3.649
21.66 7.334 3.6557
21.67 7.3474 3.6624
21.68 7.3608 3.6691
21.69 7.3742 3.6758
21.7 7.3876 3.6825
21.71 7.401 3.6892
21.72 7.4144 3.6959
21.73 7.4278 3.7026
21.74 7.4412 3.7093
21.75 7.4546 3.716
21.76 7.468 3.7227
21.77 7.4814 3.7294
21.78 7.4948 3.7361
21.79 7.5082 3.7428
21.8 7.5216 3.7495
21.81 7.535 3.7562
21.82 7.5484 3.7629
21.83 7.5618 3.7696
21.84 7.5752 3.7763
21.85 7.5886 3.783
21.86 7.602 3.7897
21.87 7.6154 3.7964
21.88 7.6288 3.8031
21.89 7.6422 3.8098
21.9 7.6556 3.8165
21.91 7.669 3.8232
21.92 7.6824 3.8299
21.93 7.6958 3.8366
21.94 7.7092 3.8433
21.95 7.7226 3.85
21.96 7.736 3.8567
21.97 7.7494 3.8634
21.98 7.7628 3.8701
21.99 7.7762 3.8768
22.0 7.7896 3.8835
22.01 7.803 3.8902
22.02 7.8164 3.8969
22.03 7.8298 3.9036
22.04 7.8432 3.9103
22.05 7.8566 3.917
22.06 7.87 3.9237
22.07 7.8834 3.9304
22.08 7.8968 3.9371
22.09 7.9102 3.9438
22.1 7.9236 3.9505
22.11 7.937 3.9572
22.12 7.9504 3.9639
22.13 7.9638 3.9706
22.14 7.9772 3.9773
22.15 7.9906 3.984
22.16 8.004 3.9907
22.17 8.0174 3.9974
22.18 8.0308 4.0041
22.19 8.0442 4.0108
22.2 8.0576 4.0175
22.21 8.071 4.0242
22.22 8.0844 4.0309
22.23 8.0978 4.0376
22.24 8.1112 4.0443
22.25 8.1246 4.051
22.26 8.138 4.0577
22.27 8.1514 4.0644
22.28 8.1648 4.0711
22.29 8.1782 4.0778
22.3 8.1916 4.0845
22.31 8.205 4.0912
22.32 8.2184 4.0979
22.33 8.2318 4.1046
22.34 8.2452 4.1113
22.35 8.2586 4.118
22.36 8.272 4.1247
22.37 8.2854 4.1314
22.38 8.2988 4.1381
22.39 8.3122 4.1448
22.4 8.3256 4.1515
22.41 8.339 4.1582
22.42 8.3524 4.1649
22.43 8.3658 4.1716
22.44 8.3792 4.1783
22.45 8.3926 4.185
22.46 8.406 4.1917
22.47 8.4194 4.1984
22.48 8.4328 4.2051
22.49 8.4462 4.2118
22.5 8.4596 4.2185
22.51 8.473 4.2252
22.52 8.4864 4.2319
22.53 8.4998 4.2386
22.54 8.5132 4.2453
22.55 8.5266 4.252
22.56 8.54 4.2587
22.57 8.5534 4.2654
22.58 8.5668 4.2721
22.59 8.5802 4.2788
22.6 8.5936 4.2855
22.61 8.607 4.2922
22.62 8.6204 4.2989
22.63 8.6338 4.3056
22.64 8.6472 4.3123
22.65 8.6606 4.319
22.66 8.674 4.3257
22.67 8.6874 4.3324
22.68 8.7008 4.3391
22.69 8.7142 4.3458
22.7 8.7276 4.3525
22.71 8.741 4.3592
22.72 8.7544 4.3659
22.73 8.7678 4.3726
22.74 8.7812 4.3793
22.75 8.7946 4.386
22.76 8.808 4.3927
22.77 8.8214 4.3994
22.78 8.8348 4.4061
22.79 8.8482 4.4128
22.8 8.8616 4.4195
22.81 8.875 4.4262
22.82 8.8884 4.4329
22.83 8.9018 4.4396
22.84 8.9152 4.4463
22.85 8.9286 4.453
22.86 8.942 4.4597
22.87 8.9554 4.4664
22.88 8.9688 4.4731
22.89 8.9822 4.4798
22.9 8.9956 4.4865
22.91 9.009 4.4932
22.92 9.0224 4.4999
22.93 9.0358 4.5066
22.94 9.0492 4.5133
22.95 9.0626 4.52
22.96 9.076 4.5267
22.97 9.0894 4.5334
22.98 9.1028 4.5401
22.99 9.1162 4.5468
23.0 9.1296 4.5535
23.01 9.143 4.5602
23.02 9.1564 4.5669
23.03 9.1698 4.5736
23.04 9.1832 4.5803
23.05 9.1966 4.587
23.06 9.21 4.5937
23.07 9.2234 4.6004
23.08 9.2368 4.6071
23.09 9.2502 4.6138
23.1 9.2636 4.6205
23.11 9.277 4.6272
23.12 9.2904 4.6339
23.13 9.3038 4.6406
23.14 9.3172 4.6473
23.15 9.3306 4.654
23.16 9.344 4.6607
23.17 9.3574 4.6674
23.18 9.3708 4.6741
23.19 9.3842 4.6808
23.2 9.3976 4.6875
23.21 9.411 4.6942
23.22 9.4244 4.7009
23.23 9.4378 4.7076
23.24 9.4512 4.7143
23.25 9.4646 4.721
23.26 9.478 4.7277
23.27 9.4914 4.7344
23.28 9.5048 4.7411
23.29 9.5182 4.7478
23.3 9.5316 4.7545
23.31 9.545 4.7612
23.32 9.5584 4.7679
23.33 9.5718 4.7746
23.34 9.5852 4.7813
23.35 9.5986 4.788
23.36 9.612 4.7947
23.37 9.6254 4.8014
23.38 9.6388 4.8081
23.39 9.6522 4.8148
23.4 9.6656 4.8215
23.41 9.679 4.8282
23.42 9.6924 4.8349
23.43 9.7058 4.8416
23.44 9.7192 4.8483
23.45 9.7326 4.855
23.46 9.746 4.8617
23.47 9.7594 4.8684
23.48 9.7728 4.8751
23.49 9.7862 4.8818
23.5 9.7996 4.8885
23.51 9.813 4.8952
23.52 9.8264 4.9019
23.53 9.8398 4.9086
23.54 9.8532 4.9153
23.55 9.8666 4.922
23.56 9.88 4.9287
23.57 9.8934 4.9354
23.58 9.9068 4.9421
23.59 9.9202 4.9488
23.6 9.9336 4.9555
23.61 9.947 4.9622
23.62 9.9604 4.9689
23.63 9.9738 4.9756
23.64 9.9872 4.9823
23.65 10.0006 4.989
