0.21 9.985 10.0
0.22 9.97 10.0
0.23 9.955 10.0
0.24 9.94 10.0
0.25 9.925 10.0
0.26 9.91 10.0
0.27 9.895 10.0
0.28 9.88 10.0
0.29 9.865 10.0
0.3 9.85 10.0
0.31 9.835 10.0
0.32 9.82 10.0
0.33 9.805 10.0
0.34 9.79 10.0
0.35 9.775 10.0
0.36 9.76 10.0
0.37 9.745 10.0
0.38 9.73 10.0
0.39 9.715 10.0
0.4 9.7 10.0
0.41 9.685 10.0
0.42 9.67 10.0
0.43 9.655 10.0
0.44 9.64 10.0
0.45 9.625 10.0
0.46 9.61 10.0
0.47 9.595 10.0
0.48 9.58 10.0
0.49 9.565 10.0
0.5 9.55 10.0
0.51 9.535 10.0
0.52 9.52 10.0
0.53 9.505 10.0
0.54 9.49 10.0
0.55 9.475 10.0
0.56 9.46 10.0
0.57 9.445 10.0
0.58 9.43 10.0
0.59 9.415 10.0
0.6 9.4 10.0
0.61 9.385 10.0
0.62 9.37 10.0
0.63 9.355 10.0
0.64 9.34 10.0
0.65 9.325 10.0
0.66 9.31 10.0
0.67 9.295 10.0
0.68 9.28 10.0
0.69 9.265 10.0
0.7 9.25 10.0
0.71 9.235 10.0
0.72 9.22 10.0
0.73 9.205 10.0
0.74 9.19 10.0
0.75 9.175 10.0
0.76 9.16 10.0
0.77 9.145 10.0
0.78 9.13 10.0
0.79 9.115 10.0
0.8 9.1 10.0
0.81 9.085 10.0
0.82 9.07 10.0
0.83 9.055 10.0
0.84 9.04 10.0
0.85 9.025 10.0
0.86 9.01 10.0
0.87 8.995 10.0
0.88 8.98 10.0
0.89 8.965 10.0
0.9 8.95 10.0
0.91 8.935 10.0
0.92 8.92 10.0
0.93 8.905 10.0
0.94 8.89 10.0
0.95 8.875 10.0
0.96 8.86 10.0
0.97 8.845 10.0
0.98 8.83 10.0
0.99 8.815 10.0
1.0 8.8 10.0
1.01 8.785 10.0
1.02 8.77 10.0
1.03 8.755 10.0
1.04 8.74 10.0
1.05 8.725 10.0
1.06 8.71 10.0
1.07 8.695 10.0
1.08 8.68 10.0
1.09 8.665 10.0
1.1 8.65 10.0
1.11 8.635 10.0
1.12 8.62 10.0
1.13 8.605 10.0
1.14 8.59 10.0
1.15 8.575 10.0
1.16 8.56 10.0
1.17 8.545 10.0
1.18 8.53 10.0
1.19 8.515 10.0
1.2 8.5 10.0
1.21 8.485 10.0
1.22 8.47 10.0
1.23 8.455 10.0
1.24 8.44 10.0
1.25 8.425 10.0
1.26 8.41 10.0
1.27 8.395 10.0
1.28 8.38 10.0
1.29 8.365 10.0
1.3 8.35 10.0
1.31 8.335 10.0
1.32 8.32 10.0
1.33 8.305 10.0
1.34 8.29 10.0
1.35 8.275 10.0
1.36 8.26 10.0
1.37 8.245 10.0
1.38 8.23 10.0
1.39 8.215 10.0
1.4 8.2 10.0
1.41 8.185 10.0
1.42 8.17 10.0
1.43 8.155 10.0
1.44 8.14 10.0
1.45 8.125 10.0
1.46 8.11 10.0
1.47 8.095 10.0
1.48 8.08 10.0
1.49 8.065 10.0
1.5 8.05 10.0
1.51 8.035 10.0
1.52 8.02 10.0
1.53 8.005 10.0
1.54 7.99 10.0
1.55 7.975 10.0
1.56 7.96 10.0
1.57 7.945 10.0
1.58 7.93 10.0
1.59 7.915 10.0
1.6 7.9 10.0
1.61 7.885 10.0
1.62 7.87 10.0
1.63 7.855 10.0
1.64 7.84 10.0
1.65 7.825 10.0
1.66 7.81 10.0
1.67 7.795 10.0
1.68 7.78 10.0
1.69 7.765 10.0
1.7 7.75 10.0
1.71 7.735 10.0
1.72 7.72 10.0
1.73 7.705 10.0
1.74 7.69 10.0
1.75 7.675 10.0
1.76 7.66 10.0
1.77 7.645 10.0
1.78 7.63 10.0
1.79 7.615 10.0
1.8 7.6 10.0
1.81 7.585 10.0
1.82 7.57 10.0
1.83 7.555 10.0
1.84 7.54 10.0
1.85 7.525 10.0
1.86 7.51 10.0
1.87 7.495 10.0
1.88 7.48 10.0
1.89 7.465 10.0
1.9 7.45 10.0
1.91 7.435 10.0
1.92 7.42 10.0
1.93 7.405 10.0
1.94 7.39 10.0
1.95 7.375 10.0
1.96 7.36 10.0
1.97 7.345 10.0
1.98 7.33 10.0
1.99 7.315 10.0
2.0 7.3 10.0
2.01 7.285 10.0
2.02 7.27 10.0
2.03 7.255 10.0
2.04 7.24 10.0
2.05 7.225 10.0
2.06 7.21 10.0
2.07 7.195 10.0
2.08 7.18 10.0
2.09 7.165 10.0
2.1 7.15 10.0
2.11 7.135 10.0
2.12 7.12 10.0
2.13 7.105 10.0
2.14 7.09 10.0
2.15 7.075 10.0
2.16 7.06 10.0
2.17 7.045 10.0
2.18 7.03 10.0
2.19 7.015 10.0
2.2 7.0 10.0
2.21 6.985 10.0
2.22 6.97 10.0
2.23 6.955 10.0
2.24 6.94 10.0
2.25 6.925 10.0
2.26 6.91 10.0
2.27 6.895 10.0
2.28 6.88 10.0
2.29 6.865 10.0
2.3 6.85 10.0
2.31 6.835 10.0
2.32 6.82 10.0
2.33 6.805 10.0
2.34 6.79 10.0
2.35 6.775 10.0
2.36 6.76 10.0
2.37 6.745 10.0
2.38 6.73 10.0
2.39 6.715 10.0
2.4 6.7 10.0
2.41 6.685 10.0
2.42 6.67 10.0
2.43 6.655 10.0
2.44 6.64 10.0
2.45 6.625 10.0
2.46 6.61 10.0
2.47 6.595 10.0
2.48 6.58 10.0
2.49 6.565 10.0
2.5 6.55 10.0
2.51 6.535 10.0
2.52 6.52 10.0
2.53 6.505 10.0
2.54 6.49 10.0
2.55 6.475 10.0
2.56 6.46 10.0
2.57 6.445 10.0
2.58 6.43 10.0
2.59 6.415 10.0
2.6 6.4 10.0
2.61 6.385 10.0
2.62 6.37 10.0
2.63 6.355 10.0
2.64 6.34 10.0
2.65 6.325 10.0
2.66 6.31 10.0
2.67 6.295 10.0
2.68 6.28 10.0
2.69 6.265 10.0
2.7 6.25 10.0
2.71 6.235 10.0
2.72 6.22 10.0
2.73 6.205 10.0
2.74 6.19 10.0
2.75 6.175 10.0
2.76 6.16 10.0
2.77 6.145 10.0
2.78 6.13 10.0
2.79 6.115 10.0
2.8 6.1 10.0
2.81 6.085 10.0
2.82 6.07 10.0
2.83 6.055 10.0
2.84 6.04 10.0
2.85 6.025 10.0
2.86 6.01 10.0
2.87 5.995 10.0
2.88 5.98 10.0
2.89 5.965 10.0
2.9 5.95 10.0
2.91 5.935 10.0
2.92 5.92 10.0
2.93 5.905 10.0
2.94 5.89 10.0
2.95 5.875 10.0
2.96 5.86 10.0
2.97 5.845 10.0
2.98 5.83 10.0
2.99 5.815 10.0
3.0 5.8 10.0
3.01 5.785 10.0
3.02 5.77 10.0
3.03 5.755 10.0
3.04 5.74 10.0
3.05 5.725 10.0
3.06 5.71 10.0
3.07 5.695 10.0
3.08 5.68 10.0
3.09 5.665 10.0
3.1 5.65 10.0
3.11 5.635 10.0
3.12 5.62 10.0
3.13 5.605 10.0
3.14 5.59 10.0
3.15 5.575 10.0
3.16 5.56 10.0
3.17 5.545 10.0
3.18 5.53 10.0
3.19 5.515 10.0
3.2 5.5 10.0
3.21 5.485 10.0
3.22 5.47 10.0
3.23 5.455 10.0
3.24 5.44 10.0
3.25 5.425 10.0
3.26 5.41 10.0
3.27 5.395 10.0
3.28 5.38 10.0
3.29 5.365 10.0
3.3 5.35 10.0
3.31 5.335 10.0
3.32 5.32 10.0
3.33 5.305 10.0
3.34 5.29 10.0
3.35 5.275 10.0
3.36 5.26 10.0
3.37 5.245 10.0
3.38 5.23 10.0
3.39 5.215 10.0
3.4 5.2 10.0
3.41 5.185 10.0
3.42 5.17 10.0
3.43 5.155 10.0
3.44 5.14 10.0
3.45 5.125 10.0
3.46 5.11 10.0
3.47 5.095 10.0
3.48 5.08 10.0
3.49 5.065 10.0
3.5 5.05 10.0
3.51 5.035 10.0
3.52 5.02 10.0
3.53 5.005 10.0
3.54 4.99 10.0
3.55 4.975 10.0
3.56 4.96 10.0
3.57 4.945 10.0
3.58 4.93 10.0
3.59 4.915 10.0
3.6 4.9 10.0
3.61 4.885 10.0
3.62 4.87 10.0
3.63 4.855 10.0
3.64 4.84 10.0
3.65 4.825 10.0
3.66 4.81 10.0
3.67 4.795 10.0
3.68 4.78 10.0
3.69 4.765 10.0
3.7 4.75 10.0
3.71 4.735 10.0
3.72 4.72 10.0
3.73 4.705 10.0
3.74 4.69 10.0
3.75 4.675 10.0
3.76 4.66 10.0
3.77 4.645 10.0
3.78 4.63 10.0
3.79 4.615 10.0
3.8 4.6 10.0
3.81 4.585 10.0
3.82 4.57 10.0
3.83 4.555 10.0
3.84 4.54 10.0
3.85 4.525 10.0
3.86 4.51 10.0
3.87 4.495 10.0
3.88 4.48 10.0
3.89 4.465 10.0
3.9 4.45 10.0
3.91 4.435 10.0
3.92 4.42 10.0
3.93 4.405 10.0
3.94 4.39 10.0
3.95 4.375 10.0
3.96 4.36 10.0
3.97 4.345 10.0
3.98 4.33 10.0
3.99 4.315 10.0
4.0 4.3 10.0
4.01 4.285 10.0
4.02 4.27 10.0
4.03 4.255 10.0
4.04 4.24 10.0
4.05 4.225 10.0
4.06 4.21 10.0
4.07 4.195 10.0
4.08 4.18 10.0
4.09 4.165 10.0
4.1 4.15 10.0
4.11 4.135 10.0
4.12 4.12 10.0
4.13 4.105 10.0
4.14 4.09 10.0
4.15 4.075 10.0
4.16 4.06 10.0
4.17 4.045 10.0
4.18 4.03 10.0
4.19 4.015 10.0
4.2 4.0 10.0
4.21 3.985 10.0
4.22 3.97 10.0
4.23 3.955 10.0
4.24 3.94 10.0
4.25 3.925 10.0
4.26 3.91 10.0
4.27 3.895 10.0
4.28 3.88 10.0
4.29 3.865 10.0
4.3 3.85 10.0
4.31 3.835 10.0
4.32 3.82 10.0
4.33 3.805 10.0
4.34 3.79 10.0
4.35 3.775 10.0
4.36 3.76 10.0
4.37 3.745 10.0
4.38 3.73 10.0
4.39 3.715 10.0
4.4 3.7 10.0
4.41 3.685 10.0
4.42 3.67 10.0
4.43 3.655 10.0
4.44 3.64 10.0
4.45 3.625 10.0
4.46 3.61 10.0
4.47 3.595 10.0
4.48 3.58 10.0
4.49 3.565 10.0
4.5 3.55 10.0
4.51 3.535 10.0
4.52 3.52 10.0
4.53 3.505 10.0
4.54 3.49 10.0
4.55 3.475 10.0
4.56 3.46 10.0
4.57 3.445 10.0
4.58 3.43 10.0
4.59 3.415 10.0
4.6 3.4 10.0
4.61 3.385 10.0
4.62 3.37 10.0
4.63 3.355 10.0
4.64 3.34 10.0
4.65 3.325 10.0
4.66 3.31 10.0
4.67 3.295 10.0
4.68 3.28 10.0
4.69 3.265 10.0
4.7 3.25 10.0
4.71 3.235 10.0
4.72 3.22 10.0
4.73 3.205 10.0
4.74 3.19 10.0
4.75 3.175 10.0
4.76 3.16 10.0
4.77 3.145 10.0
4.78 3.13 10.0
4.79 3.115 10.0
4.8 3.1 10.0
4.81 3.085 10.0
4.82 3.07 10.0
4.83 3.055 10.0
4.84 3.04 10.0
4.85 3.025 10.0
4.86 3.01 10.0
4.87 2.995 10.0
4.88 2.98 10.0
4.89 2.965 10.0
4.9 2.95 10.0
4.91 2.935 10.0
4.92 2.92 10.0
4.93 2.905 10.0
4.94 2.89 10.0
4.95 2.875 10.0
4.96 2.86 10.0
4.97 2.845 10.0
4.98 2.83 10.0
4.99 2.815 10.0
5.0 2.8 10.0
5.01 2.785 10.0
5.02 2.77 10.0
5.03 2.755 10.0
5.04 2.74 10.0
5.05 2.725 10.0
5.06 2.71 10.0
5.07 2.695 10.0
5.08 2.68 10.0
5.09 2.665 10.0
5.1 2.65 10.0
5.11 2.635 10.0
5.12 2.62 10.0
5.13 2.605 10.0
5.14 2.59 10.0
5.15 2.575 10.0
5.16 2.56 10.0
5.17 2.545 10.0
5.18 2.53 10.0
5.19 2.515 10.0
5.2 2.5 10.0
5.21 2.485 10.0
5.22 2.47 10.0
5.23 2.455 10.0
5.24 2.44 10.0
5.25 2.425 10.0
5.26 2.41 10.0
5.27 2.395 10.0
5.28 2.38 10.0
5.29 2.365 10.0
5.3 2.35 10.0
5.31 2.335 10.0
5.32 2.32 10.0
5.33 2.305 10.0
5.34 2.29 10.0
5.35 2.275 10.0
5.36 2.26 10.0
5.37 2.245 10.0
5.38 2.23 10.0
5.39 2.215 10.0
5.4 2.2 10.0
5.41 2.185 10.0
5.42 2.17 10.0
5.43 2.155 10.0
5.44 2.14 10.0
5.45 2.125 10.0
5.46 2.11 10.0
5.47 2.095 10.0
5.48 2.08 10.0
5.49 2.065 10.0
5.5 2.05 10.0
5.51 2.035 10.0
5.52 2.02 10.0
5.53 2.005 10.0
5.54 1.99 10.0
5.55 1.975 10.0
5.56 1.96 10.0
5.57 1.945 10.0
5.58 1.93 10.0
5.59 1.915 10.0
5.6 1.9 10.0
5.61 1.885 10.0
5.62 1.87 10.0
5.63 1.855 10.0
5.64 1.84 10.0
5.65 1.825 10.0
5.66 1.81 10.0
5.67 1.795 10.0
5.68 1.78 10.0
5.69 1.765 10.0
5.7 1.75 10.0
5.71 1.735 10.0
5.72 1.72 10.0
5.73 1.705 10.0
5.74 1.69 10.0
5.75 1.675 10.0
5.76 1.66 10.0
5.77 1.645 10.0
5.78 1.63 10.0
5.79 1.615 10.0
5.8 1.6 10.0
5.81 1.585 10.0
5.82 1.57 10.0
5.83 1.555 10.0
5.84 1.54 10.0
5.85 1.525 10.0
5.86 1.51 10.0
5.87 1.495 10.0
5.88 1.48 10.0
5.89 1.465 10.0
5.9 1.45 10.0
5.91 1.435 10.0
5.92 1.42 10.0
5.93 1.405 10.0
5.94 1.39 10.0
5.95 1.375 10.0
5.96 1.36 10.0
5.97 1.345 10.0
5.98 1.33 10.0
5.99 1.315 10.0
6.0 1.3 10.0
6.01 1.285 10.0
6.02 1.27 10.0
6.03 1.255 10.0
6.04 1.24 10.0
6.05 1.225 10.0
6.06 1.21 10.0
6.07 1.195 10.0
6.08 1.18 10.0
6.09 1.165 10.0
6.1 1.15 10.0
6.11 1.135 10.0
6.12 1.12 10.0
6.13 1.105 10.0
6.14 1.09 10.0
6.15 1.075 10.0
6.16 1.06 10.0
6.17 1.045 10.0
6.18 1.03 10.0
6.19 1.015 10.0
6.2 1.0 10.0
6.21 0.985 10.0
6.22 0.97 10.0
6.23 0.955 10.0
6.24 0.94 10.0
6.25 0.925 10.0
6.26 0.91 10.0
6.27 0.895 10.0
6.28 0.88 10.0
6.29 0.865 10.0
6.3 0.85 10.0
6.31 0.835 10.0
6.32 0.82 10.0
6.33 0.805 10.0
6.34 0.79 10.0
6.35 0.775 10.0
6.36 0.76 10.0
6.37 0.745 10.0
6.38 0.73 10.0
6.39 0.715 10.0
6.4 0.7 10.0
6.41 0.685 10.0
6.42 0.67 10.0
6.43 0.655 10.0
6.44 0.64 10.0
6.45 0.625 10.0
6.46 0.61 10.0
6.47 0.595 10.0
6.48 0.58 10.0
6.49 0.565 10.0
6.5 0.55 10.0
6.51 0.535 10.0
6.52 0.52 10.0
6.53 0.505 10.0
6.54 0.49 10.0
6.55 0.475 10.0
6.56 0.46 10.0
6.57 0.445 10.0
6.58 0.43 10.0
6.59 0.415 10.0
6.6 0.4 10.0
6.61 0.385 10.0
6.62 0.37 10.0
6.63 0.355 10.0
6.64 0.34 10.0
6.65 0.325 10.0
6.66 0.31 10.0
6.67 0.295 10.0
6.68 0.28 10.0
6.69 0.265 10.0
6.7 0.25 10.0
6.71 0.235 10.0
6.72 0.22 10.0
6.73 0.205 10.0
6.74 0.19 10.0
6.75 0.175 10.0
6.76 0.16 10.0
6.77 0.145 10.0
6.78 0.13 10.0
6.79 0.115 10.0
6.8 0.1 10.0
6.81 0.085 10.0
6.82 0.07 10.0
6.83 0.055 10.0
6.84 0.04 10.0
6.85 0.025 10.0
6.86 0.01 10.0
6.87 -0.005 10.0
6.88 -0.005 9.985
6.89 -0.005 9.97
6.9 -0.005 9.955
6.91 -0.005 9.94
6.92 -0.005 9.925
6.93 -0.005 9.91
6.94 -0.005 9.895
6.95 -0.005 9.88
6.96 -0.005 9.865
6.97 -0.005 9.85
6.98 -0.005 9.835
6.99 -0.005 9.82
7.0 -0.005 9.805
7.01 -0.005 9.79
7.02 -0.005 9.775
7.03 -0.005 9.76
7.04 -0.005 9.745
7.05 -0.005 9.73
7.06 -0.005 9.715
7.07 -0.005 9.7
7.08 -0.005 9.685
7.09 -0.005 9.67
7.1 -0.005 9.655
7.11 -0.005 9.64
7.12 -0.005 9.625
7.13 -0.005 9.61
7.14 -0.005 9.595
7.15 -0.005 9.58
7.16 -0.005 9.565
7.17 -0.005 9.55
7.18 -0.005 9.535
7.19 -0.005 9.52
7.2 -0.005 9.505
7.21 -0.005 9.49
7.22 -0.005 9.475
7.23 -0.005 9.46
7.24 -0.005 9.445
7.25 -0.005 9.43
7.26 -0.005 9.415
7.27 -0.005 9.4
7.28 -0.005 9.385
7.29 -0.005 9.37
7.3 -0.005 9.355
7.31 -0.005 9.34
7.32 -0.005 9.325
7.33 -0.005 9.31
7.34 -0.005 9.295
7.35 -0.005 9.28
7.36 -0.005 9.265
7.37 -0.005 9.25
7.38 -0.005 9.235
7.39 -0.005 9.22
7.4 -0.005 9.205
7.41 -0.005 9.19
7.42 -0.005 9.175
7.43 -0.005 9.16
7.44 -0.005 9.145
7.45 -0.005 9.13
7.46 -0.005 9.115
7.47 -0.005 9.1
7.48 -0.005 9.085
7.49 -0.005 9.07
7.5 -0.005 9.055
7.51 -0.005 9.04
7.52 -0.005 9.025
7.53 -0.005 9.01
7.54 -0.005 8.995
7.55 -0.005 8.98
7.56 -0.005 8.965
7.57 -0.005 8.95
7.58 -0.005 8.935
7.59 -0.005 8.92
7.6 -0.005 8.905
7.61 -0.005 8.89
7.62 -0.005 8.875
7.63 -0.005 8.86
7.64 -0.005 8.845
7.65 -0.005 8.83
7.66 -0.005 8.815
7.67 -0.005 8.8
7.68 -0.005 8.785
7.69 -0.005 8.77
7.7 -0.005 8.755
7.71 -0.005 8.74
7.72 -0.005 8.725
7.73 -0.005 8.71
7.74 -0.005 8.695
7.75 -0.005 8.68
7.76 -0.005 8.665
7.77 -0.005 8.65
7.78 -0.005 8.635
7.79 -0.005 8.62
7.8 -0.005 8.605
7.81 -0.005 8.59
7.82 -0.005 8.575
7.83 -0.005 8.56
7.84 -0.005 8.545
7.85 -0.005 8.53
7.86 -0.005 8.515
7.87 -0.005 8.5
7.88 -0.005 8.485
7.89 -0.005 8.47
7.9 -0.005 8.455
7.91 -0.005 8.44
7.92 -0.005 8.425
7.93 -0.005 8.41
7.94 -0.005 8.395
7.95 -0.005 8.38
7.96 -0.005 8.365
7.97 -0.005 8.35
7.98 -0.005 8.335
7.99 -0.005 8.32
8.0 -0.005 8.305
8.01 -0.005 8.29
8.02 -0.005 8.275
8.03 -0.005 8.26
8.04 -0.005 8.245
8.05 -0.005 8.23
8.06 -0.005 8.215
8.07 -0.005 8.2
8.08 -0.005 8.185
8.09 -0.005 8.17
8.1 -0.005 8.155
8.11 -0.005 8.14
8.12 -0.005 8.125
8.13 -0.005 8.11
8.14 -0.005 8.095
8.15 -0.005 8.08
8.16 -0.005 8.065
8.17 -0.005 8.05
8.18 -0.005 8.035
8.19 -0.005 8.02
8.2 -0.005 8.005
8.21 -0.005 7.99
8.22 -0.005 7.975
8.23 -0.005 7.96
8.24 -0.005 7.945
8.25 -0.005 7.93
8.26 -0.005 7.915
8.27 -0.005 7.9
8.28 -0.005 7.885
8.29 -0.005 7.87
8.3 -0.005 7.855
8.31 -0.005 7.84
8.32 -0.005 7.825
8.33 -0.005 7.81
8.34 -0.005 7.795
8.35 -0.005 7.78
8.36 -0.005 7.765
8.37 -0.005 7.75
8.38 -0.005 7.735
8.39 -0.005 7.72
8.4 -0.005 7.705
8.41 -0.005 7.69
8.42 -0.005 7.675
8.43 -0.005 7.66
8.44 -0.005 7.645
8.45 -0.005 7.63
8.46 -0.005 7.615
8.47 -0.005 7.6
8.48 -0.005 7.585
8.49 -0.005 7.57
8.5 -0.005 7.555
8.51 -0.005 7.54
8.52 -0.005 7.525
8.53 -0.005 7.51
8.54 -0.005 7.495
8.55 -0.005 7.48
8.56 -0.005 7.465
8.57 -0.005 7.45
8.58 -0.005 7.435
8.59 -0.005 7.42
8.6 -0.005 7.405
8.61 -0.005 7.39
8.62 -0.005 7.375
8.63 -0.005 7.36
8.64 -0.005 7.345
8.65 -0.005 7.33
8.66 -0.005 7.315
8.67 -0.005 7.3
8.68 -0.005 7.285
8.69 -0.005 7.27
8.7 -0.005 7.255
8.71 -0.005 7.24
8.72 -0.005 7.225
8.73 -0.005 7.21
8.74 -0.005 7.195
8.75 -0.005 7.18
8.76 -0.005 7.165
8.77 -0.005 7.15
8.78 -0.005 7.135
8.79 -0.005 7.12
8.8 -0.005 7.105
8.81 -0.005 7.09
8.82 -0.005 7.075
8.83 -0.005 7.06
8.84 -0.005 7.045
8.85 -0.005 7.03
8.86 -0.005 7.015
8.87 -0.005 7.0
8.88 -0.005 6.985
8.89 -0.005 6.97
8.9 -0.005 6.955
8.91 -0.005 6.94
8.92 -0.005 6.925
8.93 -0.005 6.91
8.94 -0.005 6.895
8.95 -0.005 6.88
8.96 -0.005 6.865
8.97 -0.005 6.85
8.98 -0.005 6.835
8.99 -0.005 6.82
9.0 -0.005 6.805
9.01 -0.005 6.79
9.02 -0.005 6.775
9.03 -0.005 6.76
9.04 -0.005 6.745
9.05 -0.005 6.73
9.06 -0.005 6.715
9.07 -0.005 6.7
9.08 -0.005 6.685
9.09 -0.005 6.67
9.1 -0.005 6.655
9.11 -0.005 6.64
9.12 -0.005 6.625
9.13 -0.005 6.61
9.14 -0.005 6.595
9.15 -0.005 6.58
9.16 -0.005 6.565
9.17 -0.005 6.55
9.18 -0.005 6.535
9.19 -0.005 6.52
9.2 -0.005 6.505
9.21 -0.005 6.49
9.22 -0.005 6.475
9.23 -0.005 6.46
9.24 -0.005 6.445
9.25 -0.005 6.43
9.26 -0.005 6.415
9.27 -0.005 6.4
9.28 -0.005 6.385
9.29 -0.005 6.37
9.3 -0.005 6.355
9.31 -0.005 6.34
9.32 -0.005 6.325
9.33 -0.005 6.31
9.34 -0.005 6.295
9.35 -0.005 6.28
9.36 -0.005 6.265
9.37 -0.005 6.25
9.38 -0.005 6.235
9.39 -0.005 6.22
9.4 -0.005 6.205
9.41 -0.005 6.19
9.42 -0.005 6.175
9.43 -0.005 6.16
9.44 -0.005 6.145
9.45 -0.005 6.13
9.46 -0.005 6.115
9.47 -0.005 6.1
9.48 -0.005 6.085
9.49 -0.005 6.07
9.5 -0.005 6.055
9.51 -0.005 6.04
9.52 -0.005 6.025
9.53 -0.005 6.01
9.54 -0.005 5.995
9.55 -0.005 5.98
9.56 -0.005 5.965
9.57 -0.005 5.95
9.58 -0.005 5.935
9.59 -0.005 5.92
9.6 -0.005 5.905
9.61 -0.005 5.89
9.62 -0.005 5.875
9.63 -0.005 5.86
9.64 -0.005 5.845
9.65 -0.005 5.83
9.66 -0.005 5.815
9.67 -0.005 5.8
9.68 -0.005 5.785
9.69 -0.005 5.77
9.7 -0.005 5.755
9.71 -0.005 5.74
9.72 -0.005 5.725
9.73 -0.005 5.71
9.74 -0.005 5.695
9.75 -0.005 5.68
9.76 -0.005 5.665
9.77 -0.005 5.65
9.78 -0.005 5.635
9.79 -0.005 5.62
9.8 -0.005 5.605
9.81 -0.005 5.59
9.82 -0.005 5.575
9.83 -0.005 5.56
9.84 -0.005 5.545
9.85 -0.005 5.53
9.86 -0.005 5.515
9.87 -0.005 5.5
9.88 -0.005 5.485
9.89 -0.005 5.47
9.9 -0.005 5.455
9.91 -0.005 5.44
9.92 -0.005 5.425
9.93 -0.005 5.41
9.94 -0.005 5.395
9.95 -0.005 5.38
9.96 -0.005 5.365
9.97 -0.005 5.35
9.98 -0.005 5.335
9.99 -0.005 5.32
10.0 -0.005 5.305
10.01 -0.005 5.29
10.02 -0.005 5.275
10.03 -0.005 5.26
10.04 -0.005 5.245
10.05 -0.005 5.23
10.06 -0.005 5.215
10.07 -0.005 5.2
10.08 -0.005 5.185
10.09 -0.005 5.17
10.1 -0.005 5.155
10.11 -0.005 5.14
10.12 -0.005 5.125
10.13 -0.005 5.11
10.14 -0.005 5.095
10.15 -0.005 5.08
10.16 -0.005 5.065
10.17 -0.005 5.05
10.18 -0.005 5.035
10.19 -0.005 5.02
10.2 -0.005 5.005
10.21 -0.005 4.99
10.22 -0.005 4.975
10.23 -0.005 4.96
10.24 -0.005 4.945
10.25 -0.005 4.93
10.26 -0.005 4.915
10.27 -0.005 4.9
10.28 -0.005 4.885
10.29 -0.005 4.87
10.3 -0.005 4.855
10.31 -0.005 4.84
10.32 -0.005 4.825
10.33 -0.005 4.81
10.34 -0.005 4.795
10.35 -0.005 4.78
10.36 -0.005 4.765
10.37 -0.005 4.75
10.38 -0.005 4.735
10.39 -0.005 4.72
10.4 -0.005 4.705
10.41 -0.005 4.69
10.42 -0.005 4.675
10.43 -0.005 4.66
10.44 -0.005 4.645
10.45 -0.005 4.63
10.46 -0.005 4.615
10.47 -0.005 4.6
10.48 -0.005 4.585
10.49 -0.005 4.57
10.5 -0.005 4.555
10.51 -0.005 4.54
10.52 -0.005 4.525
10.53 -0.005 4.51
10.54 -0.005 4.495
10.55 -0.005 4.48
10.56 -0.005 4.465
10.57 -0.005 4.45
10.58 -0.005 4.435
10.59 -0.005 4.42
10.6 -0.005 4.405
10.61 -0.005 4.39
10.62 -0.005 4.375
10.63 -0.005 4.36
10.64 -0.005 4.345
10.65 -0.005 4.33
10.66 -0.005 4.315
10.67 -0.005 4.3
10.68 -0.005 4.285
10.69 -0.005 4.27
10.7 -0.005 4.255
10.71 -0.005 4.24
10.72 -0.005 4.225
10.73 -0.005 4.21
10.74 -0.005 4.195
10.75 -0.005 4.18
10.76 -0.005 4.165
10.77 -0.005 4.15
10.78 -0.005 4.135
10.79 -0.005 4.12
10.8 -0.005 4.105
10.81 -0.005 4.09
10.82 -0.005 4.075
10.83 -0.005 4.06
10.84 -0.005 4.045
10.85 -0.005 4.03
10.86 -0.005 4.015
10.87 -0.005 4.0
10.88 -0.005 3.985
10.89 -0.005 3.97
10.9 -0.005 3.955
10.91 -0.005 3.94
10.92 -0.005 3.925
10.93 -0.005 3.91
10.94 -0.005 3.895
10.95 -0.005 3.88
10.96 -0.005 3.865
10.97 -0.005 3.85
10.98 -0.005 3.835
10.99 -0.005 3.82
11.0 -0.005 3.805
11.01 -0.005 3.79
11.02 -0.005 3.775
11.03 -0.005 3.76
11.04 -0.005 3.745
11.05 -0.005 3.73
11.06 -0.005 3.715
11.07 -0.005 3.7
11.08 -0.005 3.685
11.09 -0.005 3.67
11.1 -0.005 3.655
11.11 -0.005 3.64
11.12 -0.005 3.625
11.13 -0.005 3.61
11.14 -0.005 3.595
11.15 -0.005 3.58
11.16 -0.005 3.565
11.17 -0.005 3.55
11.18 -0.005 3.535
11.19 -0.005 3.52
11.2 -0.005 3.505
11.21 -0.005 3.49
11.22 -0.005 3.475
11.23 -0.005 3.46
11.24 -0.005 3.445
11.25 -0.005 3.43
11.26 -0.005 3.415
11.27 -0.005 3.4
11.28 -0.005 3.385
11.29 -0.005 3.37
11.3 -0.005 3.355
11.31 -0.005 3.34
11.32 -0.005 3.325
11.33 -0.005 3.31
11.34 -0.005 3.295
11.35 -0.005 3.28
11.36 -0.005 3.265
11.37 -0.005 3.25
11.38 -0.005 3.235
11.39 -0.005 3.22
11.4 -0.005 3.205
11.41 -0.005 3.19
11.42 -0.005 3.175
11.43 -0.005 3.16
11.44 -0.005 3.145
11.45 -0.005 3.13
11.46 -0.005 3.115
11.47 -0.005 3.1
11.48 -0.005 3.085
11.49 -0.005 3.07
11.5 -0.005 3.055
11.51 -0.005 3.04
11.52 -0.005 3.025
11.53 -0.005 3.01
11.54 -0.005 2.995
11.55 -0.005 2.98
11.56 -0.005 2.965
11.57 -0.005 2.95
11.58 -0.005 2.935
11.59 -0.005 2.92
11.6 -0.005 2.905
11.61 -0.005 2.89
11.62 -0.005 2.875
11.63 -0.005 2.86
11.64 -0.005 2.845
11.65 -0.005 2.83
11.66 -0.005 2.815
11.67 -0.005 2.8
11.68 -0.005 2.785
11.69 -0.005 2.77
11.7 -0.005 2.755
11.71 -0.005 2.74
11.72 -0.005 2.725
11.73 -0.005 2.71
11.74 -0.005 2.695
11.75 -0.005 2.68
11.76 -0.005 2.665
11.77 -0.005 2.65
11.78 -0.005 2.635
11.79 -0.005 2.62
11.8 -0.005 2.605
11.81 -0.005 2.59
11.82 -0.005 2.575
11.83 -0.005 2.56
11.84 -0.005 2.545
11.85 -0.005 2.53
11.86 -0.005 2.515
11.87 -0.005 2.5
11.88 -0.005 2.485
11.89 -0.005 2.47
11.9 -0.005 2.455
11.91 -0.005 2.44
11.92 -0.005 2.425
11.93 -0.005 2.41
11.94 -0.005 2.395
11.95 -0.005 2.38
11.96 -0.005 2.365
11.97 -0.005 2.35
11.98 -0.005 2.335
11.99 -0.005 2.32
12.0 -0.005 2.305
12.01 -0.005 2.29
12.02 -0.005 2.275
12.03 -0.005 2.26
12.04 -0.005 2.245
12.05 -0.005 2.23
12.06 -0.005 2.215
12.07 -0.005 2.2
12.08 -0.005 2.185
12.09 -0.005 2.17
12.1 -0.005 2.155
12.11 -0.005 2.14
12.12 -0.005 2.125
12.13 -0.005 2.11
12.14 -0.005 2.095
12.15 -0.005 2.08
12.16 -0.005 2.065
12.17 -0.005 2.05
12.18 -0.005 2.035
12.19 -0.005 2.02
12.2 -0.005 2.005
12.21 -0.005 1.99
12.22 -0.005 1.975
12.23 -0.005 1.96
12.24 -0.005 1.945
12.25 -0.005 1.93
12.26 -0.005 1.915
12.27 -0.005 1.9
12.28 -0.005 1.885
12.29 -0.005 1.87
12.3 -0.005 1.855
12.31 -0.005 1.84
12.32 -0.005 1.825
12.33 -0.005 1.81
12.34 -0.005 1.795
12.35 -0.005 1.78
12.36 -0.005 1.765
12.37 -0.005 1.75
12.38 -0.005 1.735
12.39 -0.005 1.72
12.4 -0.005 1.705
12.41 -0.005 1.69
12.42 -0.005 1.675
12.43 -0.005 1.66
12.44 -0.005 1.645
12.45 -0.005 1.63
12.46 -0.005 1.615
12.47 -0.005 1.6
12.48 -0.005 1.585
12.49 -0.005 1.57
12.5 -0.005 1.555
12.51 -0.005 1.54
12.52 -0.005 1.525
12.53 -0.005 1.51
12.54 -0.005 1.495
12.55 -0.005 1.48
12.56 -0.005 1.465
12.57 -0.005 1.45
12.58 -0.005 1.435
12.59 -0.005 1.42
12.6 -0.005 1.405
12.61 -0.005 1.39
12.62 -0.005 1.375
12.63 -0.005 1.36
12.64 -0.005 1.345
12.65 -0.005 1.33
12.66 -0.005 1.315
12.67 -0.005 1.3
12.68 -0.005 1.285
12.69 -0.005 1.27
12.7 -0.005 1.255
12.71 -0.005 1.24
12.72 -0.005 1.225
12.73 -0.005 1.21
12.74 -0.005 1.195
12.75 -0.005 1.18
12.76 -0.005 1.165
12.77 -0.005 1.15
12.78 -0.005 1.135
12.79 -0.005 1.12
12.8 -0.005 1.105
12.81 -0.005 1.09
12.82 -0.005 1.075
12.83 -0.005 1.06
12.84 -0.005 1.045
12.85 -0.005 1.03
12.86 -0.005 1.015
12.87 -0.005 1.0
12.88 -0.005 0.985
12.89 -0.005 0.97
12.9 -0.005 0.955
12.91 -0.005 0.94
12.92 -0.005 0.925
12.93 -0.005 0.91
12.94 -0.005 0.895
12.95 -0.005 0.88
12.96 -0.005 0.865
12.97 -0.005 0.85
12.98 -0.005 0.835
12.99 -0.005 0.82
13.0 -0.005 0.805
13.01 -0.005 0.79
13.02 -0.005 0.775
13.03 -0.005 0.76
13.04 -0.005 0.745
13.05 -0.005 0.73
13.06 -0.005 0.715
13.07 -0.005 0.7
13.08 -0.005 0.685
13.09 -0.005 0.67
13.1 -0.005 0.655
13.11 -0.005 0.64
13.12 -0.005 0.625
13.13 -0.005 0.61
13.14 -0.005 0.595
13.15 -0.005 0.58
13.16 -0.005 0.565
13.17 -0.005 0.55
13.18 -0.005 0.535
13.19 -0.005 0.52
13.2 -0.005 0.505
13.21 -0.005 0.49
13.22 -0.005 0.475
13.23 -0.005 0.46
13.24 -0.005 0.445
13.25 -0.005 0.43
13.26 -0.005 0.415
13.27 -0.005 0.4
13.28 -0.005 0.385
13.29 -0.005 0.37
13.3 -0.005 0.355
13.31 -0.005 0.34
13.32 -0.005 0.325
13.33 -0.005 0.31
13.34 -0.005 0.295
13.35 -0.005 0.28
13.36 -0.005 0.265
13.37 -0.005 0.25
13.38 -0.005 0.235
13.39 -0.005 0.22
13.4 -0.005 0.205
13.41 -0.005 0.19
13.42 -0.005 0.175
13.43 -0.005 0.16
13.44 -0.005 0.145
13.45 -0.005 0.13
13.46 -0.005 0.115
13.47 -0.005 0.1
13.48 -0.005 0.085
13.49 -0.005 0.07
13.5 -0.005 0.055
13.51 -0.005 0.04
13.52 -0.005 0.025
13.53 -0.005 0.01
13.54 -0.005 -0.005
