0.21 5.015 0.0
0.22 5.03 0.0
0.23 5.045 0.0
0.24 5.06 0.0
0.25 5.075 0.0
0.26 5.09 0.0
0.27 5.105 0.0
0.28 5.12 0.0
0.29 5.135 0.0
0.3 5.15 0.0
0.31 5.165 0.0
0.32 5.18 0.0
0.33 5.195 0.0
0.34 5.21 0.0
0.35 5.225 0.0
0.36 5.24 0.0
0.37 5.255 0.0
0.38 5.27 0.0
0.39 5.285 0.0
0.4 5.3 0.0
0.41 5.315 0.0
0.42 5.33 0.0
0.43 5.345 0.0
0.44 5.36 0.0
0.45 5.375 0.0
0.46 5.39 0.0
0.47 5.405 0.0
0.48 5.42 0.0
0.49 5.435 0.0
0.5 5.45 0.0
0.51 5.465 0.0
0.52 5.48 0.0
0.53 5.495 0.0
0.54 5.51 0.0
0.55 5.525 0.0
0.56 5.54 0.0
0.57 5.555 0.0
0.58 5.57 0.0
0.59 5.585 0.0
0.6 5.6 0.0
0.61 5.615 0.0
0.62 5.63 0.0
0.63 5.645 0.0
0.64 5.66 0.0
0.65 5.675 0.0
0.66 5.69 0.0
0.67 5.705 0.0
0.68 5.72 0.0
0.69 5.735 0.0
0.7 5.75 0.0
0.71 5.765 0.0
0.72 5.78 0.0
0.73 5.795 0.0
0.74 5.81 0.0
0.75 5.825 0.0
0.76 5.84 0.0
0.77 5.855 0.0
0.78 5.87 0.0
0.79 5.885 0.0
0.8 5.9 0.0
0.81 5.915 0.0
0.82 5.93 0.0
0.83 5.945 0.0
0.84 5.96 0.0
0.85 5.975 0.0
0.86 5.99 0.0
0.87 6.005 0.0
0.88 6.02 0.0
0.89 6.035 0.0
0.9 6.05 0.0
0.91 6.065 0.0
0.92 6.08 0.0
0.93 6.095 0.0
0.94 6.11 0.0
0.95 6.125 0.0
0.96 6.14 0.0
0.97 6.155 0.0
0.98 6.17 0.0
0.99 6.185 0.0
1.0 6.2 0.0
1.01 6.215 0.0
1.02 6.23 0.0
1.03 6.245 0.0
1.04 6.26 0.0
1.05 6.275 0.0
1.06 6.29 0.0
1.07 6.305 0.0
1.08 6.32 0.0
1.09 6.335 0.0
1.1 6.35 0.0
1.11 6.365 0.0
1.12 6.38 0.0
1.13 6.395 0.0
1.14 6.41 0.0
1.15 6.425 0.0
1.16 6.44 0.0
1.17 6.455 0.0
1.18 6.47 0.0
1.19 6.485 0.0
1.2 6.5 0.0
1.21 6.515 0.0
1.22 6.53 0.0
1.23 6.545 0.0
1.24 6.56 0.0
1.25 6.575 0.0
1.26 6.59 0.0
1.27 6.605 0.0
1.28 6.62 0.0
1.29 6.635 0.0
1.3 6.65 0.0
1.31 6.665 0.0
1.32 6.68 0.0
1.33 6.695 0.0
1.34 6.71 0.0
1.35 6.725 0.0
1.36 6.74 0.0
1.37 6.755 0.0
1.38 6.77 0.0
1.39 6.785 0.0
1.4 6.8 0.0
1.41 6.815 0.0
1.42 6.83 0.0
1.43 6.845 0.0
1.44 6.86 0.0
1.45 6.875 0.0
1.46 6.89 0.0
1.47 6.905 0.0
1.48 6.92 0.0
1.49 6.935 0.0
1.5 6.95 0.0
1.51 6.965 0.0
1.52 6.98 0.0
1.53 6.995 0.0
1.54 7.01 0.0
1.55 7.025 0.0
1.56 7.04 0.0
1.57 7.055 0.0
1.58 7.07 0.0
1.59 7.085 0.0
1.6 7.1 0.0
1.61 7.115 0.0
1.62 7.13 0.0
1.63 7.145 0.0
1.64 7.16 0.0
1.65 7.175 0.0
1.66 7.19 0.0
1.67 7.205 0.0
1.68 7.22 0.0
1.69 7.235 0.0
1.7 7.25 0.0
1.71 7.265 0.0
1.72 7.28 0.0
1.73 7.295 0.0
1.74 7.31 0.0
1.75 7.325 0.0
1.76 7.34 0.0
1.77 7.355 0.0
1.78 7.37 0.0
1.79 7.385 0.0
1.8 7.4 0.0
1.81 7.415 0.0
1.82 7.43 0.0
1.83 7.445 0.0
1.84 7.46 0.0
1.85 7.475 0.0
1.86 7.49 0.0
1.87 7.505 0.0
1.88 7.52 0.0
1.89 7.535 0.0
1.9 7.55 0.0
1.91 7.565 0.0
1.92 7.58 0.0
1.93 7.595 0.0
1.94 7.61 0.0
1.95 7.625 0.0
1.96 7.64 0.0
1.97 7.655 0.0
1.98 7.67 0.0
1.99 7.685 0.0
2.0 7.7 0.0
2.01 7.715 0.0
2.02 7.73 0.0
2.03 7.745 0.0
2.04 7.76 0.0
2.05 7.775 0.0
2.06 7.79 0.0
2.07 7.805 0.0
2.08 7.82 0.0
2.09 7.835 0.0
2.1 7.85 0.0
2.11 7.865 0.0
2.12 7.88 0.0
2.13 7.895 0.0
2.14 7.91 0.0
2.15 7.925 0.0
2.16 7.94 0.0
2.17 7.955 0.0
2.18 7.97 0.0
2.19 7.985 0.0
2.2 8.0 0.0
2.21 8.015 0.0
2.22 8.03 0.0
2.23 8.045 0.0
2.24 8.06 0.0
2.25 8.075 0.0
2.26 8.09 0.0
2.27 8.105 0.0
2.28 8.12 0.0
2.29 8.135 0.0
2.3 8.15 0.0
2.31 8.165 0.0
2.32 8.18 0.0
2.33 8.195 0.0
2.34 8.21 0.0
2.35 8.225 0.0
2.36 8.24 0.0
2.37 8.255 0.0
2.38 8.27 0.0
2.39 8.285 0.0
2.4 8.3 0.0
2.41 8.315 0.0
2.42 8.33 0.0
2.43 8.345 0.0
2.44 8.36 0.0
2.45 8.375 0.0
2.46 8.39 0.0
2.47 8.405 0.0
2.48 8.42 0.0
2.49 8.435 0.0
2.5 8.45 0.0
2.51 8.465 0.0
2.52 8.48 0.0
2.53 8.495 0.0
2.54 8.51 0.0
2.55 8.525 0.0
2.56 8.54 0.0
2.57 8.555 0.0
2.58 8.57 0.0
2.59 8.585 0.0
2.6 8.6 0.0
2.61 8.615 0.0
2.62 8.63 0.0
2.63 8.645 0.0
2.64 8.66 0.0
2.65 8.675 0.0
2.66 8.69 0.0
2.67 8.705 0.0
2.68 8.72 0.0
2.69 8.735 0.0
2.7 8.75 0.0
2.71 8.765 0.0
2.72 8.78 0.0
2.73 8.795 0.0
2.74 8.81 0.0
2.75 8.825 0.0
2.76 8.84 0.0
2.77 8.855 0.0
2.78 8.87 0.0
2.79 8.885 0.0
2.8 8.9 0.0
2.81 8.915 0.0
2.82 8.93 0.0
2.83 8.945 0.0
2.84 8.96 0.0
2.85 8.975 0.0
2.86 8.99 0.0
2.87 9.005 0.0
2.88 9.02 0.0
2.89 9.035 0.0
2.9 9.05 0.0
2.91 9.065 0.0
2.92 9.08 0.0
2.93 9.095 0.0
2.94 9.11 0.0
2.95 9.125 0.0
2.96 9.14 0.0
2.97 9.155 0.0
2.98 9.17 0.0
2.99 9.185 0.0
3.0 9.2 0.0
3.01 9.215 0.0
3.02 9.23 0.0
3.03 9.245 0.0
3.04 9.26 0.0
3.05 9.275 0.0
3.06 9.29 0.0
3.07 9.305 0.0
3.08 9.32 0.0
3.09 9.335 0.0
3.1 9.35 0.0
3.11 9.365 0.0
3.12 9.38 0.0
3.13 9.395 0.0
3.14 9.41 0.0
3.15 9.425 0.0
3.16 9.44 0.0
3.17 9.455 0.0
3.18 9.47 0.0
3.19 9.485 0.0
3.2 9.5 0.0
3.21 9.515 0.0
3.22 9.53 0.0
3.23 9.545 0.0
3.24 9.56 0.0
3.25 9.575 0.0
3.26 9.59 0.0
3.27 9.605 0.0
3.28 9.62 0.0
3.29 9.635 0.0
3.3 9.65 0.0
3.31 9.665 0.0
3.32 9.68 0.0
3.33 9.695 0.0
3.34 9.71 0.0
3.35 9.725 0.0
3.36 9.74 0.0
3.37 9.755 0.0
3.38 9.77 0.0
3.39 9.785 0.0
3.4 9.8 0.0
3.41 9.815 0.0
3.42 9.83 0.0
3.43 9.845 0.0
3.44 9.86 0.0
3.45 9.875 0.0
3.46 9.89 0.0
3.47 9.905 0.0
3.48 9.92 0.0
3.49 9.935 0.0
3.5 9.95 0.0
3.51 9.965 0.0
3.52 9.98 0.0
3.53 9.995 0.0
3.54 10.01 0.0
3.55 9.9994 0.0106
3.56 9.9888 0.0212
3.57 9.9782 0.0318
3.58 9.9676 0.0424
3.59 9.957 0.053
3.6 9.9464 0.0636
3.61 9.9358 0.0742
3.62 9.9252 0.0848
3.63 9.9146 0.0954
3.64 9.904 0.106
3.65 9.8934 0.1166
3.66 9.8828 0.1272
3.67 9.8722 0.1378
3.68 9.8616 0.1484
3.69 9.851 0.159
3.7 9.8404 0.1696
3.71 9.8298 0.1802
3.72 9.8192 0.1908
3.73 9.8086 0.2014
3.74 9.798 0.212
3.75 9.7874 0.2226
3.76 9.7768 0.2332
3.77 9.7662 0.2438
3.78 9.7556 0.2544
3.79 9.745 0.265
3.8 9.7344 0.2756
3.81 9.7238 0.2862
3.82 9.7132 0.2968
3.83 9.7026 0.3074
3.84 9.692 0.318
3.85 9.6814 0.3286
3.86 9.6708 0.3392
3.87 9.6602 0.3498
3.88 9.6496 0.3604
3.89 9.639 0.371
3.9 9.6284 0.3816
3.91 9.6178 0.3922
3.92 9.6072 0.4028
3.93 9.5966 0.4134
3.94 9.586 0.424
3.95 9.5754 0.4346
3.96 9.5648 0.4452
3.97 9.5542 0.4558
3.98 9.5436 0.4664
3.99 9.533 0.477
4.0 9.5224 0.4876
4.01 9.5118 0.4982
4.02 9.5012 0.5088
4.03 9.4906 0.5194
4.04 9.48 0.53
4.05 9.4694 0.5406
4.06 9.4588 0.5512
4.07 9.4482 0.5618
4.08 9.4376 0.5724
4.09 9.427 0.583
4.1 9.4164 0.5936
4.11 9.4058 0.6042
4.12 9.3952 0.6148
4.13 9.3846 0.6254
4.14 9.374 0.636
4.15 9.3634 0.6466
4.16 9.3528 0.6572
4.17 9.3422 0.6678
4.18 9.3316 0.6784
4.19 9.321 0.689
4.2 9.3104 0.6996
4.21 9.2998 0.7102
4.22 9.2892 0.7208
4.23 9.2786 0.7314
4.24 9.268 0.742
4.25 9.2574 0.7526
4.26 9.2468 0.7632
4.27 9.2362 0.7738
4.28 9.2256 0.7844
4.29 9.215 0.795
4.3 9.2044 0.8056
4.31 9.1938 0.8162
4.32 9.1832 0.8268
4.33 9.1726 0.8374
4.34 9.162 0.848
4.35 9.1514 0.8586
4.36 9.1408 0.8692
4.37 9.1302 0.8798
4.38 9.1196 0.8904
4.39 9.109 0.901
4.4 9.0984 0.9116
4.41 9.0878 0.9222
4.42 9.0772 0.9328
4.43 9.0666 0.9434
4.44 9.056 0.954
4.45 9.0454 0.9646
4.46 9.0348 0.9752
4.47 9.0242 0.9858
4.48 9.0136 0.9964
4.49 9.003 1.007
4.5 8.9924 1.0176
4.51 8.9818 1.0282
4.52 8.9712 1.0388
4.53 8.9606 1.0494
4.54 8.95 1.06
4.55 8.9394 1.0706
4.56 8.9288 1.0812
4.57 8.9182 1.0918
4.58 8.9076 1.1024
4.59 8.897 1.113
4.6 8.8864 1.1236
4.61 8.8758 1.1342
4.62 8.8652 1.1448
4.63 8.8546 1.1554
4.64 8.844 1.166
4.65 8.8334 1.1766
4.66 8.8228 1.1872
4.67 8.8122 1.1978
4.68 8.8016 1.2084
4.69 8.791 1.219
4.7 8.7804 1.2296
4.71 8.7698 1.2402
4.72 8.7592 1.2508
4.73 8.7486 1.2614
4.74 8.738 1.272
4.75 8.7274 1.2826
4.76 8.7168 1.2932
4.77 8.7062 1.3038
4.78 8.6956 1.3144
4.79 8.685 1.325
4.8 8.6744 1.3356
4.81 8.6638 1.3462
4.82 8.6532 1.3568
4.83 8.6426 1.3674
4.84 8.632 1.378
4.85 8.6214 1.3886
4.86 8.6108 1.3992
4.87 8.6002 1.4098
4.88 8.5896 1.4204
4.89 8.579 1.431
4.9 8.5684 1.4416
4.91 8.5578 1.4522
4.92 8.5472 1.4628
4.93 8.5366 1.4734
4.94 8.526 1.484
4.95 8.5154 1.4946
4.96 8.5048 1.5052
4.97 8.4942 1.5158
4.98 8.4836 1.5264
4.99 8.473 1.537
5.0 8.4624 1.5476
5.01 8.4518 1.5582
5.02 8.4412 1.5688
5.03 8.4306 1.5794
5.04 8.42 1.59
5.05 8.4094 1.6006
5.06 8.3988 1.6112
5.07 8.3882 1.6218
5.08 8.3776 1.6324
5.09 8.367 1.643
5.1 8.3564 1.6536
5.11 8.3458 1.6642
5.12 8.3352 1.6748
5.13 8.3246 1.6854
5.14 8.314 1.696
5.15 8.3034 1.7066
5.16 8.2928 1.7172
5.17 8.2822 1.7278
5.18 8.2716 1.7384
5.19 8.261 1.749
5.2 8.2504 1.7596
5.21 8.2398 1.7702
5.22 8.2292 1.7808
5.23 8.2186 1.7914
5.24 8.208 1.802
5.25 8.1974 1.8126
5.26 8.1868 1.8232
5.27 8.1762 1.8338
5.28 8.1656 1.8444
5.29 8.155 1.855
5.3 8.1444 1.8656
5.31 8.1338 1.8762
5.32 8.1232 1.8868
5.33 8.1126 1.8974
5.34 8.102 1.908
5.35 8.0914 1.9186
5.36 8.0808 1.9292
5.37 8.0702 1.9398
5.38 8.0596 1.9504
5.39 8.049 1.961
5.4 8.0384 1.9716
5.41 8.0278 1.9822
5.42 8.0172 1.9928
5.43 8.0066 2.0034
5.44 7.996 2.014
5.45 7.9854 2.0246
5.46 7.9748 2.0352
5.47 7.9642 2.0458
5.48 7.9536 2.0564
5.49 7.943 2.067
5.5 7.9324 2.0776
5.51 7.9218 2.0882
5.52 7.9112 2.0988
5.53 7.9006 2.1094
5.54 7.89 2.12
5.55 7.8794 2.1306
5.56 7.8688 2.1412
5.57 7.8582 2.1518
5.58 7.8476 2.1624
5.59 7.837 2.173
5.6 7.8264 2.1836
5.61 7.8158 2.1942
5.62 7.8052 2.2048
5.63 7.7946 2.2154
5.64 7.784 2.226
5.65 7.7734 2.2366
5.66 7.7628 2.2472
5.67 7.7522 2.2578
5.68 7.7416 2.2684
5.69 7.731 2.279
5.7 7.7204 2.2896
5.71 7.7098 2.3002
5.72 7.6992 2.3108
5.73 7.6886 2.3214
5.74 7.678 2.332
5.75 7.6674 2.3426
5.76 7.6568 2.3532
5.77 7.6462 2.3638
5.78 7.6356 2.3744
5.79 7.625 2.385
5.8 7.6144 2.3956
5.81 7.6038 2.4062
5.82 7.5932 2.4168
5.83 7.5826 2.4274
5.84 7.572 2.438
5.85 7.5614 2.4486
5.86 7.5508 2.4592
5.87 7.5402 2.4698
5.88 7.5296 2.4804
5.89 7.519 2.491
5.9 7.5084 2.5016
5.91 7.4978 2.5122
5.92 7.4872 2.5228
5.93 7.4766 2.5334
5.94 7.466 2.544
5.95 7.4554 2.5546
5.96 7.4448 2.5652
5.97 7.4342 2.5758
5.98 7.4236 2.5864
5.99 7.413 2.597
6.0 7.4024 2.6076
6.01 7.3918 2.6182
6.02 7.3812 2.6288
6.03 7.3706 2.6394
6.04 7.36 2.65
6.05 7.3494 2.6606
6.06 7.3388 2.6712
6.07 7.3282 2.6818
6.08 7.3176 2.6924
6.09 7.307 2.703
6.1 7.2964 2.7136
6.11 7.2858 2.7242
6.12 7.2752 2.7348
6.13 7.2646 2.7454
6.14 7.254 2.756
6.15 7.2434 2.7666
6.16 7.2328 2.7772
6.17 7.2222 2.7878
6.18 7.2116 2.7984
6.19 7.201 2.809
6.2 7.1904 2.8196
6.21 7.1798 2.8302
6.22 7.1692 2.8408
6.23 7.1586 2.8514
6.24 7.148 2.862
6.25 7.1374 2.8726
6.26 7.1268 2.8832
6.27 7.1162 2.8938
6.28 7.1056 2.9044
6.29 7.095 2.915
6.3 7.0844 2.9256
6.31 7.0738 2.9362
6.32 7.0632 2.9468
6.33 7.0526 2.9574
6.34 7.042 2.968
6.35 7.0314 2.9786
6.36 7.0208 2.9892
6.37 7.0102 2.9998
6.38 6.9996 3.0104
6.39 6.989 3.021
6.4 6.9784 3.0316
6.41 6.9678 3.0422
6.42 6.9572 3.0528
6.43 6.9466 3.0634
6.44 6.936 3.074
6.45 6.9254 3.0846
6.46 6.9148 3.0952
6.47 6.9042 3.1058
6.48 6.8936 3.1164
6.49 6.883 3.127
6.5 6.8724 3.1376
6.51 6.8618 3.1482
6.52 6.8512 3.1588
6.53 6.8406 3.1694
6.54 6.83 3.18
6.55 6.8194 3.1906
6.56 6.8088 3.2012
6.57 6.7982 3.2118
6.58 6.7876 3.2224
6.59 6.777 3.233
6.6 6.7664 3.2436
6.61 6.7558 3.2542
6.62 6.7452 3.2648
6.63 6.7346 3.2754
6.64 6.724 3.286
6.65 6.7134 3.2966
6.66 6.7028 3.3072
6.67 6.6922 3.3178
6.68 6.6816 3.3284
6.69 6.671 3.339
6.7 6.6604 3.3496
6.71 6.6498 3.3602
6.72 6.6392 3.3708
6.73 6.6286 3.3814
6.74 6.618 3.392
6.75 6.6074 3.4026
6.76 6.5968 3.4132
6.77 6.5862 3.4238
6.78 6.5756 3.4344
6.79 6.565 3.445
6.8 6.5544 3.4556
6.81 6.5438 3.4662
6.82 6.5332 3.4768
6.83 6.5226 3.4874
6.84 6.512 3.498
6.85 6.5014 3.5086
6.86 6.4908 3.5192
6.87 6.4802 3.5298
6.88 6.4696 3.5404
6.89 6.459 3.551
6.9 6.4484 3.5616
6.91 6.4378 3.5722
6.92 6.4272 3.5828
6.93 6.4166 3.5934
6.94 6.406 3.604
6.95 6.3954 3.6146
6.96 6.3848 3.6252
6.97 6.3742 3.6358
6.98 6.3636 3.6464
6.99 6.353 3.657
7.0 6.3424 3.6676
7.01 6.3318 3.6782
7.02 6.3212 3.6888
7.03 6.3106 3.6994
7.04 6.3 3.71
7.05 6.2894 3.7206
7.06 6.2788 3.7312
7.07 6.2682 3.7418
7.08 6.2576 3.7524
7.09 6.247 3.763
7.1 6.2364 3.7736
7.11 6.2258 3.7842
7.12 6.2152 3.7948
7.13 6.2046 3.8054
7.14 6.194 3.816
7.15 6.1834 3.8266
7.16 6.1728 3.8372
7.17 6.1622 3.8478
7.18 6.1516 3.8584
7.19 6.141 3.869
7.2 6.1304 3.8796
7.21 6.1198 3.8902
7.22 6.1092 3.9008
7.23 6.0986 3.9114
7.24 6.088 3.922
7.25 6.0774 3.9326
7.26 6.0668 3.9432
7.27 6.0562 3.9538
7.28 6.0456 3.9644
7.29 6.035 3.975
7.3 6.0244 3.9856
7.31 6.0138 3.9962
7.32 6.0032 4.0068
7.33 5.9926 4.0174
7.34 5.982 4.028
7.35 5.9714 4.0386
7.36 5.9608 4.0492
7.37 5.9502 4.0598
7.38 5.9396 4.0704
7.39 5.929 4.081
7.4 5.9184 4.0916
7.41 5.9078 4.1022
7.42 5.8972 4.1128
7.43 5.8866 4.1234
7.44 5.876 4.134
7.45 5.8654 4.1446
7.46 5.8548 4.1552
7.47 5.8442 4.1658
7.48 5.8336 4.1764
7.49 5.823 4.187
7.5 5.8124 4.1976
7.51 5.8018 4.2082
7.52 5.7912 4.2188
7.53 5.7806 4.2294
7.54 5.77 4.24
7.55 5.7594 4.2506
7.56 5.7488 4.2612
7.57 5.7382 4.2718
7.58 5.7276 4.2824
7.59 5.717 4.293
7.6 5.7064 4.3036
7.61 5.6958 4.3142
7.62 5.6852 4.3248
7.63 5.6746 4.3354
7.64 5.664 4.346
7.65 5.6534 4.3566
7.66 5.6428 4.3672
7.67 5.6322 4.3778
7.68 5.6216 4.3884
7.69 5.611 4.399
7.7 5.6004 4.4096
7.71 5.5898 4.4202
7.72 5.5792 4.4308
7.73 5.5686 4.4414
7.74 5.558 4.452
7.75 5.5474 4.4626
7.76 5.5368 4.4732
7.77 5.5262 4.4838
7.78 5.5156 4.4944
7.79 5.505 4.505
7.8 5.4944 4.5156
7.81 5.4838 4.5262
7.82 5.4732 4.5368
7.83 5.4626 4.5474
7.84 5.452 4.558
7.85 5.4414 4.5686
7.86 5.4308 4.5792
7.87 5.4202 4.5898
7.88 5.4096 4.6004
7.89 5.399 4.611
7.9 5.3884 4.6216
7.91 5.3778 4.6322
7.92 5.3672 4.6428
7.93 5.3566 4.6534
7.94 5.346 4.664
7.95 5.3354 4.6746
7.96 5.3248 4.6852
7.97 5.3142 4.6958
7.98 5.3036 4.7064
7.99 5.293 4.717
8.0 5.2824 4.7276
8.01 5.2718 4.7382
8.02 5.2612 4.7488
8.03 5.2506 4.7594
8.04 5.24 4.77
8.05 5.2294 4.7806
8.06 5.2188 4.7912
8.07 5.2082 4.8018
8.08 5.1976 4.8124
8.09 5.187 4.823
8.1 5.1764 4.8336
8.11 5.1658 4.8442
8.12 5.1552 4.8548
8.13 5.1446 4.8654
8.14 5.134 4.876
8.15 5.1234 4.8866
8.16 5.1128 4.8972
8.17 5.1022 4.9078
8.18 5.0916 4.9184
8.19 5.081 4.929
8.2 5.0704 4.9396
8.21 5.0598 4.9502
8.22 5.0492 4.9608
8.23 5.0386 4.9714
8.24 5.028 4.982
8.25 5.0174 4.9926
8.26 5.0068 5.0032
8.27 4.9962 5.0138
8.28 4.9856 5.0244
8.29 4.975 5.035
8.3 4.9644 5.0456
8.31 4.9538 5.0562
8.32 4.9432 5.0668
8.33 4.9326 5.0774
8.34 4.922 5.088
8.35 4.9114 5.0986
8.36 4.9008 5.1092
8.37 4.8902 5.1198
8.38 4.8796 5.1304
8.39 4.869 5.141
8.4 4.8584 5.1516
8.41 4.8478 5.1622
8.42 4.8372 5.1728
8.43 4.8266 5.1834
8.44 4.816 5.194
8.45 4.8054 5.2046
8.46 4.7948 5.2152
8.47 4.7842 5.2258
8.48 4.7736 5.2364
8.49 4.763 5.247
8.5 4.7524 5.2576
8.51 4.7418 5.2682
8.52 4.7312 5.2788
8.53 4.7206 5.2894
8.54 4.71 5.3
8.55 4.6994 5.3106
8.56 4.6888 5.3212
8.57 4.6782 5.3318
8.58 4.6676 5.3424
8.59 4.657 5.353
8.6 4.6464 5.3636
8.61 4.6358 5.3742
8.62 4.6252 5.3848
8.63 4.6146 5.3954
8.64 4.604 5.406
8.65 4.5934 5.4166
8.66 4.5828 5.4272
8.67 4.5722 5.4378
8.68 4.5616 5.4484
8.69 4.551 5.459
8.7 4.5404 5.4696
8.71 4.5298 5.4802
8.72 4.5192 5.4908
8.73 4.5086 5.5014
8.74 4.498 5.512
8.75 4.4874 5.5226
8.76 4.4768 5.5332
8.77 4.4662 5.5438
8.78 4.4556 5.5544
8.79 4.445 5.565
8.8 4.4344 5.5756
8.81 4.4238 5.5862
8.82 4.4132 5.5968
8.83 4.4026 5.6074
8.84 4.392 5.618
8.85 4.3814 5.6286
8.86 4.3708 5.6392
8.87 4.3602 5.6498
8.88 4.3496 5.6604
8.89 4.339 5.671
8.9 4.3284 5.6816
8.91 4.3178 5.6922
8.92 4.3072 5.7028
8.93 4.2966 5.7134
8.94 4.286 5.724
8.95 4.2754 5.7346
8.96 4.2648 5.7452
8.97 4.2542 5.7558
8.98 4.2436 5.7664
8.99 4.233 5.777
9.0 4.2224 5.7876
9.01 4.2118 5.7982
9.02 4.2012 5.8088
9.03 4.1906 5.8194
9.04 4.18 5.83
9.05 4.1694 5.8406
9.06 4.1588 5.8512
9.07 4.1482 5.8618
9.08 4.1376 5.8724
9.09 4.127 5.883
9.1 4.1164 5.8936
9.11 4.1058 5.9042
9.12 4.0952 5.9148
9.13 4.0846 5.9254
9.14 4.074 5.936
9.15 4.0634 5.9466
9.16 4.0528 5.9572
9.17 4.0422 5.9678
9.18 4.0316 5.9784
9.19 4.021 5.989
9.2 4.0104 5.9996
9.21 3.9998 6.0102
9.22 3.9892 6.0208
9.23 3.9786 6.0314
9.24 3.968 6.042
9.25 3.9574 6.0526
9.26 3.9468 6.0632
9.27 3.9362 6.0738
9.28 3.9256 6.0844
9.29 3.915 6.095
9.3 3.9044 6.1056
9.31 3.8938 6.1162
9.32 3.8832 6.1268
9.33 3.8726 6.1374
9.34 3.862 6.148
9.35 3.8514 6.1586
9.36 3.8408 6.1692
9.37 3.8302 6.1798
9.38 3.8196 6.1904
9.39 3.809 6.201
9.4 3.7984 6.2116
9.41 3.7878 6.2222
9.42 3.7772 6.2328
9.43 3.7666 6.2434
9.44 3.756 6.254
9.45 3.7454 6.2646
9.46 3.7348 6.2752
9.47 3.7242 6.2858
9.48 3.7136 6.2964
9.49 3.703 6.307
9.5 3.6924 6.3176
9.51 3.6818 6.3282
9.52 3.6712 6.3388
9.53 3.6606 6.3494
9.54 3.65 6.36
9.55 3.6394 6.3706
9.56 3.6288 6.3812
9.57 3.6182 6.3918
9.58 3.6076 6.4024
9.59 3.597 6.413
9.6 3.5864 6.4236
9.61 3.5758 6.4342
9.62 3.5652 6.4448
9.63 3.5546 6.4554
9.64 3.544 6.466
9.65 3.5334 6.4766
9.66 3.5228 6.4872
9.67 3.5122 6.4978
9.68 3.5016 6.5084
9.69 3.491 6.519
9.7 3.4804 6.5296
9.71 3.4698 6.5402
9.72 3.4592 6.5508
9.73 3.4486 6.5614
9.74 3.438 6.572
9.75 3.4274 6.5826
9.76 3.4168 6.5932
9.77 3.4062 6.6038
9.78 3.3956 6.6144
9.79 3.385 6.625
9.8 3.3744 6.6356
9.81 3.3638 6.6462
9.82 3.3532 6.6568
9.83 3.3426 6.6674
9.84 3.332 6.678
9.85 3.3214 6.6886
9.86 3.3108 6.6992
9.87 3.3002 6.7098
9.88 3.2896 6.7204
9.89 3.279 6.731
9.9 3.2684 6.7416
9.91 3.2578 6.7522
9.92 3.2472 6.7628
9.93 3.2366 6.7734
9.94 3.226 6.784
9.95 3.2154 6.7946
9.96 3.2048 6.8052
9.97 3.1942 6.8158
9.98 3.1836 6.8264
9.99 3.173 6.837
10.0 3.1624 6.8476
10.01 3.1518 6.8582
10.02 3.1412 6.8688
10.03 3.1306 6.8794
10.04 3.12 6.89
10.05 3.1094 6.9006
10.06 3.0988 6.9112
10.07 3.0882 6.9218
10.08 3.0776 6.9324
10.09 3.067 6.943
10.1 3.0564 6.9536
10.11 3.0458 6.9642
10.12 3.0352 6.9748
10.13 3.0246 6.9854
10.14 3.014 6.996
10.15 3.0034 7.0066
10.16 2.9928 7.0172
10.17 2.9822 7.0278
10.18 2.9716 7.0384
10.19 2.961 7.049
10.2 2.9504 7.0596
10.21 2.9398 7.0702
10.22 2.9292 7.0808
10.23 2.9186 7.0914
10.24 2.908 7.102
10.25 2.8974 7.1126
10.26 2.8868 7.1232
10.27 2.8762 7.1338
10.28 2.8656 7.1444
10.29 2.855 7.155
10.3 2.8444 7.1656
10.31 2.8338 7.1762
10.32 2.8232 7.1868
10.33 2.8126 7.1974
10.34 2.802 7.208
10.35 2.7914 7.2186
10.36 2.7808 7.2292
10.37 2.7702 7.2398
10.38 2.7596 7.2504
10.39 2.749 7.261
10.4 2.7384 7.2716
10.41 2.7278 7.2822
10.42 2.7172 7.2928
10.43 2.7066 7.3034
10.44 2.696 7.314
10.45 2.6854 7.3246
10.46 2.6748 7.3352
10.47 2.6642 7.3458
10.48 2.6536 7.3564
10.49 2.643 7.367
10.5 2.6324 7.3776
10.51 2.6218 7.3882
10.52 2.6112 7.3988
10.53 2.6006 7.4094
10.54 2.59 7.42
10.55 2.5794 7.4306
10.56 2.5688 7.4412
10.57 2.5582 7.4518
10.58 2.5476 7.4624
10.59 2.537 7.473
10.6 2.5264 7.4836
10.61 2.5158 7.4942
10.62 2.5052 7.5048
10.63 2.4946 7.5154
10.64 2.484 7.526
10.65 2.4734 7.5366
10.66 2.4628 7.5472
10.67 2.4522 7.5578
10.68 2.4416 7.5684
10.69 2.431 7.579
10.7 2.4204 7.5896
10.71 2.4098 7.6002
10.72 2.3992 7.6108
10.73 2.3886 7.6214
10.74 2.378 7.632
10.75 2.3674 7.6426
10.76 2.3568 7.6532
10.77 2.3462 7.6638
10.78 2.3356 7.6744
10.79 2.325 7.685
10.8 2.3144 7.6956
10.81 2.3038 7.7062
10.82 2.2932 7.7168
10.83 2.2826 7.7274
10.84 2.272 7.738
10.85 2.2614 7.7486
10.86 2.2508 7.7592
10.87 2.2402 7.7698
10.88 2.2296 7.7804
10.89 2.219 7.791
10.9 2.2084 7.8016
10.91 2.1978 7.8122
10.92 2.1872 7.8228
10.93 2.1766 7.8334
10.94 2.166 7.844
10.95 2.1554 7.8546
10.96 2.1448 7.8652
10.97 2.1342 7.8758
10.98 2.1236 7.8864
10.99 2.113 7.897
11.0 2.1024 7.9076
11.01 2.0918 7.9182
11.02 2.0812 7.9288
11.03 2.0706 7.9394
11.04 2.06 7.95
11.05 2.0494 7.9606
11.06 2.0388 7.9712
11.07 2.0282 7.9818
11.08 2.0176 7.9924
11.09 2.007 8.003
11.1 1.9964 8.0136
11.11 1.9858 8.0242
11.12 1.9752 8.0348
11.13 1.9646 8.0454
11.14 1.954 8.056
11.15 1.9434 8.0666
11.16 1.9328 8.0772
11.17 1.9222 8.0878
11.18 1.9116 8.0984
11.19 1.901 8.109
11.2 1.8904 8.1196
11.21 1.8798 8.1302
11.22 1.8692 8.1408
11.23 1.8586 8.1514
11.24 1.848 8.162
11.25 1.8374 8.1726
11.26 1.8268 8.1832
11.27 1.8162 8.1938
11.28 1.8056 8.2044
11.29 1.795 8.215
11.3 1.7844 8.2256
11.31 1.7738 8.2362
11.32 1.7632 8.2468
11.33 1.7526 8.2574
11.34 1.742 8.268
11.35 1.7314 8.2786
11.36 1.7208 8.2892
11.37 1.7102 8.2998
11.38 1.6996 8.3104
11.39 1.689 8.321
11.4 1.6784 8.3316
11.41 1.6678 8.3422
11.42 1.6572 8.3528
11.43 1.6466 8.3634
11.44 1.636 8.374
11.45 1.6254 8.3846
11.46 1.6148 8.3952
11.47 1.6042 8.4058
11.48 1.5936 8.4164
11.49 1.583 8.427
11.5 1.5724 8.4376
11.51 1.5618 8.4482
11.52 1.5512 8.4588
11.53 1.5406 8.4694
11.54 1.53 8.48
11.55 1.5194 8.4906
11.56 1.5088 8.5012
11.57 1.4982 8.5118
11.58 1.4876 8.5224
11.59 1.477 8.533
11.6 1.4664 8.5436
11.61 1.4558 8.5542
11.62 1.4452 8.5648
11.63 1.4346 8.5754
11.64 1.424 8.586
11.65 1.4134 8.5966
11.66 1.4028 8.6072
11.67 1.3922 8.6178
11.68 1.3816 8.6284
11.69 1.371 8.639
11.7 1.3604 8.6496
11.71 1.3498 8.6602
11.72 1.3392 8.6708
11.73 1.3286 8.6814
11.74 1.318 8.692
11.75 1.3074 8.7026
11.76 1.2968 8.7132
11.77 1.2862 8.7238
11.78 1.2756 8.7344
11.79 1.265 8.745
11.8 1.2544 8.7556
11.81 1.2438 8.7662
11.82 1.2332 8.7768
11.83 1.2226 8.7874
11.84 1.212 8.798
11.85 1.2014 8.8086
11.86 1.1908 8.8192
11.87 1.1802 8.8298
11.88 1.1696 8.8404
11.89 1.159 8.851
11.9 1.1484 8.8616
11.91 1.1378 8.8722
11.92 1.1272 8.8828
11.93 1.1166 8.8934
11.94 1.106 8.904
11.95 1.0954 8.9146
11.96 1.0848 8.9252
11.97 1.0742 8.9358
11.98 1.0636 8.9464
11.99 1.053 8.957
12.0 1.0424 8.9676
12.01 1.0318 8.9782
12.02 1.0212 8.9888
12.03 1.0106 8.9994
12.04 1.0 9.01
12.05 0.9894 9.0206
12.06 0.9788 9.0312
12.07 0.9682 9.0418
12.08 0.9576 9.0524
12.09 0.947 9.063
12.1 0.9364 9.0736
12.11 0.9258 9.0842
12.12 0.9152 9.0948
12.13 0.9046 9.1054
12.14 0.894 9.116
12.15 0.8834 9.1266
12.16 0.8728 9.1372
12.17 0.8622 9.1478
12.18 0.8516 9.1584
12.19 0.841 9.169
12.2 0.8304 9.1796
12.21 0.8198 9.1902
12.22 0.8092 9.2008
12.23 0.7986 9.2114
12.24 0.788 9.222
12.25 0.7774 9.2326
12.26 0.7668 9.2432
12.27 0.7562 9.2538
12.28 0.7456 9.2644
12.29 0.735 9.275
12.3 0.7244 9.2856
12.31 0.7138 9.2962
12.32 0.7032 9.3068
12.33 0.6926 9.3174
12.34 0.682 9.328
12.35 0.6714 9.3386
12.36 0.6608 9.3492
12.37 0.6502 9.3598
12.38 0.6396 9.3704
12.39 0.629 9.381
12.4 0.6184 9.3916
12.41 0.6078 9.4022
12.42 0.5972 9.4128
12.43 0.5866 9.4234
12.44 0.576 9.434
12.45 0.5654 9.4446
12.46 0.5548 9.4552
12.47 0.5442 9.4658
12.48 0.5336 9.4764
12.49 0.523 9.487
12.5 0.5124 9.4976
12.51 0.5018 9.5082
12.52 0.4912 9.5188
12.53 0.4806 9.5294
12.54 0.47 9.54
12.55 0.4594 9.5506
12.56 0.4488 9.5612
12.57 0.4382 9.5718
12.58 0.4276 9.5824
12.59 0.417 9.593
12.6 0.4064 9.6036
12.61 0.3958 9.6142
12.62 0.3852 9.6248
12.63 0.3746 9.6354
12.64 0.364 9.646
12.65 0.3534 9.6566
12.66 0.3428 9.6672
12.67 0.3322 9.6778
12.68 0.3216 9.6884
12.69 0.311 9.699
12.7 0.3004 9.7096
12.71 0.2898 9.7202
12.72 0.2792 9.7308
12.73 0.2686 9.7414
12.74 0.258 9.752
12.75 0.2474 9.7626
12.76 0.2368 9.7732
12.77 0.2262 9.7838
12.78 0.2156 9.7944
12.79 0.205 9.805
12.8 0.1944 9.8156
12.81 0.1838 9.8262
12.82 0.1732 9.8368
12.83 0.1626 9.8474
12.84 0.152 9.858
12.85 0.1414 9.8686
12.86 0.1308 9.8792
12.87 0.1202 9.8898
12.88 0.1096 9.9004
12.89 0.099 9.911
12.9 0.0884 9.9216
12.91 0.0778 9.9322
12.92 0.0672 9.9428
12.93 0.0566 9.9534
12.94 0.046 9.964
12.95 0.0354 9.9746
12.96 0.0248 9.9852
12.97 0.0142 9.9958
12.98 0.0292 9.9958
12.99 0.0442 9.9958
13.0 0.0592 9.9958
13.01 0.0742 9.9958
13.02 0.0892 9.9958
13.03 0.1042 9.9958
13.04 0.1192 9.9958
13.05 0.1342 9.9958
13.06 0.1492 9.9958
13.07 0.1642 9.9958
13.08 0.1792 9.9958
13.09 0.1942 9.9958
13.1 0.2092 9.9958
13.11 0.2242 9.9958
13.12 0.2392 9.9958
13.13 0.2542 9.9958
13.14 0.2692 9.9958
13.15 0.2842 9.9958
13.16 0.2992 9.9958
13.17 0.3142 9.9958
13.18 0.3292 9.9958
13.19 0.3442 9.9958
13.2 0.3592 9.9958
13.21 0.3742 9.9958
13.22 0.3892 9.9958
13.23 0.4042 9.9958
13.24 0.4192 9.9958
13.25 0.4342 9.9958
13.26 0.4492 9.9958
13.27 0.4642 9.9958
13.28 0.4792 9.9958
13.29 0.4942 9.9958
13.3 0.5092 9.9958
13.31 0.5242 9.9958
13.32 0.5392 9.9958
13.33 0.5542 9.9958
13.34 0.5692 9.9958
13.35 0.5842 9.9958
13.36 0.5992 9.9958
13.37 0.6142 9.9958
13.38 0.6292 9.9958
13.39 0.6442 9.9958
13.4 0.6592 9.9958
13.41 0.6742 9.9958
13.42 0.6892 9.9958
13.43 0.7042 9.9958
13.44 0.7192 9.9958
13.45 0.7342 9.9958
13.46 0.7492 9.9958
13.47 0.7642 9.9958
13.48 0.7792 9.9958
13.49 0.7942 9.9958
13.5 0.8092 9.9958
13.51 0.8242 9.9958
13.52 0.8392 9.9958
13.53 0.8542 9.9958
13.54 0.8692 9.9958
13.55 0.8842 9.9958
13.56 0.8992 9.9958
13.57 0.9142 9.9958
13.58 0.9292 9.9958
13.59 0.9442 9.9958
13.6 0.9592 9.9958
13.61 0.9742 9.9958
13.62 0.9892 9.9958
13.63 1.0042 9.9958
13.64 1.0192 9.9958
13.65 1.0342 9.9958
13.66 1.0492 9.9958
13.67 1.0642 9.9958
13.68 1.0792 9.9958
13.69 1.0942 9.9958
13.7 1.1092 9.9958
13.71 1.1242 9.9958
13.72 1.1392 9.9958
13.73 1.1542 9.9958
13.74 1.1692 9.9958
13.75 1.1842 9.9958
13.76 1.1992 9.9958
13.77 1.2142 9.9958
13.78 1.2292 9.9958
13.79 1.2442 9.9958
13.8 1.2592 9.9958
13.81 1.2742 9.9958
13.82 1.2892 9.9958
13.83 1.3042 9.9958
13.84 1.3192 9.9958
13.85 1.3342 9.9958
13.86 1.3492 9.9958
13.87 1.3642 9.9958
13.88 1.3792 9.9958
13.89 1.3942 9.9958
13.9 1.4092 9.9958
13.91 1.4242 9.9958
13.92 1.4392 9.9958
13.93 1.4542 9.9958
13.94 1.4692 9.9958
13.95 1.4842 9.9958
13.96 1.4992 9.9958
13.97 1.5142 9.9958
13.98 1.5292 9.9958
13.99 1.5442 9.9958
14.0 1.5592 9.9958
14.01 1.5742 9.9958
14.02 1.5892 9.9958
14.03 1.6042 9.9958
14.04 1.6192 9.9958
14.05 1.6342 9.9958
14.06 1.6492 9.9958
14.07 1.6642 9.9958
14.08 1.6792 9.9958
14.09 1.6942 9.9958
14.1 1.7092 9.9958
14.11 1.7242 9.9958
14.12 1.7392 9.9958
14.13 1.7542 9.9958
14.14 1.7692 9.9958
14.15 1.7842 9.9958
14.16 1.7992 9.9958
14.17 1.8142 9.9958
14.18 1.8292 9.9958
14.19 1.8442 9.9958
14.2 1.8592 9.9958
14.21 1.8742 9.9958
14.22 1.8892 9.9958
14.23 1.9042 9.9958
14.24 1.9192 9.9958
14.25 1.9342 9.9958
14.26 1.9492 9.9958
14.27 1.9642 9.9958
14.28 1.9792 9.9958
14.29 1.9942 9.9958
14.3 2.0092 9.9958
14.31 2.0242 9.9958
14.32 2.0392 9.9958
14.33 2.0542 9.9958
14.34 2.0692 9.9958
14.35 2.0842 9.9958
14.36 2.0992 9.9958
14.37 2.1142 9.9958
14.38 2.1292 9.9958
14.39 2.1442 9.9958
14.4 2.1592 9.9958
14.41 2.1742 9.9958
14.42 2.1892 9.9958
14.43 2.2042 9.9958
14.44 2.2192 9.9958
14.45 2.2342 9.9958
14.46 2.2492 9.9958
14.47 2.2642 9.9958
14.48 2.2792 9.9958
14.49 2.2942 9.9958
14.5 2.3092 9.9958
14.51 2.3242 9.9958
14.52 2.3392 9.9958
14.53 2.3542 9.9958
14.54 2.3692 9.9958
14.55 2.3842 9.9958
14.56 2.3992 9.9958
14.57 2.4142 9.9958
14.58 2.4292 9.9958
14.59 2.4442 9.9958
14.6 2.4592 9.9958
14.61 2.4742 9.9958
14.62 2.4892 9.9958
14.63 2.5042 9.9958
14.64 2.5192 9.9958
14.65 2.5342 9.9958
14.66 2.5492 9.9958
14.67 2.5642 9.9958
14.68 2.5792 9.9958
14.69 2.5942 9.9958
14.7 2.6092 9.9958
14.71 2.6242 9.9958
14.72 2.6392 9.9958
14.73 2.6542 9.9958
14.74 2.6692 9.9958
14.75 2.6842 9.9958
14.76 2.6992 9.9958
14.77 2.7142 9.9958
14.78 2.7292 9.9958
14.79 2.7442 9.9958
14.8 2.7592 9.9958
14.81 2.7742 9.9958
14.82 2.7892 9.9958
14.83 2.8042 9.9958
14.84 2.8192 9.9958
14.85 2.8342 9.9958
14.86 2.8492 9.9958
14.87 2.8642 9.9958
14.88 2.8792 9.9958
14.89 2.8942 9.9958
14.9 2.9092 9.9958
14.91 2.9242 9.9958
14.92 2.9392 9.9958
14.93 2.9542 9.9958
14.94 2.9692 9.9958
14.95 2.9842 9.9958
14.96 2.9992 9.9958
14.97 3.0142 9.9958
14.98 3.0292 9.9958
14.99 3.0442 9.9958
15.0 3.0592 9.9958
15.01 3.0742 9.9958
15.02 3.0892 9.9958
15.03 3.1042 9.9958
15.04 3.1192 9.9958
15.05 3.1342 9.9958
15.06 3.1492 9.9958
15.07 3.1642 9.9958
15.08 3.1792 9.9958
15.09 3.1942 9.9958
15.1 3.2092 9.9958
15.11 3.2242 9.9958
15.12 3.2392 9.9958
15.13 3.2542 9.9958
15.14 3.2692 9.9958
15.15 3.2842 9.9958
15.16 3.2992 9.9958
15.17 3.3142 9.9958
15.18 3.3292 9.9958
15.19 3.3442 9.9958
15.2 3.3592 9.9958
15.21 3.3742 9.9958
15.22 3.3892 9.9958
15.23 3.4042 9.9958
15.24 3.4192 9.9958
15.25 3.4342 9.9958
15.26 3.4492 9.9958
15.27 3.4642 9.9958
15.28 3.4792 9.9958
15.29 3.4942 9.9958
15.3 3.5092 9.9958
15.31 3.5242 9.9958
15.32 3.5392 9.9958
15.33 3.5542 9.9958
15.34 3.5692 9.9958
15.35 3.5842 9.9958
15.36 3.5992 9.9958
15.37 3.6142 9.9958
15.38 3.6292 9.9958
15.39 3.6442 9.9958
15.4 3.6592 9.9958
15.41 3.6742 9.9958
15.42 3.6892 9.9958
15.43 3.7042 9.9958
15.44 3.7192 9.9958
15.45 3.7342 9.9958
15.46 3.7492 9.9958
15.47 3.7642 9.9958
15.48 3.7792 9.9958
15.49 3.7942 9.9958
15.5 3.8092 9.9958
15.51 3.8242 9.9958
15.52 3.8392 9.9958
15.53 3.8542 9.9958
15.54 3.8692 9.9958
15.55 3.8842 9.9958
15.56 3.8992 9.9958
15.57 3.9142 9.9958
15.58 3.9292 9.9958
15.59 3.9442 9.9958
15.6 3.9592 9.9958
15.61 3.9742 9.9958
15.62 3.9892 9.9958
15.63 4.0042 9.9958
15.64 4.0192 9.9958
15.65 4.0342 9.9958
15.66 4.0492 9.9958
15.67 4.0642 9.9958
15.68 4.0792 9.9958
15.69 4.0942 9.9958
15.7 4.1092 9.9958
15.71 4.1242 9.9958
15.72 4.1392 9.9958
15.73 4.1542 9.9958
15.74 4.1692 9.9958
15.75 4.1842 9.9958
15.76 4.1992 9.9958
15.77 4.2142 9.9958
15.78 4.2292 9.9958
15.79 4.2442 9.9958
15.8 4.2592 9.9958
15.81 4.2742 9.9958
15.82 4.2892 9.9958
15.83 4.3042 9.9958
15.84 4.3192 9.9958
15.85 4.3342 9.9958
15.86 4.3492 9.9958
15.87 4.3642 9.9958
15.88 4.3792 9.9958
15.89 4.3942 9.9958
15.9 4.4092 9.9958
15.91 4.4242 9.9958
15.92 4.4392 9.9958
15.93 4.4542 9.9958
15.94 4.4692 9.9958
15.95 4.4842 9.9958
15.96 4.4992 9.9958
15.97 4.5142 9.9958
15.98 4.5292 9.9958
15.99 4.5442 9.9958
16.0 4.5592 9.9958
16.01 4.5742 9.9958
16.02 4.5892 9.9958
16.03 4.6042 9.9958
16.04 4.6192 9.9958
16.05 4.6342 9.9958
16.06 4.6492 9.9958
16.07 4.6642 9.9958
16.08 4.6792 9.9958
16.09 4.6942 9.9958
16.1 4.7092 9.9958
16.11 4.7242 9.9958
16.12 4.7392 9.9958
16.13 4.7542 9.9958
16.14 4.7692 9.9958
16.15 4.7842 9.9958
16.16 4.7992 9.9958
16.17 4.8142 9.9958
16.18 4.8292 9.9958
16.19 4.8442 9.9958
16.2 4.8592 9.9958
16.21 4.8742 9.9958
16.22 4.8892 9.9958
16.23 4.9042 9.9958
16.24 4.9192 9.9958
16.25 4.9342 9.9958
16.26 4.9492 9.9958
16.27 4.9642 9.9958
16.28 4.9792 9.9958
16.29 4.9942 9.9958
16.3 5.0092 9.9958
16.31 5.0242 9.9958
16.32 5.0392 9.9958
16.33 5.0542 9.9958
16.34 5.0692 9.9958
16.35 5.0842 9.9958
16.36 5.0992 9.9958
16.37 5.1142 9.9958
16.38 5.1292 9.9958
16.39 5.1442 9.9958
16.4 5.1592 9.9958
16.41 5.1742 9.9958
16.42 5.1892 9.9958
16.43 5.2042 9.9958
16.44 5.2192 9.9958
16.45 5.2342 9.9958
16.46 5.2492 9.9958
16.47 5.2642 9.9958
16.48 5.2792 9.9958
16.49 5.2942 9.9958
16.5 5.3092 9.9958
16.51 5.3242 9.9958
16.52 5.3392 9.9958
16.53 5.3542 9.9958
16.54 5.3692 9.9958
16.55 5.3842 9.9958
16.56 5.3992 9.9958
16.57 5.4142 9.9958
16.58 5.4292 9.9958
16.59 5.4442 9.9958
16.6 5.4592 9.9958
16.61 5.4742 9.9958
16.62 5.4892 9.9958
16.63 5.5042 9.9958
16.64 5.5192 9.9958
16.65 5.5342 9.9958
16.66 5.5492 9.9958
16.67 5.5642 9.9958
16.68 5.5792 9.9958
16.69 5.5942 9.9958
16.7 5.6092 9.9958
16.71 5.6242 9.9958
16.72 5.6392 9.9958
16.73 5.6542 9.9958
16.74 5.6692 9.9958
16.75 5.6842 9.9958
16.76 5.6992 9.9958
16.77 5.7142 9.9958
16.78 5.7292 9.9958
16.79 5.7442 9.9958
16.8 5.7592 9.9958
16.81 5.7742 9.9958
16.82 5.7892 9.9958
16.83 5.8042 9.9958
16.84 5.8192 9.9958
16.85 5.8342 9.9958
16.86 5.8492 9.9958
16.87 5.8642 9.9958
16.88 5.8792 9.9958
16.89 5.8942 9.9958
16.9 5.9092 9.9958
16.91 5.9242 9.9958
16.92 5.9392 9.9958
16.93 5.9542 9.9958
16.94 5.9692 9.9958
16.95 5.9842 9.9958
16.96 5.9992 9.9958
16.97 6.0142 9.9958
16.98 6.0292 9.9958
16.99 6.0442 9.9958
17.0 6.0592 9.9958
17.01 6.0742 9.9958
17.02 6.0892 9.9958
17.03 6.1042 9.9958
17.04 6.1192 9.9958
17.05 6.1342 9.9958
17.06 6.1492 9.9958
17.07 6.1642 9.9958
17.08 6.1792 9.9958
17.09 6.1942 9.9958
17.1 6.2092 9.9958
17.11 6.2242 9.9958
17.12 6.2392 9.9958
17.13 6.2542 9.9958
17.14 6.2692 9.9958
17.15 6.2842 9.9958
17.16 6.2992 9.9958
17.17 6.3142 9.9958
17.18 6.3292 9.9958
17.19 6.3442 9.9958
17.2 6.3592 9.9958
17.21 6.3742 9.9958
17.22 6.3892 9.9958
17.23 6.4042 9.9958
17.24 6.4192 9.9958
17.25 6.4342 9.9958
17.26 6.4492 9.9958
17.27 6.4642 9.9958
17.28 6.4792 9.9958
17.29 6.4942 9.9958
17.3 6.5092 9.9958
17.31 6.5242 9.9958
17.32 6.5392 9.9958
17.33 6.5542 9.9958
17.34 6.5692 9.9958
17.35 6.5842 9.9958
17.36 6.5992 9.9958
17.37 6.6142 9.9958
17.38 6.6292 9.9958
17.39 6.6442 9.9958
17.4 6.6592 9.9958
17.41 6.6742 9.9958
17.42 6.6892 9.9958
17.43 6.7042 9.9958
17.44 6.7192 9.9958
17.45 6.7342 9.9958
17.46 6.7492 9.9958
17.47 6.7642 9.9958
17.48 6.7792 9.9958
17.49 6.7942 9.9958
17.5 6.8092 9.9958
17.51 6.8242 9.9958
17.52 6.8392 9.9958
17.53 6.8542 9.9958
17.54 6.8692 9.9958
17.55 6.8842 9.9958
17.56 6.8992 9.9958
17.57 6.9142 9.9958
17.58 6.9292 9.9958
17.59 6.9442 9.9958
17.6 6.9592 9.9958
17.61 6.9742 9.9958
17.62 6.9892 9.9958
17.63 7.0042 9.9958
17.64 7.0192 9.9958
17.65 7.0342 9.9958
17.66 7.0492 9.9958
17.67 7.0642 9.9958
17.68 7.0792 9.9958
17.69 7.0942 9.9958
17.7 7.1092 9.9958
17.71 7.1242 9.9958
17.72 7.1392 9.9958
17.73 7.1542 9.9958
17.74 7.1692 9.9958
17.75 7.1842 9.9958
17.76 7.1992 9.9958
17.77 7.2142 9.9958
17.78 7.2292 9.9958
17.79 7.2442 9.9958
17.8 7.2592 9.9958
17.81 7.2742 9.9958
17.82 7.2892 9.9958
17.83 7.3042 9.9958
17.84 7.3192 9.9958
17.85 7.3342 9.9958
17.86 7.3492 9.9958
17.87 7.3642 9.9958
17.88 7.3792 9.9958
17.89 7.3942 9.9958
17.9 7.4092 9.9958
17.91 7.4242 9.9958
17.92 7.4392 9.9958
17.93 7.4542 9.9958
17.94 7.4692 9.9958
17.95 7.4842 9.9958
17.96 7.4992 9.9958
17.97 7.5142 9.9958
17.98 7.5292 9.9958
17.99 7.5442 9.9958
18.0 7.5592 9.9958
18.01 7.5742 9.9958
18.02 7.5892 9.9958
18.03 7.6042 9.9958
18.04 7.6192 9.9958
18.05 7.6342 9.9958
18.06 7.6492 9.9958
18.07 7.6642 9.9958
18.08 7.6792 9.9958
18.09 7.6942 9.9958
18.1 7.7092 9.9958
18.11 7.7242 9.9958
18.12 7.7392 9.9958
18.13 7.7542 9.9958
18.14 7.7692 9.9958
18.15 7.7842 9.9958
18.16 7.7992 9.9958
18.17 7.8142 9.9958
18.18 7.8292 9.9958
18.19 7.8442 9.9958
18.2 7.8592 9.9958
18.21 7.8742 9.9958
18.22 7.8892 9.9958
18.23 7.9042 9.9958
18.24 7.9192 9.9958
18.25 7.9342 9.9958
18.26 7.9492 9.9958
18.27 7.9642 9.9958
18.28 7.9792 9.9958
18.29 7.9942 9.9958
18.3 8.0092 9.9958
18.31 8.0242 9.9958
18.32 8.0392 9.9958
18.33 8.0542 9.9958
18.34 8.0692 9.9958
18.35 8.0842 9.9958
18.36 8.0992 9.9958
18.37 8.1142 9.9958
18.38 8.1292 9.9958
18.39 8.1442 9.9958
18.4 8.1592 9.9958
18.41 8.1742 9.9958
18.42 8.1892 9.9958
18.43 8.2042 9.9958
18.44 8.2192 9.9958
18.45 8.2342 9.9958
18.46 8.2492 9.9958
18.47 8.2642 9.9958
18.48 8.2792 9.9958
18.49 8.2942 9.9958
18.5 8.3092 9.9958
18.51 8.3242 9.9958
18.52 8.3392 9.9958
18.53 8.3542 9.9958
18.54 8.3692 9.9958
18.55 8.3842 9.9958
18.56 8.3992 9.9958
18.57 8.4142 9.9958
18.58 8.4292 9.9958
18.59 8.4442 9.9958
18.6 8.4592 9.9958
18.61 8.4742 9.9958
18.62 8.4892 9.9958
18.63 8.5042 9.9958
18.64 8.5192 9.9958
18.65 8.5342 9.9958
18.66 8.5492 9.9958
18.67 8.5642 9.9958
18.68 8.5792 9.9958
18.69 8.5942 9.9958
18.7 8.6092 9.9958
18.71 8.6242 9.9958
18.72 8.6392 9.9958
18.73 8.6542 9.9958
18.74 8.6692 9.9958
18.75 8.6842 9.9958
18.76 8.6992 9.9958
18.77 8.7142 9.9958
18.78 8.7292 9.9958
18.79 8.7442 9.9958
18.8 8.7592 9.9958
18.81 8.7742 9.9958
18.82 8.7892 9.9958
18.83 8.8042 9.9958
18.84 8.8192 9.9958
18.85 8.8342 9.9958
18.86 8.8492 9.9958
18.87 8.8642 9.9958
18.88 8.8792 9.9958
18.89 8.8942 9.9958
18.9 8.9092 9.9958
18.91 8.9242 9.9958
18.92 8.9392 9.9958
18.93 8.9542 9.9958
18.94 8.9692 9.9958
18.95 8.9842 9.9958
18.96 8.9992 9.9958
18.97 9.0142 9.9958
18.98 9.0292 9.9958
18.99 9.0442 9.9958
19.0 9.0592 9.9958
19.01 9.0742 9.9958
19.02 9.0892 9.9958
19.03 9.1042 9.9958
19.04 9.1192 9.9958
19.05 9.1342 9.9958
19.06 9.1492 9.9958
19.07 9.1642 9.9958
19.08 9.1792 9.9958
19.09 9.1942 9.9958
19.1 9.2092 9.9958
19.11 9.2242 9.9958
19.12 9.2392 9.9958
19.13 9.2542 9.9958
19.14 9.2692 9.9958
19.15 9.2842 9.9958
19.16 9.2992 9.9958
19.17 9.3142 9.9958
19.18 9.3292 9.9958
19.19 9.3442 9.9958
19.2 9.3592 9.9958
19.21 9.3742 9.9958
19.22 9.3892 9.9958
19.23 9.4042 9.9958
19.24 9.4192 9.9958
19.25 9.4342 9.9958
19.26 9.4492 9.9958
19.27 9.4642 9.9958
19.28 9.4792 9.9958
19.29 9.4942 9.9958
19.3 9.5092 9.9958
19.31 9.5242 9.9958
19.32 9.5392 9.9958
19.33 9.5542 9.9958
19.34 9.5692 9.9958
19.35 9.5842 9.9958
19.36 9.5992 9.9958
19.37 9.6142 9.9958
19.38 9.6292 9.9958
19.39 9.6442 9.9958
19.4 9.6592 9.9958
19.41 9.6742 9.9958
19.42 9.6892 9.9958
19.43 9.7042 9.9958
19.44 9.7192 9.9958
19.45 9.7342 9.9958
19.46 9.7492 9.9958
19.47 9.7642 9.9958
19.48 9.7792 9.9958
19.49 9.7942 9.9958
19.5 9.8092 9.9958
19.51 9.8242 9.9958
19.52 9.8392 9.9958
19.53 9.8542 9.9958
19.54 9.8692 9.9958
19.55 9.8842 9.9958
19.56 9.8992 9.9958
19.57 9.9142 9.9958
19.58 9.9292 9.9958
19.59 9.9442 9.9958
19.6 9.9592 9.9958
19.61 9.9742 9.9958
19.62 9.9892 9.9958
19.63 10.0042 9.9958
19.64 10.0192 9.9958
