0.22 9.9866 4.9933
0.23 9.9732 4.9866
0.24 9.9598 4.9799
0.25 9.9464 4.9732
0.26 9.933 4.9665
0.27 9.9196 4.9598
0.28 9.9062 4.9531
0.29 9.8928 4.9464
0.3 9.8794 4.9397
0.31 9.866 4.933
0.32 9.8526 4.9263
0.33 9.8392 4.9196
0.34 9.8258 4.9129
0.35 9.8124 4.9062
0.36 9.799 4.8995
0.37 9.7856 4.8928
0.38 9.7722 4.8861
0.39 9.7588 4.8794
0.4 9.7454 4.8727
0.41 9.732 4.866
0.42 9.7186 4.8593
0.43 9.7052 4.8526
0.44 9.6918 4.8459
0.45 9.6784 4.8392
0.46 9.665 4.8325
0.47 9.6516 4.8258
0.48 9.6382 4.8191
0.49 9.6248 4.8124
0.5 9.6114 4.8057
0.51 9.598 4.799
0.52 9.5846 4.7923
0.53 9.5712 4.7856
0.54 9.5578 4.7789
0.55 9.5444 4.7722
0.56 9.531 4.7655
0.57 9.5176 4.7588
0.58 9.5042 4.7521
0.59 9.4908 4.7454
0.6 9.4774 4.7387
0.61 9.464 4.732
0.62 9.4506 4.7253
0.63 9.4372 4.7186
0.64 9.4238 4.7119
0.65 9.4104 4.7052
0.66 9.397 4.6985
0.67 9.3836 4.6918
0.68 9.3702 4.6851
0.69 9.3568 4.6784
0.7 9.3434 4.6717
0.71 9.33 4.665
0.72 9.3166 4.6583
0.73 9.3032 4.6516
0.74 9.2898 4.6449
0.75 9.2764 4.6382
0.76 9.263 4.6315
0.77 9.2496 4.6248
0.78 9.2362 4.6181
0.79 9.2228 4.6114
0.8 9.2094 4.6047
0.81 9.196 4.598
0.82 9.1826 4.5913
0.83 9.1692 4.5846
0.84 9.1558 4.5779
0.85 9.1424 4.5712
0.86 9.129 4.5645
0.87 9.1156 4.5578
0.88 9.1022 4.5511
0.89 9.0888 4.5444
0.9 9.0754 4.5377
0.91 9.062 4.531
0.92 9.0486 4.5243
0.93 9.0352 4.5176
0.94 9.0218 4.5109
0.95 9.0084 4.5042
0.96 8.995 4.4975
0.97 8.9816 4.4908
0.98 8.9682 4.4841
0.99 8.9548 4.4774
1.0 8.9414 4.4707
1.01 8.928 4.464
1.02 8.9146 4.4573
1.03 8.9012 4.4506
1.04 8.8878 4.4439
1.05 8.8744 4.4372
1.06 8.861 4.4305
1.07 8.8476 4.4238
1.08 8.8342 4.4171
1.09 8.8208 4.4104
1.1 8.8074 4.4037
1.11 8.794 4.397
1.12 8.7806 4.3903
1.13 8.7672 4.3836
1.14 8.7538 4.3769
1.15 8.7404 4.3702
1.16 8.727 4.3635
1.17 8.7136 4.3568
1.18 8.7002 4.3501
1.19 8.6868 4.3434
1.2 8.6734 4.3367
1.21 8.66 4.33
1.22 8.6466 4.3233
1.23 8.6332 4.3166
1.24 8.6198 4.3099
1.25 8.6064 4.3032
1.26 8.593 4.2965
1.27 8.5796 4.2898
1.28 8.5662 4.2831
1.29 8.5528 4.2764
1.3 8.5394 4.2697
1.31 8.526 4.263
1.32 8.5126 4.2563
1.33 8.4992 4.2496
1.34 8.4858 4.2429
1.35 8.4724 4.2362
1.36 8.459 4.2295
1.37 8.4456 4.2228
1.38 8.4322 4.2161
1.39 8.4188 4.2094
1.4 8.4054 4.2027
1.41 8.392 4.196
1.42 8.3786 4.1893
1.43 8.3652 4.1826
1.44 8.3518 4.1759
1.45 8.3384 4.1692
1.46 8.325 4.1625
1.47 8.3116 4.1558
1.48 8.2982 4.1491
1.49 8.2848 4.1424
1.5 8.2714 4.1357
1.51 8.258 4.129
1.52 8.2446 4.1223
1.53 8.2312 4.1156
1.54 8.2178 4.1089
1.55 8.2044 4.1022
1.56 8.191 4.0955
1.57 8.1776 4.0888
1.58 8.1642 4.0821
1.59 8.1508 4.0754
1.6 8.1374 4.0687
1.61 8.124 4.062
1.62 8.1106 4.0553
1.63 8.0972 4.0486
1.64 8.0838 4.0419
1.65 8.0704 4.0352
1.66 8.057 4.0285
1.67 8.0436 4.0218
1.68 8.0302 4.0151
1.69 8.0168 4.0084
1.7 8.0034 4.0017
1.71 7.99 3.995
1.72 7.9766 3.9883
1.73 7.9632 3.9816
1.74 7.9498 3.9749
1.75 7.9364 3.9682
1.76 7.923 3.9615
1.77 7.9096 3.9548
1.78 7.8962 3.9481
1.79 7.8828 3.9414
1.8 7.8694 3.9347
1.81 7.856 3.928
1.82 7.8426 3.9213
1.83 7.8292 3.9146
1.84 7.8158 3.9079
1.85 7.8024 3.9012
1.86 7.789 3.8945
1.87 7.7756 3.8878
1.88 7.7622 3.8811
1.89 7.7488 3.8744
1.9 7.7354 3.8677
1.91 7.722 3.861
1.92 7.7086 3.8543
1.93 7.6952 3.8476
1.94 7.6818 3.8409
1.95 7.6684 3.8342
1.96 7.655 3.8275
1.97 7.6416 3.8208
1.98 7.6282 3.8141
1.99 7.6148 3.8074
2.0 7.6014 3.8007
2.01 7.588 3.794
2.02 7.5746 3.7873
2.03 7.5612 3.7806
2.04 7.5478 3.7739
2.05 7.5344 3.7672
2.06 7.521 3.7605
2.07 7.5076 3.7538
2.08 7.4942 3.7471
2.09 7.4808 3.7404
2.1 7.4674 3.7337
2.11 7.454 3.727
2.12 7.4406 3.7203
2.13 7.4272 3.7136
2.14 7.4138 3.7069
2.15 7.4004 3.7002
2.16 7.387 3.6935
2.17 7.3736 3.6868
2.18 7.3602 3.6801
2.19 7.3468 3.6734
2.2 7.3334 3.6667
2.21 7.32 3.66
2.22 7.3066 3.6533
2.23 7.2932 3.6466
2.24 7.2798 3.6399
2.25 7.2664 3.6332
2.26 7.253 3.6265
2.27 7.2396 3.6198
2.28 7.2262 3.6131
2.29 7.2128 3.6064
2.3 7.1994 3.5997
2.31 7.186 3.593
2.32 7.1726 3.5863
2.33 7.1592 3.5796
2.34 7.1458 3.5729
2.35 7.1324 3.5662
2.36 7.119 3.5595
2.37 7.1056 3.5528
2.38 7.0922 3.5461
2.39 7.0788 3.5394
2.4 7.0654 3.5327
2.41 7.052 3.526
2.42 7.0386 3.5193
2.43 7.0252 3.5126
2.44 7.0118 3.5059
2.45 6.9984 3.4992
2.46 6.985 3.4925
2.47 6.9716 3.4858
2.48 6.9582 3.4791
2.49 6.9448 3.4724
2.5 6.9314 3.4657
2.51 6.918 3.459
2.52 6.9046 3.4523
2.53 6.8912 3.4456
2.54 6.8778 3.4389
2.55 6.8644 3.4322
2.56 6.851 3.4255
2.57 6.8376 3.4188
2.58 6.8242 3.4121
2.59 6.8108 3.4054
2.6 6.7974 3.3987
2.61 6.784 3.392
2.62 6.7706 3.3853
2.63 6.7572 3.3786
2.64 6.7438 3.3719
2.65 6.7304 3.3652
2.66 6.717 3.3585
2.67 6.7036 3.3518
2.68 6.6902 3.3451
2.69 6.6768 3.3384
2.7 6.6634 3.3317
2.71 6.65 3.325
2.72 6.6366 3.3183
2.73 6.6232 3.3116
2.74 6.6098 3.3049
2.75 6.5964 3.2982
2.76 6.583 3.2915
2.77 6.5696 3.2848
2.78 6.5562 3.2781
2.79 6.5428 3.2714
2.8 6.5294 3.2647
2.81 6.516 3.258
2.82 6.5026 3.2513
2.83 6.4892 3.2446
2.84 6.4758 3.2379
2.85 6.4624 3.2312
2.86 6.449 3.2245
2.87 6.4356 3.2178
2.88 6.4222 3.2111
2.89 6.4088 3.2044
2.9 6.3954 3.1977
2.91 6.382 3.191
2.92 6.3686 3.1843
2.93 6.3552 3.1776
2.94 6.3418 3.1709
2.95 6.3284 3.1642
2.96 6.315 3.1575
2.97 6.3016 3.1508
2.98 6.2882 3.1441
2.99 6.2748 3.1374
3.0 6.2614 3.1307
3.01 6.248 3.124
3.02 6.2346 3.1173
3.03 6.2212 3.1106
3.04 6.2078 3.1039
3.05 6.1944 3.0972
3.06 6.181 3.0905
3.07 6.1676 3.0838
3.08 6.1542 3.0771
3.09 6.1408 3.0704
3.1 6.1274 3.0637
3.11 6.114 3.057
3.12 6.1006 3.0503
3.13 6.0872 3.0436
3.14 6.0738 3.0369
3.15 6.0604 3.0302
3.16 6.047 3.0235
3.17 6.0336 3.0168
3.18 6.0202 3.0101
3.19 6.0068 3.0034
3.2 5.9934 2.9967
3.21 5.98 2.99
3.22 5.9666 2.9833
3.23 5.9532 2.9766
3.24 5.9398 2.9699
3.25 5.9264 2.9632
3.26 5.913 2.9565
3.27 5.8996 2.9498
3.28 5.8862 2.9431
3.29 5.8728 2.9364
3.3 5.8594 2.9297
3.31 5.846 2.923
3.32 5.8326 2.9163
3.33 5.8192 2.9096
3.34 5.8058 2.9029
3.35 5.7924 2.8962
3.36 5.779 2.8895
3.37 5.7656 2.8828
3.38 5.7522 2.8761
3.39 5.7388 2.8694
3.4 5.7254 2.8627
3.41 5.712 2.856
3.42 5.6986 2.8493
3.43 5.6852 2.8426
3.44 5.6718 2.8359
3.45 5.6584 2.8292
3.46 5.645 2.8225
3.47 5.6316 2.8158
3.48 5.6182 2.8091
3.49 5.6048 2.8024
3.5 5.5914 2.7957
3.51 5.578 2.789
3.52 5.5646 2.7823
3.53 5.5512 2.7756
3.54 5.5378 2.7689
3.55 5.5244 2.7622
3.56 5.511 2.7555
3.57 5.4976 2.7488
3.58 5.4842 2.7421
3.59 5.4708 2.7354
3.6 5.4574 2.7287
3.61 5.444 2.722
3.62 5.4306 2.7153
3.63 5.4172 2.7086
3.64 5.4038 2.7019
3.65 5.3904 2.6952
3.66 5.377 2.6885
3.67 5.3636 2.6818
3.68 5.3502 2.6751
3.69 5.3368 2.6684
3.7 5.3234 2.6617
3.71 5.31 2.655
3.72 5.2966 2.6483
3.73 5.2832 2.6416
3.74 5.2698 2.6349
3.75 5.2564 2.6282
3.76 5.243 2.6215
3.77 5.2296 2.6148
3.78 5.2162 2.6081
3.79 5.2028 2.6014
3.8 5.1894 2.5947
3.81 5.176 2.588
3.82 5.1626 2.5813
3.83 5.1492 2.5746
3.84 5.1358 2.5679
3.85 5.1224 2.5612
3.86 5.109 2.5545
3.87 5.0956 2.5478
3.88 5.0822 2.5411
3.89 5.0688 2.5344
3.9 5.0554 2.5277
3.91 5.042 2.521
3.92 5.0286 2.5143
3.93 5.0152 2.5076
3.94 5.0018 2.5009
3.95 4.9884 2.4942
3.96 4.975 2.4875
3.97 4.9616 2.4808
3.98 4.9482 2.4741
3.99 4.9348 2.4674
4.0 4.9214 2.4607
4.01 4.908 2.454
4.02 4.8946 2.4473
4.03 4.8812 2.4406
4.04 4.8678 2.4339
4.05 4.8544 2.4272
4.06 4.841 2.4205
4.07 4.8276 2.4138
4.08 4.8142 2.4071
4.09 4.8008 2.4004
4.1 4.7874 2.3937
4.11 4.774 2.387
4.12 4.7606 2.3803
4.13 4.7472 2.3736
4.14 4.7338 2.3669
4.15 4.7204 2.3602
4.16 4.707 2.3535
4.17 4.6936 2.3468
4.18 4.6802 2.3401
4.19 4.6668 2.3334
4.2 4.6534 2.3267
4.21 4.64 2.32
4.22 4.6266 2.3133
4.23 4.6132 2.3066
4.24 4.5998 2.2999
4.25 4.5864 2.2932
4.26 4.573 2.2865
4.27 4.5596 2.2798
4.28 4.5462 2.2731
4.29 4.5328 2.2664
4.3 4.5194 2.2597
4.31 4.506 2.253
4.32 4.4926 2.2463
4.33 4.4792 2.2396
4.34 4.4658 2.2329
4.35 4.4524 2.2262
4.36 4.439 2.2195
4.37 4.4256 2.2128
4.38 4.4122 2.2061
4.39 4.3988 2.1994
4.4 4.3854 2.1927
4.41 4.372 2.186
4.42 4.3586 2.1793
4.43 4.3452 2.1726
4.44 4.3318 2.1659
4.45 4.3184 2.1592
4.46 4.305 2.1525
4.47 4.2916 2.1458
4.48 4.2782 2.1391
4.49 4.2648 2.1324
4.5 4.2514 2.1257
4.51 4.238 2.119
4.52 4.2246 2.1123
4.53 4.2112 2.1056
4.54 4.1978 2.0989
4.55 4.1844 2.0922
4.56 4.171 2.0855
4.57 4.1576 2.0788
4.58 4.1442 2.0721
4.59 4.1308 2.0654
4.6 4.1174 2.0587
4.61 4.104 2.052
4.62 4.0906 2.0453
4.63 4.0772 2.0386
4.64 4.0638 2.0319
4.65 4.0504 2.0252
4.66 4.037 2.0185
4.67 4.0236 2.0118
4.68 4.0102 2.0051
4.69 3.9968 1.9984
4.7 3.9834 1.9917
4.71 3.97 1.985
4.72 3.9566 1.9783
4.73 3.9432 1.9716
4.74 3.9298 1.9649
4.75 3.9164 1.9582
4.76 3.903 1.9515
4.77 3.8896 1.9448
4.78 3.8762 1.9381
4.79 3.8628 1.9314
4.8 3.8494 1.9247
4.81 3.836 1.918
4.82 3.8226 1.9113
4.83 3.8092 1.9046
4.84 3.7958 1.8979
4.85 3.7824 1.8912
4.86 3.769 1.8845
4.87 3.7556 1.8778
4.88 3.7422 1.8711
4.89 3.7288 1.8644
4.9 3.7154 1.8577
4.91 3.702 1.851
4.92 3.6886 1.8443
4.93 3.6752 1.8376
4.94 3.6618 1.8309
4.95 3.6484 1.8242
4.96 3.635 1.8175
4.97 3.6216 1.8108
4.98 3.6082 1.8041
4.99 3.5948 1.7974
5.0 3.5814 1.7907
5.01 3.568 1.784
5.02 3.5546 1.7773
5.03 3.5412 1.7706
5.04 3.5278 1.7639
5.05 3.5144 1.7572
5.06 3.501 1.7505
5.07 3.4876 1.7438
5.08 3.4742 1.7371
5.09 3.4608 1.7304
5.1 3.4474 1.7237
5.11 3.434 1.717
5.12 3.4206 1.7103
5.13 3.4072 1.7036
5.14 3.3938 1.6969
5.15 3.3804 1.6902
5.16 3.367 1.6835
5.17 3.3536 1.6768
5.18 3.3402 1.6701
5.19 3.3268 1.6634
5.2 3.3134 1.6567
5.21 3.3 1.65
5.22 3.2866 1.6433
5.23 3.2732 1.6366
5.24 3.2598 1.6299
5.25 3.2464 1.6232
5.26 3.233 1.6165
5.27 3.2196 1.6098
5.28 3.2062 1.6031
5.29 3.1928 1.5964
5.3 3.1794 1.5897
5.31 3.166 1.583
5.32 3.1526 1.5763
5.33 3.1392 1.5696
5.34 3.1258 1.5629
5.35 3.1124 1.5562
5.36 3.099 1.5495
5.37 3.0856 1.5428
5.38 3.0722 1.5361
5.39 3.0588 1.5294
5.4 3.0454 1.5227
5.41 3.032 1.516
5.42 3.0186 1.5093
5.43 3.0052 1.5026
5.44 2.9918 1.4959
5.45 2.9784 1.4892
5.46 2.965 1.4825
5.47 2.9516 1.4758
5.48 2.9382 1.4691
5.49 2.9248 1.4624
5.5 2.9114 1.4557
5.51 2.898 1.449
5.52 2.8846 1.4423
5.53 2.8712 1.4356
5.54 2.8578 1.4289
5.55 2.8444 1.4222
5.56 2.831 1.4155
5.57 2.8176 1.4088
5.58 2.8042 1.4021
5.59 2.7908 1.3954
5.6 2.7774 1.3887
5.61 2.764 1.382
5.62 2.7506 1.3753
5.63 2.7372 1.3686
5.64 2.7238 1.3619
5.65 2.7104 1.3552
5.66 2.697 1.3485
5.67 2.6836 1.3418
5.68 2.6702 1.3351
5.69 2.6568 1.3284
5.7 2.6434 1.3217
5.71 2.63 1.315
5.72 2.6166 1.3083
5.73 2.6032 1.3016
5.74 2.5898 1.2949
5.75 2.5764 1.2882
5.76 2.563 1.2815
5.77 2.5496 1.2748
5.78 2.5362 1.2681
5.79 2.5228 1.2614
5.8 2.5094 1.2547
5.81 2.496 1.248
5.82 2.4826 1.2413
5.83 2.4692 1.2346
5.84 2.4558 1.2279
5.85 2.4424 1.2212
5.86 2.429 1.2145
5.87 2.4156 1.2078
5.88 2.4022 1.2011
5.89 2.3888 1.1944
5.9 2.3754 1.1877
5.91 2.362 1.181
5.92 2.3486 1.1743
5.93 2.3352 1.1676
5.94 2.3218 1.1609
5.95 2.3084 1.1542
5.96 2.295 1.1475
5.97 2.2816 1.1408
5.98 2.2682 1.1341
5.99 2.2548 1.1274
6.0 2.2414 1.1207
6.01 2.228 1.114
6.02 2.2146 1.1073
6.03 2.2012 1.1006
6.04 2.1878 1.0939
6.05 2.1744 1.0872
6.06 2.161 1.0805
6.07 2.1476 1.0738
6.08 2.1342 1.0671
6.09 2.1208 1.0604
6.1 2.1074 1.0537
6.11 2.094 1.047
6.12 2.0806 1.0403
6.13 2.0672 1.0336
6.14 2.0538 1.0269
6.15 2.0404 1.0202
6.16 2.027 1.0135
6.17 2.0136 1.0068
6.18 2.0002 1.0001
6.19 1.9868 0.9934
6.2 1.9734 0.9867
6.21 1.96 0.98
6.22 1.9466 0.9733
6.23 1.9332 0.9666
6.24 1.9198 0.9599
6.25 1.9064 0.9532
6.26 1.893 0.9465
6.27 1.8796 0.9398
6.28 1.8662 0.9331
6.29 1.8528 0.9264
6.3 1.8394 0.9197
6.31 1.826 0.913
6.32 1.8126 0.9063
6.33 1.7992 0.8996
6.34 1.7858 0.8929
6.35 1.7724 0.8862
6.36 1.759 0.8795
6.37 1.7456 0.8728
6.38 1.7322 0.8661
6.39 1.7188 0.8594
6.4 1.7054 0.8527
6.41 1.692 0.846
6.42 1.6786 0.8393
6.43 1.6652 0.8326
6.44 1.6518 0.8259
6.45 1.6384 0.8192
6.46 1.625 0.8125
6.47 1.6116 0.8058
6.48 1.5982 0.7991
6.49 1.5848 0.7924
6.5 1.5714 0.7857
6.51 1.558 0.779
6.52 1.5446 0.7723
6.53 1.5312 0.7656
6.54 1.5178 0.7589
6.55 1.5044 0.7522
6.56 1.491 0.7455
6.57 1.4776 0.7388
6.58 1.4642 0.7321
6.59 1.4508 0.7254
6.6 1.4374 0.7187
6.61 1.424 0.712
6.62 1.4106 0.7053
6.63 1.3972 0.6986
6.64 1.3838 0.6919
6.65 1.3704 0.6852
6.66 1.357 0.6785
6.67 1.3436 0.6718
6.68 1.3302 0.6651
6.69 1.3168 0.6584
6.7 1.3034 0.6517
6.71 1.29 0.645
6.72 1.2766 0.6383
6.73 1.2632 0.6316
6.74 1.2498 0.6249
6.75 1.2364 0.6182
6.76 1.223 0.6115
6.77 1.2096 0.6048
6.78 1.1962 0.5981
6.79 1.1828 0.5914
6.8 1.1694 0.5847
6.81 1.156 0.578
6.82 1.1426 0.5713
6.83 1.1292 0.5646
6.84 1.1158 0.5579
6.85 1.1024 0.5512
6.86 1.089 0.5445
6.87 1.0756 0.5378
6.88 1.0622 0.5311
6.89 1.0488 0.5244
6.9 1.0354 0.5177
6.91 1.022 0.511
6.92 1.0086 0.5043
6.93 0.9952 0.4976
6.94 0.9818 0.4909
6.95 0.9684 0.4842
6.96 0.955 0.4775
6.97 0.9416 0.4708
6.98 0.9282 0.4641
6.99 0.9148 0.4574
7.0 0.9014 0.4507
7.01 0.888 0.444
7.02 0.8746 0.4373
7.03 0.8612 0.4306
7.04 0.8478 0.4239
7.05 0.8344 0.4172
7.06 0.821 0.4105
7.07 0.8076 0.4038
7.08 0.7942 0.3971
7.09 0.7808 0.3904
7.1 0.7674 0.3837
7.11 0.754 0.377
7.12 0.7406 0.3703
7.13 0.7272 0.3636
7.14 0.7138 0.3569
7.15 0.7004 0.3502
7.16 0.687 0.3435
7.17 0.6736 0.3368
7.18 0.6602 0.3301
7.19 0.6468 0.3234
7.2 0.6334 0.3167
7.21 0.62 0.31
7.22 0.6066 0.3033
7.23 0.5932 0.2966
7.24 0.5798 0.2899
7.25 0.5664 0.2832
7.26 0.553 0.2765
7.27 0.5396 0.2698
7.28 0.5262 0.2631
7.29 0.5128 0.2564
7.3 0.4994 0.2497
7.31 0.486 0.243
7.32 0.4726 0.2363
7.33 0.4592 0.2296
7.34 0.4458 0.2229
7.35 0.4324 0.2162
7.36 0.419 0.2095
7.37 0.4056 0.2028
7.38 0.3922 0.1961
7.39 0.3788 0.1894
7.4 0.3654 0.1827
7.41 0.352 0.176
7.42 0.3386 0.1693
7.43 0.3252 0.1626
7.44 0.3118 0.1559
7.45 0.2984 0.1492
7.46 0.285 0.1425
7.47 0.2716 0.1358
7.48 0.2582 0.1291
7.49 0.2448 0.1224
7.5 0.2314 0.1157
7.51 0.218 0.109
7.52 0.2046 0.1023
7.53 0.1912 0.0956
7.54 0.1778 0.0889
7.55 0.1644 0.0822
7.56 0.151 0.0755
7.57 0.1376 0.0688
7.58 0.1242 0.0621
7.59 0.1108 0.0554
7.6 0.0974 0.0487
7.61 0.084 0.042
7.62 0.0706 0.0353
7.63 0.0572 0.0286
7.64 0.0438 0.0219
7.65 0.0304 0.0152
7.66 0.017 0.0085
7.67 0.0036 0.0018
7.68 0.0036 0.0168
7.69 0.0036 0.0318
7.7 0.0036 0.0468
7.71 0.0036 0.0618
7.72 0.0036 0.0768
7.73 0.0036 0.0918
7.74 0.0036 0.1068
7.75 0.0036 0.1218
7.76 0.0036 0.1368
7.77 0.0036 0.1518
7.78 0.0036 0.1668
7.79 0.0036 0.1818
7.8 0.0036 0.1968
7.81 0.0036 0.2118
7.82 0.0036 0.2268
7.83 0.0036 0.2418
7.84 0.0036 0.2568
7.85 0.0036 0.2718
7.86 0.0036 0.2868
7.87 0.0036 0.3018
7.88 0.0036 0.3168
7.89 0.0036 0.3318
7.9 0.0036 0.3468
7.91 0.0036 0.3618
7.92 0.0036 0.3768
7.93 0.0036 0.3918
7.94 0.0036 0.4068
7.95 0.0036 0.4218
7.96 0.0036 0.4368
7.97 0.0036 0.4518
7.98 0.0036 0.4668
7.99 0.0036 0.4818
8.0 0.0036 0.4968
8.01 0.0036 0.5118
8.02 0.0036 0.5268
8.03 0.0036 0.5418
8.04 0.0036 0.5568
8.05 0.0036 0.5718
8.06 0.0036 0.5868
8.07 0.0036 0.6018
8.08 0.0036 0.6168
8.09 0.0036 0.6318
8.1 0.0036 0.6468
8.11 0.0036 0.6618
8.12 0.0036 0.6768
8.13 0.0036 0.6918
8.14 0.0036 0.7068
8.15 0.0036 0.7218
8.16 0.0036 0.7368
8.17 0.0036 0.7518
8.18 0.0036 0.7668
8.19 0.0036 0.7818
8.2 0.0036 0.7968
8.21 0.0036 0.8118
8.22 0.0036 0.8268
8.23 0.0036 0.8418
8.24 0.0036 0.8568
8.25 0.0036 0.8718
8.26 0.0036 0.8868
8.27 0.0036 0.9018
8.28 0.0036 0.9168
8.29 0.0036 0.9318
8.3 0.0036 0.9468
8.31 0.0036 0.9618
8.32 0.0036 0.9768
8.33 0.0036 0.9918
8.34 0.0036 1.0068
8.35 0.0036 1.0218
8.36 0.0036 1.0368
8.37 0.0036 1.0518
8.38 0.0036 1.0668
8.39 0.0036 1.0818
8.4 0.0036 1.0968
8.41 0.0036 1.1118
8.42 0.0036 1.1268
8.43 0.0036 1.1418
8.44 0.0036 1.1568
8.45 0.0036 1.1718
8.46 0.0036 1.1868
8.47 0.0036 1.2018
8.48 0.0036 1.2168
8.49 0.0036 1.2318
8.5 0.0036 1.2468
8.51 0.0036 1.2618
8.52 0.0036 1.2768
8.53 0.0036 1.2918
8.54 0.0036 1.3068
8.55 0.0036 1.3218
8.56 0.0036 1.3368
8.57 0.0036 1.3518
8.58 0.0036 1.3668
8.59 0.0036 1.3818
8.6 0.0036 1.3968
8.61 0.0036 1.4118
8.62 0.0036 1.4268
8.63 0.0036 1.4418
8.64 0.0036 1.4568
8.65 0.0036 1.4718
8.66 0.0036 1.4868
8.67 0.0036 1.5018
8.68 0.0036 1.5168
8.69 0.0036 1.5318
8.7 0.0036 1.5468
8.71 0.0036 1.5618
8.72 0.0036 1.5768
8.73 0.0036 1.5918
8.74 0.0036 1.6068
8.75 0.0036 1.6218
8.76 0.0036 1.6368
8.77 0.0036 1.6518
8.78 0.0036 1.6668
8.79 0.0036 1.6818
8.8 0.0036 1.6968
8.81 0.0036 1.7118
8.82 0.0036 1.7268
8.83 0.0036 1.7418
8.84 0.0036 1.7568
8.85 0.0036 1.7718
8.86 0.0036 1.7868
8.87 0.0036 1.8018
8.88 0.0036 1.8168
8.89 0.0036 1.8318
8.9 0.0036 1.8468
8.91 0.0036 1.8618
8.92 0.0036 1.8768
8.93 0.0036 1.8918
8.94 0.0036 1.9068
8.95 0.0036 1.9218
8.96 0.0036 1.9368
8.97 0.0036 1.9518
8.98 0.0036 1.9668
8.99 0.0036 1.9818
9.0 0.0036 1.9968
9.01 0.0036 2.0118
9.02 0.0036 2.0268
9.03 0.0036 2.0418
9.04 0.0036 2.0568
9.05 0.0036 2.0718
9.06 0.0036 2.0868
9.07 0.0036 2.1018
9.08 0.0036 2.1168
9.09 0.0036 2.1318
9.1 0.0036 2.1468
9.11 0.0036 2.1618
9.12 0.0036 2.1768
9.13 0.0036 2.1918
9.14 0.0036 2.2068
9.15 0.0036 2.2218
9.16 0.0036 2.2368
9.17 0.0036 2.2518
9.18 0.0036 2.2668
9.19 0.0036 2.2818
9.2 0.0036 2.2968
9.21 0.0036 2.3118
9.22 0.0036 2.3268
9.23 0.0036 2.3418
9.24 0.0036 2.3568
9.25 0.0036 2.3718
9.26 0.0036 2.3868
9.27 0.0036 2.4018
9.28 0.0036 2.4168
9.29 0.0036 2.4318
9.3 0.0036 2.4468
9.31 0.0036 2.4618
9.32 0.0036 2.4768
9.33 0.0036 2.4918
9.34 0.0036 2.5068
9.35 0.0036 2.5218
9.36 0.0036 2.5368
9.37 0.0036 2.5518
9.38 0.0036 2.5668
9.39 0.0036 2.5818
9.4 0.0036 2.5968
9.41 0.0036 2.6118
9.42 0.0036 2.6268
9.43 0.0036 2.6418
9.44 0.0036 2.6568
9.45 0.0036 2.6718
9.46 0.0036 2.6868
9.47 0.0036 2.7018
9.48 0.0036 2.7168
9.49 0.0036 2.7318
9.5 0.0036 2.7468
9.51 0.0036 2.7618
9.52 0.0036 2.7768
9.53 0.0036 2.7918
9.54 0.0036 2.8068
9.55 0.0036 2.8218
9.56 0.0036 2.8368
9.57 0.0036 2.8518
9.58 0.0036 2.8668
9.59 0.0036 2.8818
9.6 0.0036 2.8968
9.61 0.0036 2.9118
9.62 0.0036 2.9268
9.63 0.0036 2.9418
9.64 0.0036 2.9568
9.65 0.0036 2.9718
9.66 0.0036 2.9868
9.67 0.0036 3.0018
9.68 0.0036 3.0168
9.69 0.0036 3.0318
9.7 0.0036 3.0468
9.71 0.0036 3.0618
9.72 0.0036 3.0768
9.73 0.0036 3.0918
9.74 0.0036 3.1068
9.75 0.0036 3.1218
9.76 0.0036 3.1368
9.77 0.0036 3.1518
9.78 0.0036 3.1668
9.79 0.0036 3.1818
9.8 0.0036 3.1968
9.81 0.0036 3.2118
9.82 0.0036 3.2268
9.83 0.0036 3.2418
9.84 0.0036 3.2568
9.85 0.0036 3.2718
9.86 0.0036 3.2868
9.87 0.0036 3.3018
9.88 0.0036 3.3168
9.89 0.0036 3.3318
9.9 0.0036 3.3468
9.91 0.0036 3.3618
9.92 0.0036 3.3768
9.93 0.0036 3.3918
9.94 0.0036 3.4068
9.95 0.0036 3.4218
9.96 0.0036 3.4368
9.97 0.0036 3.4518
9.98 0.0036 3.4668
9.99 0.0036 3.4818
10.0 0.0036 3.4968
10.01 0.0036 3.5118
10.02 0.0036 3.5268
10.03 0.0036 3.5418
10.04 0.0036 3.5568
10.05 0.0036 3.5718
10.06 0.0036 3.5868
10.07 0.0036 3.6018
10.08 0.0036 3.6168
10.09 0.0036 3.6318
10.1 0.0036 3.6468
10.11 0.0036 3.6618
10.12 0.0036 3.6768
10.13 0.0036 3.6918
10.14 0.0036 3.7068
10.15 0.0036 3.7218
10.16 0.0036 3.7368
10.17 0.0036 3.7518
10.18 0.0036 3.7668
10.19 0.0036 3.7818
10.2 0.0036 3.7968
10.21 0.0036 3.8118
10.22 0.0036 3.8268
10.23 0.0036 3.8418
10.24 0.0036 3.8568
10.25 0.0036 3.8718
10.26 0.0036 3.8868
10.27 0.0036 3.9018
10.28 0.0036 3.9168
10.29 0.0036 3.9318
10.3 0.0036 3.9468
10.31 0.0036 3.9618
10.32 0.0036 3.9768
10.33 0.0036 3.9918
10.34 0.0036 4.0068
10.35 0.0036 4.0218
10.36 0.0036 4.0368
10.37 0.0036 4.0518
10.38 0.0036 4.0668
10.39 0.0036 4.0818
10.4 0.0036 4.0968
10.41 0.0036 4.1118
10.42 0.0036 4.1268
10.43 0.0036 4.1418
10.44 0.0036 4.1568
10.45 0.0036 4.1718
10.46 0.0036 4.1868
10.47 0.0036 4.2018
10.48 0.0036 4.2168
10.49 0.0036 4.2318
10.5 0.0036 4.2468
10.51 0.0036 4.2618
10.52 0.0036 4.2768
10.53 0.0036 4.2918
10.54 0.0036 4.3068
10.55 0.0036 4.3218
10.56 0.0036 4.3368
10.57 0.0036 4.3518
10.58 0.0036 4.3668
10.59 0.0036 4.3818
10.6 0.0036 4.3968
10.61 0.0036 4.4118
10.62 0.0036 4.4268
10.63 0.0036 4.4418
10.64 0.0036 4.4568
10.65 0.0036 4.4718
10.66 0.0036 4.4868
10.67 0.0036 4.5018
10.68 0.0036 4.5168
10.69 0.0036 4.5318
10.7 0.0036 4.5468
10.71 0.0036 4.5618
10.72 0.0036 4.5768
10.73 0.0036 4.5918
10.74 0.0036 4.6068
10.75 0.0036 4.6218
10.76 0.0036 4.6368
10.77 0.0036 4.6518
10.78 0.0036 4.6668
10.79 0.0036 4.6818
10.8 0.0036 4.6968
10.81 0.0036 4.7118
10.82 0.0036 4.7268
10.83 0.0036 4.7418
10.84 0.0036 4.7568
10.85 0.0036 4.7718
10.86 0.0036 4.7868
10.87 0.0036 4.8018
10.88 0.0036 4.8168
10.89 0.0036 4.8318
10.9 0.0036 4.8468
10.91 0.0036 4.8618
10.92 0.0036 4.8768
10.93 0.0036 4.8918
10.94 0.0036 4.9068
10.95 0.0036 4.9218
10.96 0.0036 4.9368
10.97 0.0036 4.9518
10.98 0.0036 4.9668
10.99 0.0036 4.9818
11.0 0.0036 4.9968
11.01 0.0036 5.0118
11.02 0.0036 5.0268
11.03 0.0036 5.0418
11.04 0.0036 5.0568
11.05 0.0036 5.0718
11.06 0.0036 5.0868
11.07 0.0036 5.1018
11.08 0.0036 5.1168
11.09 0.0036 5.1318
11.1 0.0036 5.1468
11.11 0.0036 5.1618
11.12 0.0036 5.1768
11.13 0.0036 5.1918
11.14 0.0036 5.2068
11.15 0.0036 5.2218
11.16 0.0036 5.2368
11.17 0.0036 5.2518
11.18 0.0036 5.2668
11.19 0.0036 5.2818
11.2 0.0036 5.2968
11.21 0.0036 5.3118
11.22 0.0036 5.3268
11.23 0.0036 5.3418
11.24 0.0036 5.3568
11.25 0.0036 5.3718
11.26 0.0036 5.3868
11.27 0.0036 5.4018
11.28 0.0036 5.4168
11.29 0.0036 5.4318
11.3 0.0036 5.4468
11.31 0.0036 5.4618
11.32 0.0036 5.4768
11.33 0.0036 5.4918
11.34 0.0036 5.5068
11.35 0.0036 5.5218
11.36 0.0036 5.5368
11.37 0.0036 5.5518
11.38 0.0036 5.5668
11.39 0.0036 5.5818
11.4 0.0036 5.5968
11.41 0.0036 5.6118
11.42 0.0036 5.6268
11.43 0.0036 5.6418
11.44 0.0036 5.6568
11.45 0.0036 5.6718
11.46 0.0036 5.6868
11.47 0.0036 5.7018
11.48 0.0036 5.7168
11.49 0.0036 5.7318
11.5 0.0036 5.7468
11.51 0.0036 5.7618
11.52 0.0036 5.7768
11.53 0.0036 5.7918
11.54 0.0036 5.8068
11.55 0.0036 5.8218
11.56 0.0036 5.8368
11.57 0.0036 5.8518
11.58 0.0036 5.8668
11.59 0.0036 5.8818
11.6 0.0036 5.8968
11.61 0.0036 5.9118
11.62 0.0036 5.9268
11.63 0.0036 5.9418
11.64 0.0036 5.9568
11.65 0.0036 5.9718
11.66 0.0036 5.9868
11.67 0.0036 6.0018
11.68 0.0036 6.0168
11.69 0.0036 6.0318
11.7 0.0036 6.0468
11.71 0.0036 6.0618
11.72 0.0036 6.0768
11.73 0.0036 6.0918
11.74 0.0036 6.1068
11.75 0.0036 6.1218
11.76 0.0036 6.1368
11.77 0.0036 6.1518
11.78 0.0036 6.1668
11.79 0.0036 6.1818
11.8 0.0036 6.1968
11.81 0.0036 6.2118
11.82 0.0036 6.2268
11.83 0.0036 6.2418
11.84 0.0036 6.2568
11.85 0.0036 6.2718
11.86 0.0036 6.2868
11.87 0.0036 6.3018
11.88 0.0036 6.3168
11.89 0.0036 6.3318
11.9 0.0036 6.3468
11.91 0.0036 6.3618
11.92 0.0036 6.3768
11.93 0.0036 6.3918
11.94 0.0036 6.4068
11.95 0.0036 6.4218
11.96 0.0036 6.4368
11.97 0.0036 6.4518
11.98 0.0036 6.4668
11.99 0.0036 6.4818
12.0 0.0036 6.4968
12.01 0.0036 6.5118
12.02 0.0036 6.5268
12.03 0.0036 6.5418
12.04 0.0036 6.5568
12.05 0.0036 6.5718
12.06 0.0036 6.5868
12.07 0.0036 6.6018
12.08 0.0036 6.6168
12.09 0.0036 6.6318
12.1 0.0036 6.6468
12.11 0.0036 6.6618
12.12 0.0036 6.6768
12.13 0.0036 6.6918
12.14 0.0036 6.7068
12.15 0.0036 6.7218
12.16 0.0036 6.7368
12.17 0.0036 6.7518
12.18 0.0036 6.7668
12.19 0.0036 6.7818
12.2 0.0036 6.7968
12.21 0.0036 6.8118
12.22 0.0036 6.8268
12.23 0.0036 6.8418
12.24 0.0036 6.8568
12.25 0.0036 6.8718
12.26 0.0036 6.8868
12.27 0.0036 6.9018
12.28 0.0036 6.9168
12.29 0.0036 6.9318
12.3 0.0036 6.9468
12.31 0.0036 6.9618
12.32 0.0036 6.9768
12.33 0.0036 6.9918
12.34 0.0036 7.0068
12.35 0.0036 7.0218
12.36 0.0036 7.0368
12.37 0.0036 7.0518
12.38 0.0036 7.0668
12.39 0.0036 7.0818
12.4 0.0036 7.0968
12.41 0.0036 7.1118
12.42 0.0036 7.1268
12.43 0.0036 7.1418
12.44 0.0036 7.1568
12.45 0.0036 7.1718
12.46 0.0036 7.1868
12.47 0.0036 7.2018
12.48 0.0036 7.2168
12.49 0.0036 7.2318
12.5 0.0036 7.2468
12.51 0.0036 7.2618
12.52 0.0036 7.2768
12.53 0.0036 7.2918
12.54 0.0036 7.3068
12.55 0.0036 7.3218
12.56 0.0036 7.3368
12.57 0.0036 7.3518
12.58 0.0036 7.3668
12.59 0.0036 7.3818
12.6 0.0036 7.3968
12.61 0.0036 7.4118
12.62 0.0036 7.4268
12.63 0.0036 7.4418
12.64 0.0036 7.4568
12.65 0.0036 7.4718
12.66 0.0036 7.4868
12.67 0.0036 7.5018
12.68 0.0036 7.5168
12.69 0.0036 7.5318
12.7 0.0036 7.5468
12.71 0.0036 7.5618
12.72 0.0036 7.5768
12.73 0.0036 7.5918
12.74 0.0036 7.6068
12.75 0.0036 7.6218
12.76 0.0036 7.6368
12.77 0.0036 7.6518
12.78 0.0036 7.6668
12.79 0.0036 7.6818
12.8 0.0036 7.6968
12.81 0.0036 7.7118
12.82 0.0036 7.7268
12.83 0.0036 7.7418
12.84 0.0036 7.7568
12.85 0.0036 7.7718
12.86 0.0036 7.7868
12.87 0.0036 7.8018
12.88 0.0036 7.8168
12.89 0.0036 7.8318
12.9 0.0036 7.8468
12.91 0.0036 7.8618
12.92 0.0036 7.8768
12.93 0.0036 7.8918
12.94 0.0036 7.9068
12.95 0.0036 7.9218
12.96 0.0036 7.9368
12.97 0.0036 7.9518
12.98 0.0036 7.9668
12.99 0.0036 7.9818
13.0 0.0036 7.9968
13.01 0.0036 8.0118
13.02 0.0036 8.0268
13.03 0.0036 8.0418
13.04 0.0036 8.0568
13.05 0.0036 8.0718
13.06 0.0036 8.0868
13.07 0.0036 8.1018
13.08 0.0036 8.1168
13.09 0.0036 8.1318
13.1 0.0036 8.1468
13.11 0.0036 8.1618
13.12 0.0036 8.1768
13.13 0.0036 8.1918
13.14 0.0036 8.2068
13.15 0.0036 8.2218
13.16 0.0036 8.2368
13.17 0.0036 8.2518
13.18 0.0036 8.2668
13.19 0.0036 8.2818
13.2 0.0036 8.2968
13.21 0.0036 8.3118
13.22 0.0036 8.3268
13.23 0.0036 8.3418
13.24 0.0036 8.3568
13.25 0.0036 8.3718
13.26 0.0036 8.3868
13.27 0.0036 8.4018
13.28 0.0036 8.4168
13.29 0.0036 8.4318
13.3 0.0036 8.4468
13.31 0.0036 8.4618
13.32 0.0036 8.4768
13.33 0.0036 8.4918
13.34 0.0036 8.5068
13.35 0.0036 8.5218
13.36 0.0036 8.5368
13.37 0.0036 8.5518
13.38 0.0036 8.5668
13.39 0.0036 8.5818
13.4 0.0036 8.5968
13.41 0.0036 8.6118
13.42 0.0036 8.6268
13.43 0.0036 8.6418
13.44 0.0036 8.6568
13.45 0.0036 8.6718
13.46 0.0036 8.6868
13.47 0.0036 8.7018
13.48 0.0036 8.7168
13.49 0.0036 8.7318
13.5 0.0036 8.7468
13.51 0.0036 8.7618
13.52 0.0036 8.7768
13.53 0.0036 8.7918
13.54 0.0036 8.8068
13.55 0.0036 8.8218
13.56 0.0036 8.8368
13.57 0.0036 8.8518
13.58 0.0036 8.8668
13.59 0.0036 8.8818
13.6 0.0036 8.8968
13.61 0.0036 8.9118
13.62 0.0036 8.9268
13.63 0.0036 8.9418
13.64 0.0036 8.9568
13.65 0.0036 8.9718
13.66 0.0036 8.9868
13.67 0.0036 9.0018
13.68 0.0036 9.0168
13.69 0.0036 9.0318
13.7 0.0036 9.0468
13.71 0.0036 9.0618
13.72 0.0036 9.0768
13.73 0.0036 9.0918
13.74 0.0036 9.1068
13.75 0.0036 9.1218
13.76 0.0036 9.1368
13.77 0.0036 9.1518
13.78 0.0036 9.1668
13.79 0.0036 9.1818
13.8 0.0036 9.1968
13.81 0.0036 9.2118
13.82 0.0036 9.2268
13.83 0.0036 9.2418
13.84 0.0036 9.2568
13.85 0.0036 9.2718
13.86 0.0036 9.2868
13.87 0.0036 9.3018
13.88 0.0036 9.3168
13.89 0.0036 9.3318
13.9 0.0036 9.3468
13.91 0.0036 9.3618
13.92 0.0036 9.3768
13.93 0.0036 9.3918
13.94 0.0036 9.4068
13.95 0.0036 9.4218
13.96 0.0036 9.4368
13.97 0.0036 9.4518
13.98 0.0036 9.4668
13.99 0.0036 9.4818
14.0 0.0036 9.4968
14.01 0.0036 9.5118
14.02 0.0036 9.5268
14.03 0.0036 9.5418
14.04 0.0036 9.5568
14.05 0.0036 9.5718
14.06 0.0036 9.5868
14.07 0.0036 9.6018
14.08 0.0036 9.6168
14.09 0.0036 9.6318
14.1 0.0036 9.6468
14.11 0.0036 9.6618
14.12 0.0036 9.6768
14.13 0.0036 9.6918
14.14 0.0036 9.7068
14.15 0.0036 9.7218
14.16 0.0036 9.7368
14.17 0.0036 9.7518
14.18 0.0036 9.7668
14.19 0.0036 9.7818
14.2 0.0036 9.7968
14.21 0.0036 9.8118
14.22 0.0036 9.8268
14.23 0.0036 9.8418
14.24 0.0036 9.8568
14.25 0.0036 9.8718
14.26 0.0036 9.8868
14.27 0.0036 9.9018
14.28 0.0036 9.9168
14.29 0.0036 9.9318
14.3 0.0036 9.9468
14.31 0.0036 9.9618
14.32 0.0036 9.9768
14.33 0.0036 9.9918
14.34 0.0036 10.0068
14.35 0.0142 9.9962
14.36 0.0248 9.9856
14.37 0.0354 9.975
14.38 0.046 9.9644
14.39 0.0566 9.9538
14.4 0.0672 9.9432
14.41 0.0778 9.9326
14.42 0.0884 9.922
14.43 0.099 9.9114
14.44 0.1096 9.9008
14.45 0.1202 9.8902
14.46 0.1308 9.8796
14.47 0.1414 9.869
14.48 0.152 9.8584
14.49 0.1626 9.8478
14.5 0.1732 9.8372
14.51 0.1838 9.8266
14.52 0.1944 9.816
14.53 0.205 9.8054
14.54 0.2156 9.7948
14.55 0.2262 9.7842
14.56 0.2368 9.7736
14.57 0.2474 9.763
14.58 0.258 9.7524
14.59 0.2686 9.7418
14.6 0.2792 9.7312
14.61 0.2898 9.7206
14.62 0.3004 9.71
14.63 0.311 9.6994
14.64 0.3216 9.6888
14.65 0.3322 9.6782
14.66 0.3428 9.6676
14.67 0.3534 9.657
14.68 0.364 9.6464
14.69 0.3746 9.6358
14.7 0.3852 9.6252
14.71 0.3958 9.6146
14.72 0.4064 9.604
14.73 0.417 9.5934
14.74 0.4276 9.5828
14.75 0.4382 9.5722
14.76 0.4488 9.5616
14.77 0.4594 9.551
14.78 0.47 9.5404
14.79 0.4806 9.5298
14.8 0.4912 9.5192
14.81 0.5018 9.5086
14.82 0.5124 9.498
14.83 0.523 9.4874
14.84 0.5336 9.4768
14.85 0.5442 9.4662
14.86 0.5548 9.4556
14.87 0.5654 9.445
14.88 0.576 9.4344
14.89 0.5866 9.4238
14.9 0.5972 9.4132
14.91 0.6078 9.4026
14.92 0.6184 9.392
14.93 0.629 9.3814
14.94 0.6396 9.3708
14.95 0.6502 9.3602
14.96 0.6608 9.3496
14.97 0.6714 9.339
14.98 0.682 9.3284
14.99 0.6926 9.3178
15.0 0.7032 9.3072
15.01 0.7138 9.2966
15.02 0.7244 9.286
15.03 0.735 9.2754
15.04 0.7456 9.2648
15.05 0.7562 9.2542
15.06 0.7668 9.2436
15.07 0.7774 9.233
15.08 0.788 9.2224
15.09 0.7986 9.2118
15.1 0.8092 9.2012
15.11 0.8198 9.1906
15.12 0.8304 9.18
15.13 0.841 9.1694
15.14 0.8516 9.1588
15.15 0.8622 9.1482
15.16 0.8728 9.1376
15.17 0.8834 9.127
15.18 0.894 9.1164
15.19 0.9046 9.1058
15.2 0.9152 9.0952
15.21 0.9258 9.0846
15.22 0.9364 9.074
15.23 0.947 9.0634
15.24 0.9576 9.0528
15.25 0.9682 9.0422
15.26 0.9788 9.0316
15.27 0.9894 9.021
15.28 1.0 9.0104
15.29 1.0106 8.9998
15.3 1.0212 8.9892
15.31 1.0318 8.9786
15.32 1.0424 8.968
15.33 1.053 8.9574
15.34 1.0636 8.9468
15.35 1.0742 8.9362
15.36 1.0848 8.9256
15.37 1.0954 8.915
15.38 1.106 8.9044
15.39 1.1166 8.8938
15.4 1.1272 8.8832
15.41 1.1378 8.8726
15.42 1.1484 8.862
15.43 1.159 8.8514
15.44 1.1696 8.8408
15.45 1.1802 8.8302
15.46 1.1908 8.8196
15.47 1.2014 8.809
15.48 1.212 8.7984
15.49 1.2226 8.7878
15.5 1.2332 8.7772
15.51 1.2438 8.7666
15.52 1.2544 8.756
15.53 1.265 8.7454
15.54 1.2756 8.7348
15.55 1.2862 8.7242
15.56 1.2968 8.7136
15.57 1.3074 8.703
15.58 1.318 8.6924
15.59 1.3286 8.6818
15.6 1.3392 8.6712
15.61 1.3498 8.6606
15.62 1.3604 8.65
15.63 1.371 8.6394
15.64 1.3816 8.6288
15.65 1.3922 8.6182
15.66 1.4028 8.6076
15.67 1.4134 8.597
15.68 1.424 8.5864
15.69 1.4346 8.5758
15.7 1.4452 8.5652
15.71 1.4558 8.5546
15.72 1.4664 8.544
15.73 1.477 8.5334
15.74 1.4876 8.5228
15.75 1.4982 8.5122
15.76 1.5088 8.5016
15.77 1.5194 8.491
15.78 1.53 8.4804
15.79 1.5406 8.4698
15.8 1.5512 8.4592
15.81 1.5618 8.4486
15.82 1.5724 8.438
15.83 1.583 8.4274
15.84 1.5936 8.4168
15.85 1.6042 8.4062
15.86 1.6148 8.3956
15.87 1.6254 8.385
15.88 1.636 8.3744
15.89 1.6466 8.3638
15.9 1.6572 8.3532
15.91 1.6678 8.3426
15.92 1.6784 8.332
15.93 1.689 8.3214
15.94 1.6996 8.3108
15.95 1.7102 8.3002
15.96 1.7208 8.2896
15.97 1.7314 8.279
15.98 1.742 8.2684
15.99 1.7526 8.2578
16.0 1.7632 8.2472
16.01 1.7738 8.2366
16.02 1.7844 8.226
16.03 1.795 8.2154
16.04 1.8056 8.2048
16.05 1.8162 8.1942
16.06 1.8268 8.1836
16.07 1.8374 8.173
16.08 1.848 8.1624
16.09 1.8586 8.1518
16.1 1.8692 8.1412
16.11 1.8798 8.1306
16.12 1.8904 8.12
16.13 1.901 8.1094
16.14 1.9116 8.0988
16.15 1.9222 8.0882
16.16 1.9328 8.0776
16.17 1.9434 8.067
16.18 1.954 8.0564
16.19 1.9646 8.0458
16.2 1.9752 8.0352
16.21 1.9858 8.0246
16.22 1.9964 8.014
16.23 2.007 8.0034
16.24 2.0176 7.9928
16.25 2.0282 7.9822
16.26 2.0388 7.9716
16.27 2.0494 7.961
16.28 2.06 7.9504
16.29 2.0706 7.9398
16.3 2.0812 7.9292
16.31 2.0918 7.9186
16.32 2.1024 7.908
16.33 2.113 7.8974
16.34 2.1236 7.8868
16.35 2.1342 7.8762
16.36 2.1448 7.8656
16.37 2.1554 7.855
16.38 2.166 7.8444
16.39 2.1766 7.8338
16.4 2.1872 7.8232
16.41 2.1978 7.8126
16.42 2.2084 7.802
16.43 2.219 7.7914
16.44 2.2296 7.7808
16.45 2.2402 7.7702
16.46 2.2508 7.7596
16.47 2.2614 7.749
16.48 2.272 7.7384
16.49 2.2826 7.7278
16.5 2.2932 7.7172
16.51 2.3038 7.7066
16.52 2.3144 7.696
16.53 2.325 7.6854
16.54 2.3356 7.6748
16.55 2.3462 7.6642
16.56 2.3568 7.6536
16.57 2.3674 7.643
16.58 2.378 7.6324
16.59 2.3886 7.6218
16.6 2.3992 7.6112
16.61 2.4098 7.6006
16.62 2.4204 7.59
16.63 2.431 7.5794
16.64 2.4416 7.5688
16.65 2.4522 7.5582
16.66 2.4628 7.5476
16.67 2.4734 7.537
16.68 2.484 7.5264
16.69 2.4946 7.5158
16.7 2.5052 7.5052
16.71 2.5158 7.4946
16.72 2.5264 7.484
16.73 2.537 7.4734
16.74 2.5476 7.4628
16.75 2.5582 7.4522
16.76 2.5688 7.4416
16.77 2.5794 7.431
16.78 2.59 7.4204
16.79 2.6006 7.4098
16.8 2.6112 7.3992
16.81 2.6218 7.3886
16.82 2.6324 7.378
16.83 2.643 7.3674
16.84 2.6536 7.3568
16.85 2.6642 7.3462
16.86 2.6748 7.3356
16.87 2.6854 7.325
16.88 2.696 7.3144
16.89 2.7066 7.3038
16.9 2.7172 7.2932
16.91 2.7278 7.2826
16.92 2.7384 7.272
16.93 2.749 7.2614
16.94 2.7596 7.2508
16.95 2.7702 7.2402
16.96 2.7808 7.2296
16.97 2.7914 7.219
16.98 2.802 7.2084
16.99 2.8126 7.1978
17.0 2.8232 7.1872
17.01 2.8338 7.1766
17.02 2.8444 7.166
17.03 2.855 7.1554
17.04 2.8656 7.1448
17.05 2.8762 7.1342
17.06 2.8868 7.1236
17.07 2.8974 7.113
17.08 2.908 7.1024
17.09 2.9186 7.0918
17.1 2.9292 7.0812
17.11 2.9398 7.0706
17.12 2.9504 7.06
17.13 2.961 7.0494
17.14 2.9716 7.0388
17.15 2.9822 7.0282
17.16 2.9928 7.0176
17.17 3.0034 7.007
17.18 3.014 6.9964
17.19 3.0246 6.9858
17.2 3.0352 6.9752
17.21 3.0458 6.9646
17.22 3.0564 6.954
17.23 3.067 6.9434
17.24 3.0776 6.9328
17.25 3.0882 6.9222
17.26 3.0988 6.9116
17.27 3.1094 6.901
17.28 3.12 6.8904
17.29 3.1306 6.8798
17.3 3.1412 6.8692
17.31 3.1518 6.8586
17.32 3.1624 6.848
17.33 3.173 6.8374
17.34 3.1836 6.8268
17.35 3.1942 6.8162
17.36 3.2048 6.8056
17.37 3.2154 6.795
17.38 3.226 6.7844
17.39 3.2366 6.7738
17.4 3.2472 6.7632
17.41 3.2578 6.7526
17.42 3.2684 6.742
17.43 3.279 6.7314
17.44 3.2896 6.7208
17.45 3.3002 6.7102
17.46 3.3108 6.6996
17.47 3.3214 6.689
17.48 3.332 6.6784
17.49 3.3426 6.6678
17.5 3.3532 6.6572
17.51 3.3638 6.6466
17.52 3.3744 6.636
17.53 3.385 6.6254
17.54 3.3956 6.6148
17.55 3.4062 6.6042
17.56 3.4168 6.5936
17.57 3.4274 6.583
17.58 3.438 6.5724
17.59 3.4486 6.5618
17.6 3.4592 6.5512
17.61 3.4698 6.5406
17.62 3.4804 6.53
17.63 3.491 6.5194
17.64 3.5016 6.5088
17.65 3.5122 6.4982
17.66 3.5228 6.4876
17.67 3.5334 6.477
17.68 3.544 6.4664
17.69 3.5546 6.4558
17.7 3.5652 6.4452
17.71 3.5758 6.4346
17.72 3.5864 6.424
17.73 3.597 6.4134
17.74 3.6076 6.4028
17.75 3.6182 6.3922
17.76 3.6288 6.3816
17.77 3.6394 6.371
17.78 3.65 6.3604
17.79 3.6606 6.3498
17.8 3.6712 6.3392
17.81 3.6818 6.3286
17.82 3.6924 6.318
17.83 3.703 6.3074
17.84 3.7136 6.2968
17.85 3.7242 6.2862
17.86 3.7348 6.2756
17.87 3.7454 6.265
17.88 3.756 6.2544
17.89 3.7666 6.2438
17.9 3.7772 6.2332
17.91 3.7878 6.2226
17.92 3.7984 6.212
17.93 3.809 6.2014
17.94 3.8196 6.1908
17.95 3.8302 6.1802
17.96 3.8408 6.1696
17.97 3.8514 6.159
17.98 3.862 6.1484
17.99 3.8726 6.1378
18.0 3.8832 6.1272
18.01 3.8938 6.1166
18.02 3.9044 6.106
18.03 3.915 6.0954
18.04 3.9256 6.0848
18.05 3.9362 6.0742
18.06 3.9468 6.0636
18.07 3.9574 6.053
18.08 3.968 6.0424
18.09 3.9786 6.0318
18.1 3.9892 6.0212
18.11 3.9998 6.0106
18.12 4.0104 6.0
18.13 4.021 5.9894
18.14 4.0316 5.9788
18.15 4.0422 5.9682
18.16 4.0528 5.9576
18.17 4.0634 5.947
18.18 4.074 5.9364
18.19 4.0846 5.9258
18.2 4.0952 5.9152
18.21 4.1058 5.9046
18.22 4.1164 5.894
18.23 4.127 5.8834
18.24 4.1376 5.8728
18.25 4.1482 5.8622
18.26 4.1588 5.8516
18.27 4.1694 5.841
18.28 4.18 5.8304
18.29 4.1906 5.8198
18.3 4.2012 5.8092
18.31 4.2118 5.7986
18.32 4.2224 5.788
18.33 4.233 5.7774
18.34 4.2436 5.7668
18.35 4.2542 5.7562
18.36 4.2648 5.7456
18.37 4.2754 5.735
18.38 4.286 5.7244
18.39 4.2966 5.7138
18.4 4.3072 5.7032
18.41 4.3178 5.6926
18.42 4.3284 5.682
18.43 4.339 5.6714
18.44 4.3496 5.6608
18.45 4.3602 5.6502
18.46 4.3708 5.6396
18.47 4.3814 5.629
18.48 4.392 5.6184
18.49 4.4026 5.6078
18.5 4.4132 5.5972
18.51 4.4238 5.5866
18.52 4.4344 5.576
18.53 4.445 5.5654
18.54 4.4556 5.5548
18.55 4.4662 5.5442
18.56 4.4768 5.5336
18.57 4.4874 5.523
18.58 4.498 5.5124
18.59 4.5086 5.5018
18.6 4.5192 5.4912
18.61 4.5298 5.4806
18.62 4.5404 5.47
18.63 4.551 5.4594
18.64 4.5616 5.4488
18.65 4.5722 5.4382
18.66 4.5828 5.4276
18.67 4.5934 5.417
18.68 4.604 5.4064
18.69 4.6146 5.3958
18.7 4.6252 5.3852
18.71 4.6358 5.3746
18.72 4.6464 5.364
18.73 4.657 5.3534
18.74 4.6676 5.3428
18.75 4.6782 5.3322
18.76 4.6888 5.3216
18.77 4.6994 5.311
18.78 4.71 5.3004
18.79 4.7206 5.2898
18.8 4.7312 5.2792
18.81 4.7418 5.2686
18.82 4.7524 5.258
18.83 4.763 5.2474
18.84 4.7736 5.2368
18.85 4.7842 5.2262
18.86 4.7948 5.2156
18.87 4.8054 5.205
18.88 4.816 5.1944
18.89 4.8266 5.1838
18.9 4.8372 5.1732
18.91 4.8478 5.1626
18.92 4.8584 5.152
18.93 4.869 5.1414
18.94 4.8796 5.1308
18.95 4.8902 5.1202
18.96 4.9008 5.1096
18.97 4.9114 5.099
18.98 4.922 5.0884
18.99 4.9326 5.0778
19.0 4.9432 5.0672
19.01 4.9538 5.0566
19.02 4.9644 5.046
19.03 4.975 5.0354
19.04 4.9856 5.0248
19.05 4.9962 5.0142
19.06 5.0068 5.0036
19.07 5.0174 4.993
19.08 5.028 4.9824
19.09 5.0386 4.9718
19.1 5.0492 4.9612
19.11 5.0598 4.9506
19.12 5.0704 4.94
19.13 5.081 4.9294
19.14 5.0916 4.9188
19.15 5.1022 4.9082
19.16 5.1128 4.8976
19.17 5.1234 4.887
19.18 5.134 4.8764
19.19 5.1446 4.8658
19.2 5.1552 4.8552
19.21 5.1658 4.8446
19.22 5.1764 4.834
19.23 5.187 4.8234
19.24 5.1976 4.8128
19.25 5.2082 4.8022
19.26 5.2188 4.7916
19.27 5.2294 4.781
19.28 5.24 4.7704
19.29 5.2506 4.7598
19.3 5.2612 4.7492
19.31 5.2718 4.7386
19.32 5.2824 4.728
19.33 5.293 4.7174
19.34 5.3036 4.7068
19.35 5.3142 4.6962
19.36 5.3248 4.6856
19.37 5.3354 4.675
19.38 5.346 4.6644
19.39 5.3566 4.6538
19.4 5.3672 4.6432
19.41 5.3778 4.6326
19.42 5.3884 4.622
19.43 5.399 4.6114
19.44 5.4096 4.6008
19.45 5.4202 4.5902
19.46 5.4308 4.5796
19.47 5.4414 4.569
19.48 5.452 4.5584
19.49 5.4626 4.5478
19.5 5.4732 4.5372
19.51 5.4838 4.5266
19.52 5.4944 4.516
19.53 5.505 4.5054
19.54 5.5156 4.4948
19.55 5.5262 4.4842
19.56 5.5368 4.4736
19.57 5.5474 4.463
19.58 5.558 4.4524
19.59 5.5686 4.4418
19.6 5.5792 4.4312
19.61 5.5898 4.4206
19.62 5.6004 4.41
19.63 5.611 4.3994
19.64 5.6216 4.3888
19.65 5.6322 4.3782
19.66 5.6428 4.3676
19.67 5.6534 4.357
19.68 5.664 4.3464
19.69 5.6746 4.3358
19.7 5.6852 4.3252
19.71 5.6958 4.3146
19.72 5.7064 4.304
19.73 5.717 4.2934
19.74 5.7276 4.2828
19.75 5.7382 4.2722
19.76 5.7488 4.2616
19.77 5.7594 4.251
19.78 5.77 4.2404
19.79 5.7806 4.2298
19.8 5.7912 4.2192
19.81 5.8018 4.2086
19.82 5.8124 4.198
19.83 5.823 4.1874
19.84 5.8336 4.1768
19.85 5.8442 4.1662
19.86 5.8548 4.1556
19.87 5.8654 4.145
19.88 5.876 4.1344
19.89 5.8866 4.1238
19.9 5.8972 4.1132
19.91 5.9078 4.1026
19.92 5.9184 4.092
19.93 5.929 4.0814
19.94 5.9396 4.0708
19.95 5.9502 4.0602
19.96 5.9608 4.0496
19.97 5.9714 4.039
19.98 5.982 4.0284
19.99 5.9926 4.0178
20.0 6.0032 4.0072
20.01 6.0138 3.9966
20.02 6.0244 3.986
20.03 6.035 3.9754
20.04 6.0456 3.9648
20.05 6.0562 3.9542
20.06 6.0668 3.9436
20.07 6.0774 3.933
20.08 6.088 3.9224
20.09 6.0986 3.9118
20.1 6.1092 3.9012
20.11 6.1198 3.8906
20.12 6.1304 3.88
20.13 6.141 3.8694
20.14 6.1516 3.8588
20.15 6.1622 3.8482
20.16 6.1728 3.8376
20.17 6.1834 3.827
20.18 6.194 3.8164
20.19 6.2046 3.8058
20.2 6.2152 3.7952
20.21 6.2258 3.7846
20.22 6.2364 3.774
20.23 6.247 3.7634
20.24 6.2576 3.7528
20.25 6.2682 3.7422
20.26 6.2788 3.7316
20.27 6.2894 3.721
20.28 6.3 3.7104
20.29 6.3106 3.6998
20.3 6.3212 3.6892
20.31 6.3318 3.6786
20.32 6.3424 3.668
20.33 6.353 3.6574
20.34 6.3636 3.6468
20.35 6.3742 3.6362
20.36 6.3848 3.6256
20.37 6.3954 3.615
20.38 6.406 3.6044
20.39 6.4166 3.5938
20.4 6.4272 3.5832
20.41 6.4378 3.5726
20.42 6.4484 3.562
20.43 6.459 3.5514
20.44 6.4696 3.5408
20.45 6.4802 3.5302
20.46 6.4908 3.5196
20.47 6.5014 3.509
20.48 6.512 3.4984
20.49 6.5226 3.4878
20.5 6.5332 3.4772
20.51 6.5438 3.4666
20.52 6.5544 3.456
20.53 6.565 3.4454
20.54 6.5756 3.4348
20.55 6.5862 3.4242
20.56 6.5968 3.4136
20.57 6.6074 3.403
20.58 6.618 3.3924
20.59 6.6286 3.3818
20.6 6.6392 3.3712
20.61 6.6498 3.3606
20.62 6.6604 3.35
20.63 6.671 3.3394
20.64 6.6816 3.3288
20.65 6.6922 3.3182
20.66 6.7028 3.3076
20.67 6.7134 3.297
20.68 6.724 3.2864
20.69 6.7346 3.2758
20.7 6.7452 3.2652
20.71 6.7558 3.2546
20.72 6.7664 3.244
20.73 6.777 3.2334
20.74 6.7876 3.2228
20.75 6.7982 3.2122
20.76 6.8088 3.2016
20.77 6.8194 3.191
20.78 6.83 3.1804
20.79 6.8406 3.1698
20.8 6.8512 3.1592
20.81 6.8618 3.1486
20.82 6.8724 3.138
20.83 6.883 3.1274
20.84 6.8936 3.1168
20.85 6.9042 3.1062
20.86 6.9148 3.0956
20.87 6.9254 3.085
20.88 6.936 3.0744
20.89 6.9466 3.0638
20.9 6.9572 3.0532
20.91 6.9678 3.0426
20.92 6.9784 3.032
20.93 6.989 3.0214
20.94 6.9996 3.0108
20.95 7.0102 3.0002
20.96 7.0208 2.9896
20.97 7.0314 2.979
20.98 7.042 2.9684
20.99 7.0526 2.9578
21.0 7.0632 2.9472
21.01 7.0738 2.9366
21.02 7.0844 2.926
21.03 7.095 2.9154
21.04 7.1056 2.9048
21.05 7.1162 2.8942
21.06 7.1268 2.8836
21.07 7.1374 2.873
21.08 7.148 2.8624
21.09 7.1586 2.8518
21.1 7.1692 2.8412
21.11 7.1798 2.8306
21.12 7.1904 2.82
21.13 7.201 2.8094
21.14 7.2116 2.7988
21.15 7.2222 2.7882
21.16 7.2328 2.7776
21.17 7.2434 2.767
21.18 7.254 2.7564
21.19 7.2646 2.7458
21.2 7.2752 2.7352
21.21 7.2858 2.7246
21.22 7.2964 2.714
21.23 7.307 2.7034
21.24 7.3176 2.6928
21.25 7.3282 2.6822
21.26 7.3388 2.6716
21.27 7.3494 2.661
21.28 7.36 2.6504
21.29 7.3706 2.6398
21.3 7.3812 2.6292
21.31 7.3918 2.6186
21.32 7.4024 2.608
21.33 7.413 2.5974
21.34 7.4236 2.5868
21.35 7.4342 2.5762
21.36 7.4448 2.5656
21.37 7.4554 2.555
21.38 7.466 2.5444
21.39 7.4766 2.5338
21.4 7.4872 2.5232
21.41 7.4978 2.5126
21.42 7.5084 2.502
21.43 7.519 2.4914
21.44 7.5296 2.4808
21.45 7.5402 2.4702
21.46 7.5508 2.4596
21.47 7.5614 2.449
21.48 7.572 2.4384
21.49 7.5826 2.4278
21.5 7.5932 2.4172
21.51 7.6038 2.4066
21.52 7.6144 2.396
21.53 7.625 2.3854
21.54 7.6356 2.3748
21.55 7.6462 2.3642
21.56 7.6568 2.3536
21.57 7.6674 2.343
21.58 7.678 2.3324
21.59 7.6886 2.3218
21.6 7.6992 2.3112
21.61 7.7098 2.3006
21.62 7.7204 2.29
21.63 7.731 2.2794
21.64 7.7416 2.2688
21.65 7.7522 2.2582
21.66 7.7628 2.2476
21.67 7.7734 2.237
21.68 7.784 2.2264
21.69 7.7946 2.2158
21.7 7.8052 2.2052
21.71 7.8158 2.1946
21.72 7.8264 2.184
21.73 7.837 2.1734
21.74 7.8476 2.1628
21.75 7.8582 2.1522
21.76 7.8688 2.1416
21.77 7.8794 2.131
21.78 7.89 2.1204
21.79 7.9006 2.1098
21.8 7.9112 2.0992
21.81 7.9218 2.0886
21.82 7.9324 2.078
21.83 7.943 2.0674
21.84 7.9536 2.0568
21.85 7.9642 2.0462
21.86 7.9748 2.0356
21.87 7.9854 2.025
21.88 7.996 2.0144
21.89 8.0066 2.0038
21.9 8.0172 1.9932
21.91 8.0278 1.9826
21.92 8.0384 1.972
21.93 8.049 1.9614
21.94 8.0596 1.9508
21.95 8.0702 1.9402
21.96 8.0808 1.9296
21.97 8.0914 1.919
21.98 8.102 1.9084
21.99 8.1126 1.8978
22.0 8.1232 1.8872
22.01 8.1338 1.8766
22.02 8.1444 1.866
22.03 8.155 1.8554
22.04 8.1656 1.8448
22.05 8.1762 1.8342
22.06 8.1868 1.8236
22.07 8.1974 1.813
22.08 8.208 1.8024
22.09 8.2186 1.7918
22.1 8.2292 1.7812
22.11 8.2398 1.7706
22.12 8.2504 1.76
22.13 8.261 1.7494
22.14 8.2716 1.7388
22.15 8.2822 1.7282
22.16 8.2928 1.7176
22.17 8.3034 1.707
22.18 8.314 1.6964
22.19 8.3246 1.6858
22.2 8.3352 1.6752
22.21 8.3458 1.6646
22.22 8.3564 1.654
22.23 8.367 1.6434
22.24 8.3776 1.6328
22.25 8.3882 1.6222
22.26 8.3988 1.6116
22.27 8.4094 1.601
22.28 8.42 1.5904
22.29 8.4306 1.5798
22.3 8.4412 1.5692
22.31 8.4518 1.5586
22.32 8.4624 1.548
22.33 8.473 1.5374
22.34 8.4836 1.5268
22.35 8.4942 1.5162
22.36 8.5048 1.5056
22.37 8.5154 1.495
22.38 8.526 1.4844
22.39 8.5366 1.4738
22.4 8.5472 1.4632
22.41 8.5578 1.4526
22.42 8.5684 1.442
22.43 8.579 1.4314
22.44 8.5896 1.4208
22.45 8.6002 1.4102
22.46 8.6108 1.3996
22.47 8.6214 1.389
22.48 8.632 1.3784
22.49 8.6426 1.3678
22.5 8.6532 1.3572
22.51 8.6638 1.3466
22.52 8.6744 1.336
22.53 8.685 1.3254
22.54 8.6956 1.3148
22.55 8.7062 1.3042
22.56 8.7168 1.2936
22.57 8.7274 1.283
22.58 8.738 1.2724
22.59 8.7486 1.2618
22.6 8.7592 1.2512
22.61 8.7698 1.2406
22.62 8.7804 1.23
22.63 8.791 1.2194
22.64 8.8016 1.2088
22.65 8.8122 1.1982
22.66 8.8228 1.1876
22.67 8.8334 1.177
22.68 8.844 1.1664
22.69 8.8546 1.1558
22.7 8.8652 1.1452
22.71 8.8758 1.1346
22.72 8.8864 1.124
22.73 8.897 1.1134
22.74 8.9076 1.1028
22.75 8.9182 1.0922
22.76 8.9288 1.0816
22.77 8.9394 1.071
22.78 8.95 1.0604
22.79 8.9606 1.0498
22.8 8.9712 1.0392
22.81 8.9818 1.0286
22.82 8.9924 1.018
22.83 9.003 1.0074
22.84 9.0136 0.9968
22.85 9.0242 0.9862
22.86 9.0348 0.9756
22.87 9.0454 0.965
22.88 9.056 0.9544
22.89 9.0666 0.9438
22.9 9.0772 0.9332
22.91 9.0878 0.9226
22.92 9.0984 0.912
22.93 9.109 0.9014
22.94 9.1196 0.8908
22.95 9.1302 0.8802
22.96 9.1408 0.8696
22.97 9.1514 0.859
22.98 9.162 0.8484
22.99 9.1726 0.8378
23.0 9.1832 0.8272
23.01 9.1938 0.8166
23.02 9.2044 0.806
23.03 9.215 0.7954
23.04 9.2256 0.7848
23.05 9.2362 0.7742
23.06 9.2468 0.7636
23.07 9.2574 0.753
23.08 9.268 0.7424
23.09 9.2786 0.7318
23.1 9.2892 0.7212
23.11 9.2998 0.7106
23.12 9.3104 0.7
23.13 9.321 0.6894
23.14 9.3316 0.6788
23.15 9.3422 0.6682
23.16 9.3528 0.6576
23.17 9.3634 0.647
23.18 9.374 0.6364
23.19 9.3846 0.6258
23.2 9.3952 0.6152
23.21 9.4058 0.6046
23.22 9.4164 0.594
23.23 9.427 0.5834
23.24 9.4376 0.5728
23.25 9.4482 0.5622
23.26 9.4588 0.5516
23.27 9.4694 0.541
23.28 9.48 0.5304
23.29 9.4906 0.5198
23.3 9.5012 0.5092
23.31 9.5118 0.4986
23.32 9.5224 0.488
23.33 9.533 0.4774
23.34 9.5436 0.4668
23.35 9.5542 0.4562
23.36 9.5648 0.4456
23.37 9.5754 0.435
23.38 9.586 0.4244
23.39 9.5966 0.4138
23.4 9.6072 0.4032
23.41 9.6178 0.3926
23.42 9.6284 0.382
23.43 9.639 0.3714
23.44 9.6496 0.3608
23.45 9.6602 0.3502
23.46 9.6708 0.3396
23.47 9.6814 0.329
23.48 9.692 0.3184
23.49 9.7026 0.3078
23.5 9.7132 0.2972
23.51 9.7238 0.2866
23.52 9.7344 0.276
23.53 9.745 0.2654
23.54 9.7556 0.2548
23.55 9.7662 0.2442
23.56 9.7768 0.2336
23.57 9.7874 0.223
23.58 9.798 0.2124
23.59 9.8086 0.2018
23.6 9.8192 0.1912
23.61 9.8298 0.1806
23.62 9.8404 0.17
23.63 9.851 0.1594
23.64 9.8616 0.1488
23.65 9.8722 0.1382
23.66 9.8828 0.1276
23.67 9.8934 0.117
23.68 9.904 0.1064
23.69 9.9146 0.0958
23.7 9.9252 0.0852
23.71 9.9358 0.0746
23.72 9.9464 0.064
23.73 9.957 0.0534
23.74 9.9676 0.0428
23.75 9.9782 0.0322
23.76 9.9888 0.0216
23.77 9.9994 0.011
