0.22 0.0106 9.9894
0.23 0.0212 9.9788
0.24 0.0318 9.9682
0.25 0.0424 9.9576
0.26 0.053 9.947
0.27 0.0636 9.9364
0.28 0.0742 9.9258
0.29 0.0848 9.9152
0.3 0.0954 9.9046
0.31 0.106 9.894
0.32 0.1166 9.8834
0.33 0.1272 9.8728
0.34 0.1378 9.8622
0.35 0.1484 9.8516
0.36 0.159 9.841
0.37 0.1696 9.8304
0.38 0.1802 9.8198
0.39 0.1908 9.8092
0.4 0.2014 9.7986
0.41 0.212 9.788
0.42 0.2226 9.7774
0.43 0.2332 9.7668
0.44 0.2438 9.7562
0.45 0.2544 9.7456
0.46 0.265 9.735
0.47 0.2756 9.7244
0.48 0.2862 9.7138
0.49 0.2968 9.7032
0.5 0.3074 9.6926
0.51 0.318 9.682
0.52 0.3286 9.6714
0.53 0.3392 9.6608
0.54 0.3498 9.6502
0.55 0.3604 9.6396
0.56 0.371 9.629
0.57 0.3816 9.6184
0.58 0.3922 9.6078
0.59 0.4028 9.5972
0.6 0.4134 9.5866
0.61 0.424 9.576
0.62 0.4346 9.5654
0.63 0.4452 9.5548
0.64 0.4558 9.5442
0.65 0.4664 9.5336
0.66 0.477 9.523
0.67 0.4876 9.5124
0.68 0.4982 9.5018
0.69 0.5088 9.4912
0.7 0.5194 9.4806
0.71 0.53 9.47
0.72 0.5406 9.4594
0.73 0.5512 9.4488
0.74 0.5618 9.4382
0.75 0.5724 9.4276
0.76 0.583 9.417
0.77 0.5936 9.4064
0.78 0.6042 9.3958
0.79 0.6148 9.3852
0.8 0.6254 9.3746
0.81 0.636 9.364
0.82 0.6466 9.3534
0.83 0.6572 9.3428
0.84 0.6678 9.3322
0.85 0.6784 9.3216
0.86 0.689 9.311
0.87 0.6996 9.3004
0.88 0.7102 9.2898
0.89 0.7208 9.2792
0.9 0.7314 9.2686
0.91 0.742 9.258
0.92 0.7526 9.2474
0.93 0.7632 9.2368
0.94 0.7738 9.2262
0.95 0.7844 9.2156
0.96 0.795 9.205
0.97 0.8056 9.1944
0.98 0.8162 9.1838
0.99 0.8268 9.1732
1.0 0.8374 9.1626
1.01 0.848 9.152
1.02 0.8586 9.1414
1.03 0.8692 9.1308
1.04 0.8798 9.1202
1.05 0.8904 9.1096
1.06 0.901 9.099
1.07 0.9116 9.0884
1.08 0.9222 9.0778
1.09 0.9328 9.0672
1.1 0.9434 9.0566
1.11 0.954 9.046
1.12 0.9646 9.0354
1.13 0.9752 9.0248
1.14 0.9858 9.0142
1.15 0.9964 9.0036
1.16 1.007 8.993
1.17 1.0176 8.9824
1.18 1.0282 8.9718
1.19 1.0388 8.9612
1.2 1.0494 8.9506
1.21 1.06 8.94
1.22 1.0706 8.9294
1.23 1.0812 8.9188
1.24 1.0918 8.9082
1.25 1.1024 8.8976
1.26 1.113 8.887
1.27 1.1236 8.8764
1.28 1.1342 8.8658
1.29 1.1448 8.8552
1.3 1.1554 8.8446
1.31 1.166 8.834
1.32 1.1766 8.8234
1.33 1.1872 8.8128
1.34 1.1978 8.8022
1.35 1.2084 8.7916
1.36 1.219 8.781
1.37 1.2296 8.7704
1.38 1.2402 8.7598
1.39 1.2508 8.7492
1.4 1.2614 8.7386
1.41 1.272 8.728
1.42 1.2826 8.7174
1.43 1.2932 8.7068
1.44 1.3038 8.6962
1.45 1.3144 8.6856
1.46 1.325 8.675
1.47 1.3356 8.6644
1.48 1.3462 8.6538
1.49 1.3568 8.6432
1.5 1.3674 8.6326
1.51 1.378 8.622
1.52 1.3886 8.6114
1.53 1.3992 8.6008
1.54 1.4098 8.5902
1.55 1.4204 8.5796
1.56 1.431 8.569
1.57 1.4416 8.5584
1.58 1.4522 8.5478
1.59 1.4628 8.5372
1.6 1.4734 8.5266
1.61 1.484 8.516
1.62 1.4946 8.5054
1.63 1.5052 8.4948
1.64 1.5158 8.4842
1.65 1.5264 8.4736
1.66 1.537 8.463
1.67 1.5476 8.4524
1.68 1.5582 8.4418
1.69 1.5688 8.4312
1.7 1.5794 8.4206
1.71 1.59 8.41
1.72 1.6006 8.3994
1.73 1.6112 8.3888
1.74 1.6218 8.3782
1.75 1.6324 8.3676
1.76 1.643 8.357
1.77 1.6536 8.3464
1.78 1.6642 8.3358
1.79 1.6748 8.3252
1.8 1.6854 8.3146
1.81 1.696 8.304
1.82 1.7066 8.2934
1.83 1.7172 8.2828
1.84 1.7278 8.2722
1.85 1.7384 8.2616
1.86 1.749 8.251
1.87 1.7596 8.2404
1.88 1.7702 8.2298
1.89 1.7808 8.2192
1.9 1.7914 8.2086
1.91 1.802 8.198
1.92 1.8126 8.1874
1.93 1.8232 8.1768
1.94 1.8338 8.1662
1.95 1.8444 8.1556
1.96 1.855 8.145
1.97 1.8656 8.1344
1.98 1.8762 8.1238
1.99 1.8868 8.1132
2.0 1.8974 8.1026
2.01 1.908 8.092
2.02 1.9186 8.0814
2.03 1.9292 8.0708
2.04 1.9398 8.0602
2.05 1.9504 8.0496
2.06 1.961 8.039
2.07 1.9716 8.0284
2.08 1.9822 8.0178
2.09 1.9928 8.0072
2.1 2.0034 7.9966
2.11 2.014 7.986
2.12 2.0246 7.9754
2.13 2.0352 7.9648
2.14 2.0458 7.9542
2.15 2.0564 7.9436
2.16 2.067 7.933
2.17 2.0776 7.9224
2.18 2.0882 7.9118
2.19 2.0988 7.9012
2.2 2.1094 7.8906
2.21 2.12 7.88
2.22 2.1306 7.8694
2.23 2.1412 7.8588
2.24 2.1518 7.8482
2.25 2.1624 7.8376
2.26 2.173 7.827
2.27 2.1836 7.8164
2.28 2.1942 7.8058
2.29 2.2048 7.7952
2.3 2.2154 7.7846
2.31 2.226 7.774
2.32 2.2366 7.7634
2.33 2.2472 7.7528
2.34 2.2578 7.7422
2.35 2.2684 7.7316
2.36 2.279 7.721
2.37 2.2896 7.7104
2.38 2.3002 7.6998
2.39 2.3108 7.6892
2.4 2.3214 7.6786
2.41 2.332 7.668
2.42 2.3426 7.6574
2.43 2.3532 7.6468
2.44 2.3638 7.6362
2.45 2.3744 7.6256
2.46 2.385 7.615
2.47 2.3956 7.6044
2.48 2.4062 7.5938
2.49 2.4168 7.5832
2.5 2.4274 7.5726
2.51 2.438 7.562
2.52 2.4486 7.5514
2.53 2.4592 7.5408
2.54 2.4698 7.5302
2.55 2.4804 7.5196
2.56 2.491 7.509
2.57 2.5016 7.4984
2.58 2.5122 7.4878
2.59 2.5228 7.4772
2.6 2.5334 7.4666
2.61 2.544 7.456
2.62 2.5546 7.4454
2.63 2.5652 7.4348
2.64 2.5758 7.4242
2.65 2.5864 7.4136
2.66 2.597 7.403
2.67 2.6076 7.3924
2.68 2.6182 7.3818
2.69 2.6288 7.3712
2.7 2.6394 7.3606
2.71 2.65 7.35
2.72 2.6606 7.3394
2.73 2.6712 7.3288
2.74 2.6818 7.3182
2.75 2.6924 7.3076
2.76 2.703 7.297
2.77 2.7136 7.2864
2.78 2.7242 7.2758
2.79 2.7348 7.2652
2.8 2.7454 7.2546
2.81 2.756 7.244
2.82 2.7666 7.2334
2.83 2.7772 7.2228
2.84 2.7878 7.2122
2.85 2.7984 7.2016
2.86 2.809 7.191
2.87 2.8196 7.1804
2.88 2.8302 7.1698
2.89 2.8408 7.1592
2.9 2.8514 7.1486
2.91 2.862 7.138
2.92 2.8726 7.1274
2.93 2.8832 7.1168
2.94 2.8938 7.1062
2.95 2.9044 7.0956
2.96 2.915 7.085
2.97 2.9256 7.0744
2.98 2.9362 7.0638
2.99 2.9468 7.0532
3.0 2.9574 7.0426
3.01 2.968 7.032
3.02 2.9786 7.0214
3.03 2.9892 7.0108
3.04 2.9998 7.0002
3.05 3.0104 6.9896
3.06 3.021 6.979
3.07 3.0316 6.9684
3.08 3.0422 6.9578
3.09 3.0528 6.9472
3.1 3.0634 6.9366
3.11 3.074 6.926
3.12 3.0846 6.9154
3.13 3.0952 6.9048
3.14 3.1058 6.8942
3.15 3.1164 6.8836
3.16 3.127 6.873
3.17 3.1376 6.8624
3.18 3.1482 6.8518
3.19 3.1588 6.8412
3.2 3.1694 6.8306
3.21 3.18 6.82
3.22 3.1906 6.8094
3.23 3.2012 6.7988
3.24 3.2118 6.7882
3.25 3.2224 6.7776
3.26 3.233 6.767
3.27 3.2436 6.7564
3.28 3.2542 6.7458
3.29 3.2648 6.7352
3.3 3.2754 6.7246
3.31 3.286 6.714
3.32 3.2966 6.7034
3.33 3.3072 6.6928
3.34 3.3178 6.6822
3.35 3.3284 6.6716
3.36 3.339 6.661
3.37 3.3496 6.6504
3.38 3.3602 6.6398
3.39 3.3708 6.6292
3.4 3.3814 6.6186
3.41 3.392 6.608
3.42 3.4026 6.5974
3.43 3.4132 6.5868
3.44 3.4238 6.5762
3.45 3.4344 6.5656
3.46 3.445 6.555
3.47 3.4556 6.5444
3.48 3.4662 6.5338
3.49 3.4768 6.5232
3.5 3.4874 6.5126
3.51 3.498 6.502
3.52 3.5086 6.4914
3.53 3.5192 6.4808
3.54 3.5298 6.4702
3.55 3.5404 6.4596
3.56 3.551 6.449
3.57 3.5616 6.4384
3.58 3.5722 6.4278
3.59 3.5828 6.4172
3.6 3.5934 6.4066
3.61 3.604 6.396
3.62 3.6146 6.3854
3.63 3.6252 6.3748
3.64 3.6358 6.3642
3.65 3.6464 6.3536
3.66 3.657 6.343
3.67 3.6676 6.3324
3.68 3.6782 6.3218
3.69 3.6888 6.3112
3.7 3.6994 6.3006
3.71 3.71 6.29
3.72 3.7206 6.2794
3.73 3.7312 6.2688
3.74 3.7418 6.2582
3.75 3.7524 6.2476
3.76 3.763 6.237
3.77 3.7736 6.2264
3.78 3.7842 6.2158
3.79 3.7948 6.2052
3.8 3.8054 6.1946
3.81 3.816 6.184
3.82 3.8266 6.1734
3.83 3.8372 6.1628
3.84 3.8478 6.1522
3.85 3.8584 6.1416
3.86 3.869 6.131
3.87 3.8796 6.1204
3.88 3.8902 6.1098
3.89 3.9008 6.0992
3.9 3.9114 6.0886
3.91 3.922 6.078
3.92 3.9326 6.0674
3.93 3.9432 6.0568
3.94 3.9538 6.0462
3.95 3.9644 6.0356
3.96 3.975 6.025
3.97 3.9856 6.0144
3.98 3.9962 6.0038
3.99 4.0068 5.9932
4.0 4.0174 5.9826
4.01 4.028 5.972
4.02 4.0386 5.9614
4.03 4.0492 5.9508
4.04 4.0598 5.9402
4.05 4.0704 5.9296
4.06 4.081 5.919
4.07 4.0916 5.9084
4.08 4.1022 5.8978
4.09 4.1128 5.8872
4.1 4.1234 5.8766
4.11 4.134 5.866
4.12 4.1446 5.8554
4.13 4.1552 5.8448
4.14 4.1658 5.8342
4.15 4.1764 5.8236
4.16 4.187 5.813
4.17 4.1976 5.8024
4.18 4.2082 5.7918
4.19 4.2188 5.7812
4.2 4.2294 5.7706
4.21 4.24 5.76
4.22 4.2506 5.7494
4.23 4.2612 5.7388
4.24 4.2718 5.7282
4.25 4.2824 5.7176
4.26 4.293 5.707
4.27 4.3036 5.6964
4.28 4.3142 5.6858
4.29 4.3248 5.6752
4.3 4.3354 5.6646
4.31 4.346 5.654
4.32 4.3566 5.6434
4.33 4.3672 5.6328
4.34 4.3778 5.6222
4.35 4.3884 5.6116
4.36 4.399 5.601
4.37 4.4096 5.5904
4.38 4.4202 5.5798
4.39 4.4308 5.5692
4.4 4.4414 5.5586
4.41 4.452 5.548
4.42 4.4626 5.5374
4.43 4.4732 5.5268
4.44 4.4838 5.5162
4.45 4.4944 5.5056
4.46 4.505 5.495
4.47 4.5156 5.4844
4.48 4.5262 5.4738
4.49 4.5368 5.4632
4.5 4.5474 5.4526
4.51 4.558 5.442
4.52 4.5686 5.4314
4.53 4.5792 5.4208
4.54 4.5898 5.4102
4.55 4.6004 5.3996
4.56 4.611 5.389
4.57 4.6216 5.3784
4.58 4.6322 5.3678
4.59 4.6428 5.3572
4.6 4.6534 5.3466
4.61 4.664 5.336
4.62 4.6746 5.3254
4.63 4.6852 5.3148
4.64 4.6958 5.3042
4.65 4.7064 5.2936
4.66 4.717 5.283
4.67 4.7276 5.2724
4.68 4.7382 5.2618
4.69 4.7488 5.2512
4.7 4.7594 5.2406
4.71 4.77 5.23
4.72 4.7806 5.2194
4.73 4.7912 5.2088
4.74 4.8018 5.1982
4.75 4.8124 5.1876
4.76 4.823 5.177
4.77 4.8336 5.1664
4.78 4.8442 5.1558
4.79 4.8548 5.1452
4.8 4.8654 5.1346
4.81 4.876 5.124
4.82 4.8866 5.1134
4.83 4.8972 5.1028
4.84 4.9078 5.0922
4.85 4.9184 5.0816
4.86 4.929 5.071
4.87 4.9396 5.0604
4.88 4.9502 5.0498
4.89 4.9608 5.0392
4.9 4.9714 5.0286
4.91 4.982 5.018
4.92 4.9926 5.0074
4.93 5.0032 4.9968
4.94 5.0138 4.9862
4.95 5.0244 4.9756
4.96 5.035 4.965
4.97 5.0456 4.9544
4.98 5.0562 4.9438
4.99 5.0668 4.9332
5.0 5.0774 4.9226
5.01 5.088 4.912
5.02 5.0986 4.9014
5.03 5.1092 4.8908
5.04 5.1198 4.8802
5.05 5.1304 4.8696
5.06 5.141 4.859
5.07 5.1516 4.8484
5.08 5.1622 4.8378
5.09 5.1728 4.8272
5.1 5.1834 4.8166
5.11 5.194 4.806
5.12 5.2046 4.7954
5.13 5.2152 4.7848
5.14 5.2258 4.7742
5.15 5.2364 4.7636
5.16 5.247 4.753
5.17 5.2576 4.7424
5.18 5.2682 4.7318
5.19 5.2788 4.7212
5.2 5.2894 4.7106
5.21 5.3 4.7
5.22 5.3106 4.6894
5.23 5.3212 4.6788
5.24 5.3318 4.6682
5.25 5.3424 4.6576
5.26 5.353 4.647
5.27 5.3636 4.6364
5.28 5.3742 4.6258
5.29 5.3848 4.6152
5.3 5.3954 4.6046
5.31 5.406 4.594
5.32 5.4166 4.5834
5.33 5.4272 4.5728
5.34 5.4378 4.5622
5.35 5.4484 4.5516
5.36 5.459 4.541
5.37 5.4696 4.5304
5.38 5.4802 4.5198
5.39 5.4908 4.5092
5.4 5.5014 4.4986
5.41 5.512 4.488
5.42 5.5226 4.4774
5.43 5.5332 4.4668
5.44 5.5438 4.4562
5.45 5.5544 4.4456
5.46 5.565 4.435
5.47 5.5756 4.4244
5.48 5.5862 4.4138
5.49 5.5968 4.4032
5.5 5.6074 4.3926
5.51 5.618 4.382
5.52 5.6286 4.3714
5.53 5.6392 4.3608
5.54 5.6498 4.3502
5.55 5.6604 4.3396
5.56 5.671 4.329
5.57 5.6816 4.3184
5.58 5.6922 4.3078
5.59 5.7028 4.2972
5.6 5.7134 4.2866
5.61 5.724 4.276
5.62 5.7346 4.2654
5.63 5.7452 4.2548
5.64 5.7558 4.2442
5.65 5.7664 4.2336
5.66 5.777 4.223
5.67 5.7876 4.2124
5.68 5.7982 4.2018
5.69 5.8088 4.1912
5.7 5.8194 4.1806
5.71 5.83 4.17
5.72 5.8406 4.1594
5.73 5.8512 4.1488
5.74 5.8618 4.1382
5.75 5.8724 4.1276
5.76 5.883 4.117
5.77 5.8936 4.1064
5.78 5.9042 4.0958
5.79 5.9148 4.0852
5.8 5.9254 4.0746
5.81 5.936 4.064
5.82 5.9466 4.0534
5.83 5.9572 4.0428
5.84 5.9678 4.0322
5.85 5.9784 4.0216
5.86 5.989 4.011
5.87 5.9996 4.0004
5.88 6.0102 3.9898
5.89 6.0208 3.9792
5.9 6.0314 3.9686
5.91 6.042 3.958
5.92 6.0526 3.9474
5.93 6.0632 3.9368
5.94 6.0738 3.9262
5.95 6.0844 3.9156
5.96 6.095 3.905
5.97 6.1056 3.8944
5.98 6.1162 3.8838
5.99 6.1268 3.8732
6.0 6.1374 3.8626
6.01 6.148 3.852
6.02 6.1586 3.8414
6.03 6.1692 3.8308
6.04 6.1798 3.8202
6.05 6.1904 3.8096
6.06 6.201 3.799
6.07 6.2116 3.7884
6.08 6.2222 3.7778
6.09 6.2328 3.7672
6.1 6.2434 3.7566
6.11 6.254 3.746
6.12 6.2646 3.7354
6.13 6.2752 3.7248
6.14 6.2858 3.7142
6.15 6.2964 3.7036
6.16 6.307 3.693
6.17 6.3176 3.6824
6.18 6.3282 3.6718
6.19 6.3388 3.6612
6.2 6.3494 3.6506
6.21 6.36 3.64
6.22 6.3706 3.6294
6.23 6.3812 3.6188
6.24 6.3918 3.6082
6.25 6.4024 3.5976
6.26 6.413 3.587
6.27 6.4236 3.5764
6.28 6.4342 3.5658
6.29 6.4448 3.5552
6.3 6.4554 3.5446
6.31 6.466 3.534
6.32 6.4766 3.5234
6.33 6.4872 3.5128
6.34 6.4978 3.5022
6.35 6.5084 3.4916
6.36 6.519 3.481
6.37 6.5296 3.4704
6.38 6.5402 3.4598
6.39 6.5508 3.4492
6.4 6.5614 3.4386
6.41 6.572 3.428
6.42 6.5826 3.4174
6.43 6.5932 3.4068
6.44 6.6038 3.3962
6.45 6.6144 3.3856
6.46 6.625 3.375
6.47 6.6356 3.3644
6.48 6.6462 3.3538
6.49 6.6568 3.3432
6.5 6.6674 3.3326
6.51 6.678 3.322
6.52 6.6886 3.3114
6.53 6.6992 3.3008
6.54 6.7098 3.2902
6.55 6.7204 3.2796
6.56 6.731 3.269
6.57 6.7416 3.2584
6.58 6.7522 3.2478
6.59 6.7628 3.2372
6.6 6.7734 3.2266
6.61 6.784 3.216
6.62 6.7946 3.2054
6.63 6.8052 3.1948
6.64 6.8158 3.1842
6.65 6.8264 3.1736
6.66 6.837 3.163
6.67 6.8476 3.1524
6.68 6.8582 3.1418
6.69 6.8688 3.1312
6.7 6.8794 3.1206
6.71 6.89 3.11
6.72 6.9006 3.0994
6.73 6.9112 3.0888
6.74 6.9218 3.0782
6.75 6.9324 3.0676
6.76 6.943 3.057
6.77 6.9536 3.0464
6.78 6.9642 3.0358
6.79 6.9748 3.0252
6.8 6.9854 3.0146
6.81 6.996 3.004
6.82 7.0066 2.9934
6.83 7.0172 2.9828
6.84 7.0278 2.9722
6.85 7.0384 2.9616
6.86 7.049 2.951
6.87 7.0596 2.9404
6.88 7.0702 2.9298
6.89 7.0808 2.9192
6.9 7.0914 2.9086
6.91 7.102 2.898
6.92 7.1126 2.8874
6.93 7.1232 2.8768
6.94 7.1338 2.8662
6.95 7.1444 2.8556
6.96 7.155 2.845
6.97 7.1656 2.8344
6.98 7.1762 2.8238
6.99 7.1868 2.8132
7.0 7.1974 2.8026
7.01 7.208 2.792
7.02 7.2186 2.7814
7.03 7.2292 2.7708
7.04 7.2398 2.7602
7.05 7.2504 2.7496
7.06 7.261 2.739
7.07 7.2716 2.7284
7.08 7.2822 2.7178
7.09 7.2928 2.7072
7.1 7.3034 2.6966
7.11 7.314 2.686
7.12 7.3246 2.6754
7.13 7.3352 2.6648
7.14 7.3458 2.6542
7.15 7.3564 2.6436
7.16 7.367 2.633
7.17 7.3776 2.6224
7.18 7.3882 2.6118
7.19 7.3988 2.6012
7.2 7.4094 2.5906
7.21 7.42 2.58
7.22 7.4306 2.5694
7.23 7.4412 2.5588
7.24 7.4518 2.5482
7.25 7.4624 2.5376
7.26 7.473 2.527
7.27 7.4836 2.5164
7.28 7.4942 2.5058
7.29 7.5048 2.4952
7.3 7.5154 2.4846
7.31 7.526 2.474
7.32 7.5366 2.4634
7.33 7.5472 2.4528
7.34 7.5578 2.4422
7.35 7.5684 2.4316
7.36 7.579 2.421
7.37 7.5896 2.4104
7.38 7.6002 2.3998
7.39 7.6108 2.3892
7.4 7.6214 2.3786
7.41 7.632 2.368
7.42 7.6426 2.3574
7.43 7.6532 2.3468
7.44 7.6638 2.3362
7.45 7.6744 2.3256
7.46 7.685 2.315
7.47 7.6956 2.3044
7.48 7.7062 2.2938
7.49 7.7168 2.2832
7.5 7.7274 2.2726
7.51 7.738 2.262
7.52 7.7486 2.2514
7.53 7.7592 2.2408
7.54 7.7698 2.2302
7.55 7.7804 2.2196
7.56 7.791 2.209
7.57 7.8016 2.1984
7.58 7.8122 2.1878
7.59 7.8228 2.1772
7.6 7.8334 2.1666
7.61 7.844 2.156
7.62 7.8546 2.1454
7.63 7.8652 2.1348
7.64 7.8758 2.1242
7.65 7.8864 2.1136
7.66 7.897 2.103
7.67 7.9076 2.0924
7.68 7.9182 2.0818
7.69 7.9288 2.0712
7.7 7.9394 2.0606
7.71 7.95 2.05
7.72 7.9606 2.0394
7.73 7.9712 2.0288
7.74 7.9818 2.0182
7.75 7.9924 2.0076
7.76 8.003 1.997
7.77 8.0136 1.9864
7.78 8.0242 1.9758
7.79 8.0348 1.9652
7.8 8.0454 1.9546
7.81 8.056 1.944
7.82 8.0666 1.9334
7.83 8.0772 1.9228
7.84 8.0878 1.9122
7.85 8.0984 1.9016
7.86 8.109 1.891
7.87 8.1196 1.8804
7.88 8.1302 1.8698
7.89 8.1408 1.8592
7.9 8.1514 1.8486
7.91 8.162 1.838
7.92 8.1726 1.8274
7.93 8.1832 1.8168
7.94 8.1938 1.8062
7.95 8.2044 1.7956
7.96 8.215 1.785
7.97 8.2256 1.7744
7.98 8.2362 1.7638
7.99 8.2468 1.7532
8.0 8.2574 1.7426
8.01 8.268 1.732
8.02 8.2786 1.7214
8.03 8.2892 1.7108
8.04 8.2998 1.7002
8.05 8.3104 1.6896
8.06 8.321 1.679
8.07 8.3316 1.6684
8.08 8.3422 1.6578
8.09 8.3528 1.6472
8.1 8.3634 1.6366
8.11 8.374 1.626
8.12 8.3846 1.6154
8.13 8.3952 1.6048
8.14 8.4058 1.5942
8.15 8.4164 1.5836
8.16 8.427 1.573
8.17 8.4376 1.5624
8.18 8.4482 1.5518
8.19 8.4588 1.5412
8.2 8.4694 1.5306
8.21 8.48 1.52
8.22 8.4906 1.5094
8.23 8.5012 1.4988
8.24 8.5118 1.4882
8.25 8.5224 1.4776
8.26 8.533 1.467
8.27 8.5436 1.4564
8.28 8.5542 1.4458
8.29 8.5648 1.4352
8.3 8.5754 1.4246
8.31 8.586 1.414
8.32 8.5966 1.4034
8.33 8.6072 1.3928
8.34 8.6178 1.3822
8.35 8.6284 1.3716
8.36 8.639 1.361
8.37 8.6496 1.3504
8.38 8.6602 1.3398
8.39 8.6708 1.3292
8.4 8.6814 1.3186
8.41 8.692 1.308
8.42 8.7026 1.2974
8.43 8.7132 1.2868
8.44 8.7238 1.2762
8.45 8.7344 1.2656
8.46 8.745 1.255
8.47 8.7556 1.2444
8.48 8.7662 1.2338
8.49 8.7768 1.2232
8.5 8.7874 1.2126
8.51 8.798 1.202
8.52 8.8086 1.1914
8.53 8.8192 1.1808
8.54 8.8298 1.1702
8.55 8.8404 1.1596
8.56 8.851 1.149
8.57 8.8616 1.1384
8.58 8.8722 1.1278
8.59 8.8828 1.1172
8.6 8.8934 1.1066
8.61 8.904 1.096
8.62 8.9146 1.0854
8.63 8.9252 1.0748
8.64 8.9358 1.0642
8.65 8.9464 1.0536
8.66 8.957 1.043
8.67 8.9676 1.0324
8.68 8.9782 1.0218
8.69 8.9888 1.0112
8.7 8.9994 1.0006
8.71 9.01 0.99
8.72 9.0206 0.9794
8.73 9.0312 0.9688
8.74 9.0418 0.9582
8.75 9.0524 0.9476
8.76 9.063 0.937
8.77 9.0736 0.9264
8.78 9.0842 0.9158
8.79 9.0948 0.9052
8.8 9.1054 0.8946
8.81 9.116 0.884
8.82 9.1266 0.8734
8.83 9.1372 0.8628
8.84 9.1478 0.8522
8.85 9.1584 0.8416
8.86 9.169 0.831
8.87 9.1796 0.8204
8.88 9.1902 0.8098
8.89 9.2008 0.7992
8.9 9.2114 0.7886
8.91 9.222 0.778
8.92 9.2326 0.7674
8.93 9.2432 0.7568
8.94 9.2538 0.7462
8.95 9.2644 0.7356
8.96 9.275 0.725
8.97 9.2856 0.7144
8.98 9.2962 0.7038
8.99 9.3068 0.6932
9.0 9.3174 0.6826
9.01 9.328 0.672
9.02 9.3386 0.6614
9.03 9.3492 0.6508
9.04 9.3598 0.6402
9.05 9.3704 0.6296
9.06 9.381 0.619
9.07 9.3916 0.6084
9.08 9.4022 0.5978
9.09 9.4128 0.5872
9.1 9.4234 0.5766
9.11 9.434 0.566
9.12 9.4446 0.5554
9.13 9.4552 0.5448
9.14 9.4658 0.5342
9.15 9.4764 0.5236
9.16 9.487 0.513
9.17 9.4976 0.5024
9.18 9.5082 0.4918
9.19 9.5188 0.4812
9.2 9.5294 0.4706
9.21 9.54 0.46
9.22 9.5506 0.4494
9.23 9.5612 0.4388
9.24 9.5718 0.4282
9.25 9.5824 0.4176
9.26 9.593 0.407
9.27 9.6036 0.3964
9.28 9.6142 0.3858
9.29 9.6248 0.3752
9.3 9.6354 0.3646
9.31 9.646 0.354
9.32 9.6566 0.3434
9.33 9.6672 0.3328
9.34 9.6778 0.3222
9.35 9.6884 0.3116
9.36 9.699 0.301
9.37 9.7096 0.2904
9.38 9.7202 0.2798
9.39 9.7308 0.2692
9.4 9.7414 0.2586
9.41 9.752 0.248
9.42 9.7626 0.2374
9.43 9.7732 0.2268
9.44 9.7838 0.2162
9.45 9.7944 0.2056
9.46 9.805 0.195
9.47 9.8156 0.1844
9.48 9.8262 0.1738
9.49 9.8368 0.1632
9.5 9.8474 0.1526
9.51 9.858 0.142
9.52 9.8686 0.1314
9.53 9.8792 0.1208
9.54 9.8898 0.1102
9.55 9.9004 0.0996
9.56 9.911 0.089
9.57 9.9216 0.0784
9.58 9.9322 0.0678
9.59 9.9428 0.0572
9.6 9.9534 0.0466
9.61 9.964 0.036
9.62 9.9746 0.0254
9.63 9.9852 0.0148
9.64 9.9958 0.0042
9.65 9.9808 0.0042
9.66 9.9658 0.0042
9.67 9.9508 0.0042
9.68 9.9358 0.0042
9.69 9.9208 0.0042
9.7 9.9058 0.0042
9.71 9.8908 0.0042
9.72 9.8758 0.0042
9.73 9.8608 0.0042
9.74 9.8458 0.0042
9.75 9.8308 0.0042
9.76 9.8158 0.0042
9.77 9.8008 0.0042
9.78 9.7858 0.0042
9.79 9.7708 0.0042
9.8 9.7558 0.0042
9.81 9.7408 0.0042
9.82 9.7258 0.0042
9.83 9.7108 0.0042
9.84 9.6958 0.0042
9.85 9.6808 0.0042
9.86 9.6658 0.0042
9.87 9.6508 0.0042
9.88 9.6358 0.0042
9.89 9.6208 0.0042
9.9 9.6058 0.0042
9.91 9.5908 0.0042
9.92 9.5758 0.0042
9.93 9.5608 0.0042
9.94 9.5458 0.0042
9.95 9.5308 0.0042
9.96 9.5158 0.0042
9.97 9.5008 0.0042
9.98 9.4858 0.0042
9.99 9.4708 0.0042
10.0 9.4558 0.0042
10.01 9.4408 0.0042
10.02 9.4258 0.0042
10.03 9.4108 0.0042
10.04 9.3958 0.0042
10.05 9.3808 0.0042
10.06 9.3658 0.0042
10.07 9.3508 0.0042
10.08 9.3358 0.0042
10.09 9.3208 0.0042
10.1 9.3058 0.0042
10.11 9.2908 0.0042
10.12 9.2758 0.0042
10.13 9.2608 0.0042
10.14 9.2458 0.0042
10.15 9.2308 0.0042
10.16 9.2158 0.0042
10.17 9.2008 0.0042
10.18 9.1858 0.0042
10.19 9.1708 0.0042
10.2 9.1558 0.0042
10.21 9.1408 0.0042
10.22 9.1258 0.0042
10.23 9.1108 0.0042
10.24 9.0958 0.0042
10.25 9.0808 0.0042
10.26 9.0658 0.0042
10.27 9.0508 0.0042
10.28 9.0358 0.0042
10.29 9.0208 0.0042
10.3 9.0058 0.0042
10.31 8.9908 0.0042
10.32 8.9758 0.0042
10.33 8.9608 0.0042
10.34 8.9458 0.0042
10.35 8.9308 0.0042
10.36 8.9158 0.0042
10.37 8.9008 0.0042
10.38 8.8858 0.0042
10.39 8.8708 0.0042
10.4 8.8558 0.0042
10.41 8.8408 0.0042
10.42 8.8258 0.0042
10.43 8.8108 0.0042
10.44 8.7958 0.0042
10.45 8.7808 0.0042
10.46 8.7658 0.0042
10.47 8.7508 0.0042
10.48 8.7358 0.0042
10.49 8.7208 0.0042
10.5 8.7058 0.0042
10.51 8.6908 0.0042
10.52 8.6758 0.0042
10.53 8.6608 0.0042
10.54 8.6458 0.0042
10.55 8.6308 0.0042
10.56 8.6158 0.0042
10.57 8.6008 0.0042
10.58 8.5858 0.0042
10.59 8.5708 0.0042
10.6 8.5558 0.0042
10.61 8.5408 0.0042
10.62 8.5258 0.0042
10.63 8.5108 0.0042
10.64 8.4958 0.0042
10.65 8.4808 0.0042
10.66 8.4658 0.0042
10.67 8.4508 0.0042
10.68 8.4358 0.0042
10.69 8.4208 0.0042
10.7 8.4058 0.0042
10.71 8.3908 0.0042
10.72 8.3758 0.0042
10.73 8.3608 0.0042
10.74 8.3458 0.0042
10.75 8.3308 0.0042
10.76 8.3158 0.0042
10.77 8.3008 0.0042
10.78 8.2858 0.0042
10.79 8.2708 0.0042
10.8 8.2558 0.0042
10.81 8.2408 0.0042
10.82 8.2258 0.0042
10.83 8.2108 0.0042
10.84 8.1958 0.0042
10.85 8.1808 0.0042
10.86 8.1658 0.0042
10.87 8.1508 0.0042
10.88 8.1358 0.0042
10.89 8.1208 0.0042
10.9 8.1058 0.0042
10.91 8.0908 0.0042
10.92 8.0758 0.0042
10.93 8.0608 0.0042
10.94 8.0458 0.0042
10.95 8.0308 0.0042
10.96 8.0158 0.0042
10.97 8.0008 0.0042
10.98 7.9858 0.0042
10.99 7.9708 0.0042
11.0 7.9558 0.0042
11.01 7.9408 0.0042
11.02 7.9258 0.0042
11.03 7.9108 0.0042
11.04 7.8958 0.0042
11.05 7.8808 0.0042
11.06 7.8658 0.0042
11.07 7.8508 0.0042
11.08 7.8358 0.0042
11.09 7.8208 0.0042
11.1 7.8058 0.0042
11.11 7.7908 0.0042
11.12 7.7758 0.0042
11.13 7.7608 0.0042
11.14 7.7458 0.0042
11.15 7.7308 0.0042
11.16 7.7158 0.0042
11.17 7.7008 0.0042
11.18 7.6858 0.0042
11.19 7.6708 0.0042
11.2 7.6558 0.0042
11.21 7.6408 0.0042
11.22 7.6258 0.0042
11.23 7.6108 0.0042
11.24 7.5958 0.0042
11.25 7.5808 0.0042
11.26 7.5658 0.0042
11.27 7.5508 0.0042
11.28 7.5358 0.0042
11.29 7.5208 0.0042
11.3 7.5058 0.0042
11.31 7.4908 0.0042
11.32 7.4758 0.0042
11.33 7.4608 0.0042
11.34 7.4458 0.0042
11.35 7.4308 0.0042
11.36 7.4158 0.0042
11.37 7.4008 0.0042
11.38 7.3858 0.0042
11.39 7.3708 0.0042
11.4 7.3558 0.0042
11.41 7.3408 0.0042
11.42 7.3258 0.0042
11.43 7.3108 0.0042
11.44 7.2958 0.0042
11.45 7.2808 0.0042
11.46 7.2658 0.0042
11.47 7.2508 0.0042
11.48 7.2358 0.0042
11.49 7.2208 0.0042
11.5 7.2058 0.0042
11.51 7.1908 0.0042
11.52 7.1758 0.0042
11.53 7.1608 0.0042
11.54 7.1458 0.0042
11.55 7.1308 0.0042
11.56 7.1158 0.0042
11.57 7.1008 0.0042
11.58 7.0858 0.0042
11.59 7.0708 0.0042
11.6 7.0558 0.0042
11.61 7.0408 0.0042
11.62 7.0258 0.0042
11.63 7.0108 0.0042
11.64 6.9958 0.0042
11.65 6.9808 0.0042
11.66 6.9658 0.0042
11.67 6.9508 0.0042
11.68 6.9358 0.0042
11.69 6.9208 0.0042
11.7 6.9058 0.0042
11.71 6.8908 0.0042
11.72 6.8758 0.0042
11.73 6.8608 0.0042
11.74 6.8458 0.0042
11.75 6.8308 0.0042
11.76 6.8158 0.0042
11.77 6.8008 0.0042
11.78 6.7858 0.0042
11.79 6.7708 0.0042
11.8 6.7558 0.0042
11.81 6.7408 0.0042
11.82 6.7258 0.0042
11.83 6.7108 0.0042
11.84 6.6958 0.0042
11.85 6.6808 0.0042
11.86 6.6658 0.0042
11.87 6.6508 0.0042
11.88 6.6358 0.0042
11.89 6.6208 0.0042
11.9 6.6058 0.0042
11.91 6.5908 0.0042
11.92 6.5758 0.0042
11.93 6.5608 0.0042
11.94 6.5458 0.0042
11.95 6.5308 0.0042
11.96 6.5158 0.0042
11.97 6.5008 0.0042
11.98 6.4858 0.0042
11.99 6.4708 0.0042
12.0 6.4558 0.0042
12.01 6.4408 0.0042
12.02 6.4258 0.0042
12.03 6.4108 0.0042
12.04 6.3958 0.0042
12.05 6.3808 0.0042
12.06 6.3658 0.0042
12.07 6.3508 0.0042
12.08 6.3358 0.0042
12.09 6.3208 0.0042
12.1 6.3058 0.0042
12.11 6.2908 0.0042
12.12 6.2758 0.0042
12.13 6.2608 0.0042
12.14 6.2458 0.0042
12.15 6.2308 0.0042
12.16 6.2158 0.0042
12.17 6.2008 0.0042
12.18 6.1858 0.0042
12.19 6.1708 0.0042
12.2 6.1558 0.0042
12.21 6.1408 0.0042
12.22 6.1258 0.0042
12.23 6.1108 0.0042
12.24 6.0958 0.0042
12.25 6.0808 0.0042
12.26 6.0658 0.0042
12.27 6.0508 0.0042
12.28 6.0358 0.0042
12.29 6.0208 0.0042
12.3 6.0058 0.0042
12.31 5.9908 0.0042
12.32 5.9758 0.0042
12.33 5.9608 0.0042
12.34 5.9458 0.0042
12.35 5.9308 0.0042
12.36 5.9158 0.0042
12.37 5.9008 0.0042
12.38 5.8858 0.0042
12.39 5.8708 0.0042
12.4 5.8558 0.0042
12.41 5.8408 0.0042
12.42 5.8258 0.0042
12.43 5.8108 0.0042
12.44 5.7958 0.0042
12.45 5.7808 0.0042
12.46 5.7658 0.0042
12.47 5.7508 0.0042
12.48 5.7358 0.0042
12.49 5.7208 0.0042
12.5 5.7058 0.0042
12.51 5.6908 0.0042
12.52 5.6758 0.0042
12.53 5.6608 0.0042
12.54 5.6458 0.0042
12.55 5.6308 0.0042
12.56 5.6158 0.0042
12.57 5.6008 0.0042
12.58 5.5858 0.0042
12.59 5.5708 0.0042
12.6 5.5558 0.0042
12.61 5.5408 0.0042
12.62 5.5258 0.0042
12.63 5.5108 0.0042
12.64 5.4958 0.0042
12.65 5.4808 0.0042
12.66 5.4658 0.0042
12.67 5.4508 0.0042
12.68 5.4358 0.0042
12.69 5.4208 0.0042
12.7 5.4058 0.0042
12.71 5.3908 0.0042
12.72 5.3758 0.0042
12.73 5.3608 0.0042
12.74 5.3458 0.0042
12.75 5.3308 0.0042
12.76 5.3158 0.0042
12.77 5.3008 0.0042
12.78 5.2858 0.0042
12.79 5.2708 0.0042
12.8 5.2558 0.0042
12.81 5.2408 0.0042
12.82 5.2258 0.0042
12.83 5.2108 0.0042
12.84 5.1958 0.0042
12.85 5.1808 0.0042
12.86 5.1658 0.0042
12.87 5.1508 0.0042
12.88 5.1358 0.0042
12.89 5.1208 0.0042
12.9 5.1058 0.0042
12.91 5.0908 0.0042
12.92 5.0758 0.0042
12.93 5.0608 0.0042
12.94 5.0458 0.0042
12.95 5.0308 0.0042
12.96 5.0158 0.0042
12.97 5.0008 0.0042
12.98 4.9858 0.0042
