0.22 9.9866 4.9933
0.23 9.9732 4.9866
0.24 9.9598 4.9799
0.25 9.9464 4.9732
0.26 9.933 4.9665
0.27 9.9196 4.9598
0.28 9.9062 4.9531
0.29 9.8928 4.9464
0.3 9.8794 4.9397
0.31 9.866 4.933
0.32 9.8526 4.9263
0.33 9.8392 4.9196
0.34 9.8258 4.9129
0.35 9.8124 4.9062
0.36 9.799 4.8995
0.37 9.7856 4.8928
0.38 9.7722 4.8861
0.39 9.7588 4.8794
0.4 9.7454 4.8727
0.41 9.732 4.866
0.42 9.7186 4.8593
0.43 9.7052 4.8526
0.44 9.6918 4.8459
0.45 9.6784 4.8392
0.46 9.665 4.8325
0.47 9.6516 4.8258
0.48 9.6382 4.8191
0.49 9.6248 4.8124
0.5 9.6114 4.8057
0.51 9.598 4.799
0.52 9.5846 4.7923
0.53 9.5712 4.7856
0.54 9.5578 4.7789
0.55 9.5444 4.7722
0.56 9.531 4.7655
0.57 9.5176 4.7588
0.58 9.5042 4.7521
0.59 9.4908 4.7454
0.6 9.4774 4.7387
0.61 9.464 4.732
0.62 9.4506 4.7253
0.63 9.4372 4.7186
0.64 9.4238 4.7119
0.65 9.4104 4.7052
0.66 9.397 4.6985
0.67 9.3836 4.6918
0.68 9.3702 4.6851
0.69 9.3568 4.6784
0.7 9.3434 4.6717
0.71 9.33 4.665
0.72 9.3166 4.6583
0.73 9.3032 4.6516
0.74 9.2898 4.6449
0.75 9.2764 4.6382
0.76 9.263 4.6315
0.77 9.2496 4.6248
0.78 9.2362 4.6181
0.79 9.2228 4.6114
0.8 9.2094 4.6047
0.81 9.196 4.598
0.82 9.1826 4.5913
0.83 9.1692 4.5846
0.84 9.1558 4.5779
0.85 9.1424 4.5712
0.86 9.129 4.5645
0.87 9.1156 4.5578
0.88 9.1022 4.5511
0.89 9.0888 4.5444
0.9 9.0754 4.5377
0.91 9.062 4.531
0.92 9.0486 4.5243
0.93 9.0352 4.5176
0.94 9.0218 4.5109
0.95 9.0084 4.5042
0.96 8.995 4.4975
0.97 8.9816 4.4908
0.98 8.9682 4.4841
0.99 8.9548 4.4774
1.0 8.9414 4.4707
1.01 8.928 4.464
1.02 8.9146 4.4573
1.03 8.9012 4.4506
1.04 8.8878 4.4439
1.05 8.8744 4.4372
1.06 8.861 4.4305
1.07 8.8476 4.4238
1.08 8.8342 4.4171
1.09 8.8208 4.4104
1.1 8.8074 4.4037
1.11 8.794 4.397
1.12 8.7806 4.3903
1.13 8.7672 4.3836
1.14 8.7538 4.3769
1.15 8.7404 4.3702
1.16 8.727 4.3635
1.17 8.7136 4.3568
1.18 8.7002 4.3501
1.19 8.6868 4.3434
1.2 8.6734 4.3367
1.21 8.66 4.33
1.22 8.6466 4.3233
1.23 8.6332 4.3166
1.24 8.6198 4.3099
1.25 8.6064 4.3032
1.26 8.593 4.2965
1.27 8.5796 4.2898
1.28 8.5662 4.2831
1.29 8.5528 4.2764
1.3 8.5394 4.2697
1.31 8.526 4.263
1.32 8.5126 4.2563
1.33 8.4992 4.2496
1.34 8.4858 4.2429
1.35 8.4724 4.2362
1.36 8.459 4.2295
1.37 8.4456 4.2228
1.38 8.4322 4.2161
1.39 8.4188 4.2094
1.4 8.4054 4.2027
1.41 8.392 4.196
1.42 8.3786 4.1893
1.43 8.3652 4.1826
1.44 8.3518 4.1759
1.45 8.3384 4.1692
1.46 8.325 4.1625
1.47 8.3116 4.1558
1.48 8.2982 4.1491
1.49 8.2848 4.1424
1.5 8.2714 4.1357
1.51 8.258 4.129
1.52 8.2446 4.1223
1.53 8.2312 4.1156
1.54 8.2178 4.1089
1.55 8.2044 4.1022
1.56 8.191 4.0955
1.57 8.1776 4.0888
1.58 8.1642 4.0821
1.59 8.1508 4.0754
1.6 8.1374 4.0687
1.61 8.124 4.062
1.62 8.1106 4.0553
1.63 8.0972 4.0486
1.64 8.0838 4.0419
1.65 8.0704 4.0352
1.66 8.057 4.0285
1.67 8.0436 4.0218
1.68 8.0302 4.0151
1.69 8.0168 4.0084
1.7 8.0034 4.0017
1.71 7.99 3.995
1.72 7.9766 3.9883
1.73 7.9632 3.9816
1.74 7.9498 3.9749
1.75 7.9364 3.9682
1.76 7.923 3.9615
1.77 7.9096 3.9548
1.78 7.8962 3.9481
1.79 7.8828 3.9414
1.8 7.8694 3.9347
1.81 7.856 3.928
1.82 7.8426 3.9213
1.83 7.8292 3.9146
1.84 7.8158 3.9079
1.85 7.8024 3.9012
1.86 7.789 3.8945
1.87 7.7756 3.8878
1.88 7.7622 3.8811
1.89 7.7488 3.8744
1.9 7.7354 3.8677
1.91 7.722 3.861
1.92 7.7086 3.8543
1.93 7.6952 3.8476
1.94 7.6818 3.8409
1.95 7.6684 3.8342
1.96 7.655 3.8275
1.97 7.6416 3.8208
1.98 7.6282 3.8141
1.99 7.6148 3.8074
2.0 7.6014 3.8007
2.01 7.588 3.794
2.02 7.5746 3.7873
2.03 7.5612 3.7806
2.04 7.5478 3.7739
2.05 7.5344 3.7672
2.06 7.521 3.7605
2.07 7.5076 3.7538
2.08 7.4942 3.7471
2.09 7.4808 3.7404
2.1 7.4674 3.7337
2.11 7.454 3.727
2.12 7.4406 3.7203
2.13 7.4272 3.7136
2.14 7.4138 3.7069
2.15 7.4004 3.7002
2.16 7.387 3.6935
2.17 7.3736 3.6868
2.18 7.3602 3.6801
2.19 7.3468 3.6734
2.2 7.3334 3.6667
2.21 7.32 3.66
2.22 7.3066 3.6533
2.23 7.2932 3.6466
2.24 7.2798 3.6399
2.25 7.2664 3.6332
2.26 7.253 3.6265
2.27 7.2396 3.6198
2.28 7.2262 3.6131
2.29 7.2128 3.6064
2.3 7.1994 3.5997
2.31 7.186 3.593
2.32 7.1726 3.5863
2.33 7.1592 3.5796
2.34 7.1458 3.5729
2.35 7.1324 3.5662
2.36 7.119 3.5595
2.37 7.1056 3.5528
2.38 7.0922 3.5461
2.39 7.0788 3.5394
2.4 7.0654 3.5327
2.41 7.052 3.526
2.42 7.0386 3.5193
2.43 7.0252 3.5126
2.44 7.0118 3.5059
2.45 6.9984 3.4992
2.46 6.985 3.4925
2.47 6.9716 3.4858
2.48 6.9582 3.4791
2.49 6.9448 3.4724
2.5 6.9314 3.4657
2.51 6.918 3.459
2.52 6.9046 3.4523
2.53 6.8912 3.4456
2.54 6.8778 3.4389
2.55 6.8644 3.4322
2.56 6.851 3.4255
2.57 6.8376 3.4188
2.58 6.8242 3.4121
2.59 6.8108 3.4054
2.6 6.7974 3.3987
2.61 6.784 3.392
2.62 6.7706 3.3853
2.63 6.7572 3.3786
2.64 6.7438 3.3719
2.65 6.7304 3.3652
2.66 6.717 3.3585
2.67 6.7036 3.3518
2.68 6.6902 3.3451
2.69 6.6768 3.3384
2.7 6.6634 3.3317
2.71 6.65 3.325
2.72 6.6366 3.3183
2.73 6.6232 3.3116
2.74 6.6098 3.3049
2.75 6.5964 3.2982
2.76 6.583 3.2915
2.77 6.5696 3.2848
2.78 6.5562 3.2781
2.79 6.5428 3.2714
2.8 6.5294 3.2647
2.81 6.516 3.258
2.82 6.5026 3.2513
2.83 6.4892 3.2446
2.84 6.4758 3.2379
2.85 6.4624 3.2312
2.86 6.449 3.2245
2.87 6.4356 3.2178
2.88 6.4222 3.2111
2.89 6.4088 3.2044
2.9 6.3954 3.1977
2.91 6.382 3.191
2.92 6.3686 3.1843
2.93 6.3552 3.1776
2.94 6.3418 3.1709
2.95 6.3284 3.1642
2.96 6.315 3.1575
2.97 6.3016 3.1508
2.98 6.2882 3.1441
2.99 6.2748 3.1374
3.0 6.2614 3.1307
3.01 6.248 3.124
3.02 6.2346 3.1173
3.03 6.2212 3.1106
3.04 6.2078 3.1039
3.05 6.1944 3.0972
3.06 6.181 3.0905
3.07 6.1676 3.0838
3.08 6.1542 3.0771
3.09 6.1408 3.0704
3.1 6.1274 3.0637
3.11 6.114 3.057
3.12 6.1006 3.0503
3.13 6.0872 3.0436
3.14 6.0738 3.0369
3.15 6.0604 3.0302
3.16 6.047 3.0235
3.17 6.0336 3.0168
3.18 6.0202 3.0101
3.19 6.0068 3.0034
3.2 5.9934 2.9967
3.21 5.98 2.99
3.22 5.9666 2.9833
3.23 5.9532 2.9766
3.24 5.9398 2.9699
3.25 5.9264 2.9632
3.26 5.913 2.9565
3.27 5.8996 2.9498
3.28 5.8862 2.9431
3.29 5.8728 2.9364
3.3 5.8594 2.9297
3.31 5.846 2.923
3.32 5.8326 2.9163
3.33 5.8192 2.9096
3.34 5.8058 2.9029
3.35 5.7924 2.8962
3.36 5.779 2.8895
3.37 5.7656 2.8828
3.38 5.7522 2.8761
3.39 5.7388 2.8694
3.4 5.7254 2.8627
3.41 5.712 2.856
3.42 5.6986 2.8493
3.43 5.6852 2.8426
3.44 5.6718 2.8359
3.45 5.6584 2.8292
3.46 5.645 2.8225
3.47 5.6316 2.8158
3.48 5.6182 2.8091
3.49 5.6048 2.8024
3.5 5.5914 2.7957
3.51 5.578 2.789
3.52 5.5646 2.7823
3.53 5.5512 2.7756
3.54 5.5378 2.7689
3.55 5.5244 2.7622
3.56 5.511 2.7555
3.57 5.4976 2.7488
3.58 5.4842 2.7421
3.59 5.4708 2.7354
3.6 5.4574 2.7287
3.61 5.444 2.722
3.62 5.4306 2.7153
3.63 5.4172 2.7086
3.64 5.4038 2.7019
3.65 5.3904 2.6952
3.66 5.377 2.6885
3.67 5.3636 2.6818
3.68 5.3502 2.6751
3.69 5.3368 2.6684
3.7 5.3234 2.6617
3.71 5.31 2.655
3.72 5.2966 2.6483
3.73 5.2832 2.6416
3.74 5.2698 2.6349
3.75 5.2564 2.6282
3.76 5.243 2.6215
3.77 5.2296 2.6148
3.78 5.2162 2.6081
3.79 5.2028 2.6014
3.8 5.1894 2.5947
3.81 5.176 2.588
3.82 5.1626 2.5813
3.83 5.1492 2.5746
3.84 5.1358 2.5679
3.85 5.1224 2.5612
3.86 5.109 2.5545
3.87 5.0956 2.5478
3.88 5.0822 2.5411
3.89 5.0688 2.5344
3.9 5.0554 2.5277
3.91 5.042 2.521
3.92 5.0286 2.5143
3.93 5.0152 2.5076
3.94 5.0018 2.5009
3.95 4.9884 2.4942
3.96 4.975 2.4875
3.97 4.9616 2.4808
3.98 4.9482 2.4741
3.99 4.9348 2.4674
4.0 4.9214 2.4607
4.01 4.908 2.454
4.02 4.8946 2.4473
4.03 4.8812 2.4406
4.04 4.8678 2.4339
4.05 4.8544 2.4272
4.06 4.841 2.4205
4.07 4.8276 2.4138
4.08 4.8142 2.4071
4.09 4.8008 2.4004
4.1 4.7874 2.3937
4.11 4.774 2.387
4.12 4.7606 2.3803
4.13 4.7472 2.3736
4.14 4.7338 2.3669
4.15 4.7204 2.3602
4.16 4.707 2.3535
4.17 4.6936 2.3468
4.18 4.6802 2.3401
4.19 4.6668 2.3334
4.2 4.6534 2.3267
4.21 4.64 2.32
4.22 4.6266 2.3133
4.23 4.6132 2.3066
4.24 4.5998 2.2999
4.25 4.5864 2.2932
4.26 4.573 2.2865
4.27 4.5596 2.2798
4.28 4.5462 2.2731
4.29 4.5328 2.2664
4.3 4.5194 2.2597
4.31 4.506 2.253
4.32 4.4926 2.2463
4.33 4.4792 2.2396
4.34 4.4658 2.2329
4.35 4.4524 2.2262
4.36 4.439 2.2195
4.37 4.4256 2.2128
4.38 4.4122 2.2061
4.39 4.3988 2.1994
4.4 4.3854 2.1927
4.41 4.372 2.186
4.42 4.3586 2.1793
4.43 4.3452 2.1726
4.44 4.3318 2.1659
4.45 4.3184 2.1592
4.46 4.305 2.1525
4.47 4.2916 2.1458
4.48 4.2782 2.1391
4.49 4.2648 2.1324
4.5 4.2514 2.1257
4.51 4.238 2.119
4.52 4.2246 2.1123
4.53 4.2112 2.1056
4.54 4.1978 2.0989
4.55 4.1844 2.0922
4.56 4.171 2.0855
4.57 4.1576 2.0788
4.58 4.1442 2.0721
4.59 4.1308 2.0654
4.6 4.1174 2.0587
4.61 4.104 2.052
4.62 4.0906 2.0453
4.63 4.0772 2.0386
4.64 4.0638 2.0319
4.65 4.0504 2.0252
4.66 4.037 2.0185
4.67 4.0236 2.0118
4.68 4.0102 2.0051
4.69 3.9968 1.9984
4.7 3.9834 1.9917
4.71 3.97 1.985
4.72 3.9566 1.9783
4.73 3.9432 1.9716
4.74 3.9298 1.9649
4.75 3.9164 1.9582
4.76 3.903 1.9515
4.77 3.8896 1.9448
4.78 3.8762 1.9381
4.79 3.8628 1.9314
4.8 3.8494 1.9247
4.81 3.836 1.918
4.82 3.8226 1.9113
4.83 3.8092 1.9046
4.84 3.7958 1.8979
4.85 3.7824 1.8912
4.86 3.769 1.8845
4.87 3.7556 1.8778
4.88 3.7422 1.8711
4.89 3.7288 1.8644
4.9 3.7154 1.8577
4.91 3.702 1.851
4.92 3.6886 1.8443
4.93 3.6752 1.8376
4.94 3.6618 1.8309
4.95 3.6484 1.8242
4.96 3.635 1.8175
4.97 3.6216 1.8108
4.98 3.6082 1.8041
4.99 3.5948 1.7974
5.0 3.5814 1.7907
5.01 3.568 1.784
5.02 3.5546 1.7773
5.03 3.5412 1.7706
5.04 3.5278 1.7639
5.05 3.5144 1.7572
5.06 3.501 1.7505
5.07 3.4876 1.7438
5.08 3.4742 1.7371
5.09 3.4608 1.7304
5.1 3.4474 1.7237
5.11 3.434 1.717
5.12 3.4206 1.7103
5.13 3.4072 1.7036
5.14 3.3938 1.6969
5.15 3.3804 1.6902
5.16 3.367 1.6835
5.17 3.3536 1.6768
5.18 3.3402 1.6701
5.19 3.3268 1.6634
5.2 3.3134 1.6567
5.21 3.3 1.65
5.22 3.2866 1.6433
5.23 3.2732 1.6366
5.24 3.2598 1.6299
5.25 3.2464 1.6232
5.26 3.233 1.6165
5.27 3.2196 1.6098
5.28 3.2062 1.6031
5.29 3.1928 1.5964
5.3 3.1794 1.5897
5.31 3.166 1.583
5.32 3.1526 1.5763
5.33 3.1392 1.5696
5.34 3.1258 1.5629
5.35 3.1124 1.5562
5.36 3.099 1.5495
5.37 3.0856 1.5428
5.38 3.0722 1.5361
5.39 3.0588 1.5294
5.4 3.0454 1.5227
5.41 3.032 1.516
5.42 3.0186 1.5093
5.43 3.0052 1.5026
5.44 2.9918 1.4959
5.45 2.9784 1.4892
5.46 2.965 1.4825
5.47 2.9516 1.4758
5.48 2.9382 1.4691
5.49 2.9248 1.4624
5.5 2.9114 1.4557
5.51 2.898 1.449
5.52 2.8846 1.4423
5.53 2.8712 1.4356
5.54 2.8578 1.4289
5.55 2.8444 1.4222
5.56 2.831 1.4155
5.57 2.8176 1.4088
5.58 2.8042 1.4021
5.59 2.7908 1.3954
5.6 2.7774 1.3887
5.61 2.764 1.382
5.62 2.7506 1.3753
5.63 2.7372 1.3686
5.64 2.7238 1.3619
5.65 2.7104 1.3552
5.66 2.697 1.3485
5.67 2.6836 1.3418
5.68 2.6702 1.3351
5.69 2.6568 1.3284
5.7 2.6434 1.3217
5.71 2.63 1.315
5.72 2.6166 1.3083
5.73 2.6032 1.3016
5.74 2.5898 1.2949
5.75 2.5764 1.2882
5.76 2.563 1.2815
5.77 2.5496 1.2748
5.78 2.5362 1.2681
5.79 2.5228 1.2614
5.8 2.5094 1.2547
5.81 2.496 1.248
5.82 2.4826 1.2413
5.83 2.4692 1.2346
5.84 2.4558 1.2279
5.85 2.4424 1.2212
5.86 2.429 1.2145
5.87 2.4156 1.2078
5.88 2.4022 1.2011
5.89 2.3888 1.1944
5.9 2.3754 1.1877
5.91 2.362 1.181
5.92 2.3486 1.1743
5.93 2.3352 1.1676
5.94 2.3218 1.1609
5.95 2.3084 1.1542
5.96 2.295 1.1475
5.97 2.2816 1.1408
5.98 2.2682 1.1341
5.99 2.2548 1.1274
6.0 2.2414 1.1207
6.01 2.228 1.114
6.02 2.2146 1.1073
6.03 2.2012 1.1006
6.04 2.1878 1.0939
6.05 2.1744 1.0872
6.06 2.161 1.0805
6.07 2.1476 1.0738
6.08 2.1342 1.0671
6.09 2.1208 1.0604
6.1 2.1074 1.0537
6.11 2.094 1.047
6.12 2.0806 1.0403
6.13 2.0672 1.0336
6.14 2.0538 1.0269
6.15 2.0404 1.0202
6.16 2.027 1.0135
6.17 2.0136 1.0068
6.18 2.0002 1.0001
6.19 1.9868 0.9934
6.2 1.9734 0.9867
6.21 1.96 0.98
6.22 1.9466 0.9733
6.23 1.9332 0.9666
6.24 1.9198 0.9599
6.25 1.9064 0.9532
6.26 1.893 0.9465
6.27 1.8796 0.9398
6.28 1.8662 0.9331
6.29 1.8528 0.9264
6.3 1.8394 0.9197
6.31 1.826 0.913
6.32 1.8126 0.9063
6.33 1.7992 0.8996
6.34 1.7858 0.8929
6.35 1.7724 0.8862
6.36 1.759 0.8795
6.37 1.7456 0.8728
6.38 1.7322 0.8661
6.39 1.7188 0.8594
6.4 1.7054 0.8527
6.41 1.692 0.846
6.42 1.6786 0.8393
6.43 1.6652 0.8326
6.44 1.6518 0.8259
6.45 1.6384 0.8192
6.46 1.625 0.8125
6.47 1.6116 0.8058
6.48 1.5982 0.7991
6.49 1.5848 0.7924
6.5 1.5714 0.7857
6.51 1.558 0.779
6.52 1.5446 0.7723
6.53 1.5312 0.7656
6.54 1.5178 0.7589
6.55 1.5044 0.7522
6.56 1.491 0.7455
6.57 1.4776 0.7388
6.58 1.4642 0.7321
6.59 1.4508 0.7254
6.6 1.4374 0.7187
6.61 1.424 0.712
6.62 1.4106 0.7053
6.63 1.3972 0.6986
6.64 1.3838 0.6919
6.65 1.3704 0.6852
6.66 1.357 0.6785
6.67 1.3436 0.6718
6.68 1.3302 0.6651
6.69 1.3168 0.6584
6.7 1.3034 0.6517
6.71 1.29 0.645
6.72 1.2766 0.6383
6.73 1.2632 0.6316
6.74 1.2498 0.6249
6.75 1.2364 0.6182
6.76 1.223 0.6115
6.77 1.2096 0.6048
6.78 1.1962 0.5981
6.79 1.1828 0.5914
6.8 1.1694 0.5847
6.81 1.156 0.578
6.82 1.1426 0.5713
6.83 1.1292 0.5646
6.84 1.1158 0.5579
6.85 1.1024 0.5512
6.86 1.089 0.5445
6.87 1.0756 0.5378
6.88 1.0622 0.5311
6.89 1.0488 0.5244
6.9 1.0354 0.5177
6.91 1.022 0.511
6.92 1.0086 0.5043
6.93 0.9952 0.4976
6.94 0.9818 0.4909
6.95 0.9684 0.4842
6.96 0.955 0.4775
6.97 0.9416 0.4708
6.98 0.9282 0.4641
6.99 0.9148 0.4574
7.0 0.9014 0.4507
7.01 0.888 0.444
7.02 0.8746 0.4373
7.03 0.8612 0.4306
7.04 0.8478 0.4239
7.05 0.8344 0.4172
7.06 0.821 0.4105
7.07 0.8076 0.4038
7.08 0.7942 0.3971
7.09 0.7808 0.3904
7.1 0.7674 0.3837
7.11 0.754 0.377
7.12 0.7406 0.3703
7.13 0.7272 0.3636
7.14 0.7138 0.3569
7.15 0.7004 0.3502
7.16 0.687 0.3435
7.17 0.6736 0.3368
7.18 0.6602 0.3301
7.19 0.6468 0.3234
7.2 0.6334 0.3167
7.21 0.62 0.31
7.22 0.6066 0.3033
7.23 0.5932 0.2966
7.24 0.5798 0.2899
7.25 0.5664 0.2832
7.26 0.553 0.2765
7.27 0.5396 0.2698
7.28 0.5262 0.2631
7.29 0.5128 0.2564
7.3 0.4994 0.2497
7.31 0.486 0.243
7.32 0.4726 0.2363
7.33 0.4592 0.2296
7.34 0.4458 0.2229
7.35 0.4324 0.2162
7.36 0.419 0.2095
7.37 0.4056 0.2028
7.38 0.3922 0.1961
7.39 0.3788 0.1894
7.4 0.3654 0.1827
7.41 0.352 0.176
7.42 0.3386 0.1693
7.43 0.3252 0.1626
7.44 0.3118 0.1559
7.45 0.2984 0.1492
7.46 0.285 0.1425
7.47 0.2716 0.1358
7.48 0.2582 0.1291
7.49 0.2448 0.1224
7.5 0.2314 0.1157
7.51 0.218 0.109
7.52 0.2046 0.1023
7.53 0.1912 0.0956
7.54 0.1778 0.0889
7.55 0.1644 0.0822
7.56 0.151 0.0755
7.57 0.1376 0.0688
7.58 0.1242 0.0621
7.59 0.1108 0.0554
7.6 0.0974 0.0487
7.61 0.084 0.042
7.62 0.0706 0.0353
7.63 0.0572 0.0286
7.64 0.0438 0.0219
7.65 0.0304 0.0152
7.66 0.017 0.0085
7.67 0.0036 0.0018
