0.23 9.985 10.0
0.24 9.97 10.0
0.25 9.955 10.0
0.26 9.94 10.0
0.27 9.925 10.0
0.28 9.91 10.0
0.29 9.895 10.0
0.3 9.88 10.0
0.31 9.865 10.0
0.32 9.85 10.0
0.33 9.835 10.0
0.34 9.82 10.0
0.35 9.805 10.0
0.36 9.79 10.0
0.37 9.775 10.0
0.38 9.76 10.0
0.39 9.745 10.0
0.4 9.73 10.0
0.41 9.715 10.0
0.42 9.7 10.0
0.43 9.685 10.0
0.44 9.67 10.0
0.45 9.655 10.0
0.46 9.64 10.0
0.47 9.625 10.0
0.48 9.61 10.0
0.49 9.595 10.0
0.5 9.58 10.0
0.51 9.565 10.0
0.52 9.55 10.0
0.53 9.535 10.0
0.54 9.52 10.0
0.55 9.505 10.0
0.56 9.49 10.0
0.57 9.475 10.0
0.58 9.46 10.0
0.59 9.445 10.0
0.6 9.43 10.0
0.61 9.415 10.0
0.62 9.4 10.0
0.63 9.385 10.0
0.64 9.37 10.0
0.65 9.355 10.0
0.66 9.34 10.0
0.67 9.325 10.0
0.68 9.31 10.0
0.69 9.295 10.0
0.7 9.28 10.0
0.71 9.265 10.0
0.72 9.25 10.0
0.73 9.235 10.0
0.74 9.22 10.0
0.75 9.205 10.0
0.76 9.19 10.0
0.77 9.175 10.0
0.78 9.16 10.0
0.79 9.145 10.0
0.8 9.13 10.0
0.81 9.115 10.0
0.82 9.1 10.0
0.83 9.085 10.0
0.84 9.07 10.0
0.85 9.055 10.0
0.86 9.04 10.0
0.87 9.025 10.0
0.88 9.01 10.0
0.89 8.995 10.0
0.9 8.98 10.0
0.91 8.965 10.0
0.92 8.95 10.0
0.93 8.935 10.0
0.94 8.92 10.0
0.95 8.905 10.0
0.96 8.89 10.0
0.97 8.875 10.0
0.98 8.86 10.0
0.99 8.845 10.0
1.0 8.83 10.0
1.01 8.815 10.0
1.02 8.8 10.0
1.03 8.785 10.0
1.04 8.77 10.0
1.05 8.755 10.0
1.06 8.74 10.0
1.07 8.725 10.0
1.08 8.71 10.0
1.09 8.695 10.0
1.1 8.68 10.0
1.11 8.665 10.0
1.12 8.65 10.0
1.13 8.635 10.0
1.14 8.62 10.0
1.15 8.605 10.0
1.16 8.59 10.0
1.17 8.575 10.0
1.18 8.56 10.0
1.19 8.545 10.0
1.2 8.53 10.0
1.21 8.515 10.0
1.22 8.5 10.0
1.23 8.485 10.0
1.24 8.47 10.0
1.25 8.455 10.0
1.26 8.44 10.0
1.27 8.425 10.0
1.28 8.41 10.0
1.29 8.395 10.0
1.3 8.38 10.0
1.31 8.365 10.0
1.32 8.35 10.0
1.33 8.335 10.0
1.34 8.32 10.0
1.35 8.305 10.0
1.36 8.29 10.0
1.37 8.275 10.0
1.38 8.26 10.0
1.39 8.245 10.0
1.4 8.23 10.0
1.41 8.215 10.0
1.42 8.2 10.0
1.43 8.185 10.0
1.44 8.17 10.0
1.45 8.155 10.0
1.46 8.14 10.0
1.47 8.125 10.0
1.48 8.11 10.0
1.49 8.095 10.0
1.5 8.08 10.0
1.51 8.065 10.0
1.52 8.05 10.0
1.53 8.035 10.0
1.54 8.02 10.0
1.55 8.005 10.0
1.56 7.99 10.0
1.57 7.975 10.0
1.58 7.96 10.0
1.59 7.945 10.0
1.6 7.93 10.0
1.61 7.915 10.0
1.62 7.9 10.0
1.63 7.885 10.0
1.64 7.87 10.0
1.65 7.855 10.0
1.66 7.84 10.0
1.67 7.825 10.0
1.68 7.81 10.0
1.69 7.795 10.0
1.7 7.78 10.0
1.71 7.765 10.0
1.72 7.75 10.0
1.73 7.735 10.0
1.74 7.72 10.0
1.75 7.705 10.0
1.76 7.69 10.0
1.77 7.675 10.0
1.78 7.66 10.0
1.79 7.645 10.0
1.8 7.63 10.0
1.81 7.615 10.0
1.82 7.6 10.0
1.83 7.585 10.0
1.84 7.57 10.0
1.85 7.555 10.0
1.86 7.54 10.0
1.87 7.525 10.0
1.88 7.51 10.0
1.89 7.495 10.0
1.9 7.48 10.0
1.91 7.465 10.0
1.92 7.45 10.0
1.93 7.435 10.0
1.94 7.42 10.0
1.95 7.405 10.0
1.96 7.39 10.0
1.97 7.375 10.0
1.98 7.36 10.0
1.99 7.345 10.0
2.0 7.33 10.0
2.01 7.315 10.0
2.02 7.3 10.0
2.03 7.285 10.0
2.04 7.27 10.0
2.05 7.255 10.0
2.06 7.24 10.0
2.07 7.225 10.0
2.08 7.21 10.0
2.09 7.195 10.0
2.1 7.18 10.0
2.11 7.165 10.0
2.12 7.15 10.0
2.13 7.135 10.0
2.14 7.12 10.0
2.15 7.105 10.0
2.16 7.09 10.0
2.17 7.075 10.0
2.18 7.06 10.0
2.19 7.045 10.0
2.2 7.03 10.0
2.21 7.015 10.0
2.22 7.0 10.0
2.23 6.985 10.0
2.24 6.97 10.0
2.25 6.955 10.0
2.26 6.94 10.0
2.27 6.925 10.0
2.28 6.91 10.0
2.29 6.895 10.0
2.3 6.88 10.0
2.31 6.865 10.0
2.32 6.85 10.0
2.33 6.835 10.0
2.34 6.82 10.0
2.35 6.805 10.0
2.36 6.79 10.0
2.37 6.775 10.0
2.38 6.76 10.0
2.39 6.745 10.0
2.4 6.73 10.0
2.41 6.715 10.0
2.42 6.7 10.0
2.43 6.685 10.0
2.44 6.67 10.0
2.45 6.655 10.0
2.46 6.64 10.0
2.47 6.625 10.0
2.48 6.61 10.0
2.49 6.595 10.0
2.5 6.58 10.0
2.51 6.565 10.0
2.52 6.55 10.0
2.53 6.535 10.0
2.54 6.52 10.0
2.55 6.505 10.0
2.56 6.49 10.0
2.57 6.475 10.0
2.58 6.46 10.0
2.59 6.445 10.0
2.6 6.43 10.0
2.61 6.415 10.0
2.62 6.4 10.0
2.63 6.385 10.0
2.64 6.37 10.0
2.65 6.355 10.0
2.66 6.34 10.0
2.67 6.325 10.0
2.68 6.31 10.0
2.69 6.295 10.0
2.7 6.28 10.0
2.71 6.265 10.0
2.72 6.25 10.0
2.73 6.235 10.0
2.74 6.22 10.0
2.75 6.205 10.0
2.76 6.19 10.0
2.77 6.175 10.0
2.78 6.16 10.0
2.79 6.145 10.0
2.8 6.13 10.0
2.81 6.115 10.0
2.82 6.1 10.0
2.83 6.085 10.0
2.84 6.07 10.0
2.85 6.055 10.0
2.86 6.04 10.0
2.87 6.025 10.0
2.88 6.01 10.0
2.89 5.995 10.0
2.9 5.98 10.0
2.91 5.965 10.0
2.92 5.95 10.0
2.93 5.935 10.0
2.94 5.92 10.0
2.95 5.905 10.0
2.96 5.89 10.0
2.97 5.875 10.0
2.98 5.86 10.0
2.99 5.845 10.0
3.0 5.83 10.0
3.01 5.815 10.0
3.02 5.8 10.0
3.03 5.785 10.0
3.04 5.77 10.0
3.05 5.755 10.0
3.06 5.74 10.0
3.07 5.725 10.0
3.08 5.71 10.0
3.09 5.695 10.0
3.1 5.68 10.0
3.11 5.665 10.0
3.12 5.65 10.0
3.13 5.635 10.0
3.14 5.62 10.0
3.15 5.605 10.0
3.16 5.59 10.0
3.17 5.575 10.0
3.18 5.56 10.0
3.19 5.545 10.0
3.2 5.53 10.0
3.21 5.515 10.0
3.22 5.5 10.0
3.23 5.485 10.0
3.24 5.47 10.0
3.25 5.455 10.0
3.26 5.44 10.0
3.27 5.425 10.0
3.28 5.41 10.0
3.29 5.395 10.0
3.3 5.38 10.0
3.31 5.365 10.0
3.32 5.35 10.0
3.33 5.335 10.0
3.34 5.32 10.0
3.35 5.305 10.0
3.36 5.29 10.0
3.37 5.275 10.0
3.38 5.26 10.0
3.39 5.245 10.0
3.4 5.23 10.0
3.41 5.215 10.0
3.42 5.2 10.0
3.43 5.185 10.0
3.44 5.17 10.0
3.45 5.155 10.0
3.46 5.14 10.0
3.47 5.125 10.0
3.48 5.11 10.0
3.49 5.095 10.0
3.5 5.08 10.0
3.51 5.065 10.0
3.52 5.05 10.0
3.53 5.035 10.0
3.54 5.02 10.0
3.55 5.005 10.0
3.56 4.99 10.0
3.57 4.975 10.0
3.58 4.96 10.0
3.59 4.945 10.0
3.6 4.93 10.0
3.61 4.915 10.0
3.62 4.9 10.0
3.63 4.885 10.0
3.64 4.87 10.0
3.65 4.855 10.0
3.66 4.84 10.0
3.67 4.825 10.0
3.68 4.81 10.0
3.69 4.795 10.0
3.7 4.78 10.0
3.71 4.765 10.0
3.72 4.75 10.0
3.73 4.735 10.0
3.74 4.72 10.0
3.75 4.705 10.0
3.76 4.69 10.0
3.77 4.675 10.0
3.78 4.66 10.0
3.79 4.645 10.0
3.8 4.63 10.0
3.81 4.615 10.0
3.82 4.6 10.0
3.83 4.585 10.0
3.84 4.57 10.0
3.85 4.555 10.0
3.86 4.54 10.0
3.87 4.525 10.0
3.88 4.51 10.0
3.89 4.495 10.0
3.9 4.48 10.0
3.91 4.465 10.0
3.92 4.45 10.0
3.93 4.435 10.0
3.94 4.42 10.0
3.95 4.405 10.0
3.96 4.39 10.0
3.97 4.375 10.0
3.98 4.36 10.0
3.99 4.345 10.0
4.0 4.33 10.0
4.01 4.315 10.0
4.02 4.3 10.0
4.03 4.285 10.0
4.04 4.27 10.0
4.05 4.255 10.0
4.06 4.24 10.0
4.07 4.225 10.0
4.08 4.21 10.0
4.09 4.195 10.0
4.1 4.18 10.0
4.11 4.165 10.0
4.12 4.15 10.0
4.13 4.135 10.0
4.14 4.12 10.0
4.15 4.105 10.0
4.16 4.09 10.0
4.17 4.075 10.0
4.18 4.06 10.0
4.19 4.045 10.0
4.2 4.03 10.0
4.21 4.015 10.0
4.22 4.0 10.0
4.23 3.985 10.0
4.24 3.97 10.0
4.25 3.955 10.0
4.26 3.94 10.0
4.27 3.925 10.0
4.28 3.91 10.0
4.29 3.895 10.0
4.3 3.88 10.0
4.31 3.865 10.0
4.32 3.85 10.0
4.33 3.835 10.0
4.34 3.82 10.0
4.35 3.805 10.0
4.36 3.79 10.0
4.37 3.775 10.0
4.38 3.76 10.0
4.39 3.745 10.0
4.4 3.73 10.0
4.41 3.715 10.0
4.42 3.7 10.0
4.43 3.685 10.0
4.44 3.67 10.0
4.45 3.655 10.0
4.46 3.64 10.0
4.47 3.625 10.0
4.48 3.61 10.0
4.49 3.595 10.0
4.5 3.58 10.0
4.51 3.565 10.0
4.52 3.55 10.0
4.53 3.535 10.0
4.54 3.52 10.0
4.55 3.505 10.0
4.56 3.49 10.0
4.57 3.475 10.0
4.58 3.46 10.0
4.59 3.445 10.0
4.6 3.43 10.0
4.61 3.415 10.0
4.62 3.4 10.0
4.63 3.385 10.0
4.64 3.37 10.0
4.65 3.355 10.0
4.66 3.34 10.0
4.67 3.325 10.0
4.68 3.31 10.0
4.69 3.295 10.0
4.7 3.28 10.0
4.71 3.265 10.0
4.72 3.25 10.0
4.73 3.235 10.0
4.74 3.22 10.0
4.75 3.205 10.0
4.76 3.19 10.0
4.77 3.175 10.0
4.78 3.16 10.0
4.79 3.145 10.0
4.8 3.13 10.0
4.81 3.115 10.0
4.82 3.1 10.0
4.83 3.085 10.0
4.84 3.07 10.0
4.85 3.055 10.0
4.86 3.04 10.0
4.87 3.025 10.0
4.88 3.01 10.0
4.89 2.995 10.0
4.9 2.98 10.0
4.91 2.965 10.0
4.92 2.95 10.0
4.93 2.935 10.0
4.94 2.92 10.0
4.95 2.905 10.0
4.96 2.89 10.0
4.97 2.875 10.0
4.98 2.86 10.0
4.99 2.845 10.0
5.0 2.83 10.0
5.01 2.815 10.0
5.02 2.8 10.0
5.03 2.785 10.0
5.04 2.77 10.0
5.05 2.755 10.0
5.06 2.74 10.0
5.07 2.725 10.0
5.08 2.71 10.0
5.09 2.695 10.0
5.1 2.68 10.0
5.11 2.665 10.0
5.12 2.65 10.0
5.13 2.635 10.0
5.14 2.62 10.0
5.15 2.605 10.0
5.16 2.59 10.0
5.17 2.575 10.0
5.18 2.56 10.0
5.19 2.545 10.0
5.2 2.53 10.0
5.21 2.515 10.0
5.22 2.5 10.0
5.23 2.485 10.0
5.24 2.47 10.0
5.25 2.455 10.0
5.26 2.44 10.0
5.27 2.425 10.0
5.28 2.41 10.0
5.29 2.395 10.0
5.3 2.38 10.0
5.31 2.365 10.0
5.32 2.35 10.0
5.33 2.335 10.0
5.34 2.32 10.0
5.35 2.305 10.0
5.36 2.29 10.0
5.37 2.275 10.0
5.38 2.26 10.0
5.39 2.245 10.0
5.4 2.23 10.0
5.41 2.215 10.0
5.42 2.2 10.0
5.43 2.185 10.0
5.44 2.17 10.0
5.45 2.155 10.0
5.46 2.14 10.0
5.47 2.125 10.0
5.48 2.11 10.0
5.49 2.095 10.0
5.5 2.08 10.0
5.51 2.065 10.0
5.52 2.05 10.0
5.53 2.035 10.0
5.54 2.02 10.0
5.55 2.005 10.0
5.56 1.99 10.0
5.57 1.975 10.0
5.58 1.96 10.0
5.59 1.945 10.0
5.6 1.93 10.0
5.61 1.915 10.0
5.62 1.9 10.0
5.63 1.885 10.0
5.64 1.87 10.0
5.65 1.855 10.0
5.66 1.84 10.0
5.67 1.825 10.0
5.68 1.81 10.0
5.69 1.795 10.0
5.7 1.78 10.0
5.71 1.765 10.0
5.72 1.75 10.0
5.73 1.735 10.0
5.74 1.72 10.0
5.75 1.705 10.0
5.76 1.69 10.0
5.77 1.675 10.0
5.78 1.66 10.0
5.79 1.645 10.0
5.8 1.63 10.0
5.81 1.615 10.0
5.82 1.6 10.0
5.83 1.585 10.0
5.84 1.57 10.0
5.85 1.555 10.0
5.86 1.54 10.0
5.87 1.525 10.0
5.88 1.51 10.0
5.89 1.495 10.0
5.9 1.48 10.0
5.91 1.465 10.0
5.92 1.45 10.0
5.93 1.435 10.0
5.94 1.42 10.0
5.95 1.405 10.0
5.96 1.39 10.0
5.97 1.375 10.0
5.98 1.36 10.0
5.99 1.345 10.0
6.0 1.33 10.0
6.01 1.315 10.0
6.02 1.3 10.0
6.03 1.285 10.0
6.04 1.27 10.0
6.05 1.255 10.0
6.06 1.24 10.0
6.07 1.225 10.0
6.08 1.21 10.0
6.09 1.195 10.0
6.1 1.18 10.0
6.11 1.165 10.0
6.12 1.15 10.0
6.13 1.135 10.0
6.14 1.12 10.0
6.15 1.105 10.0
6.16 1.09 10.0
6.17 1.075 10.0
6.18 1.06 10.0
6.19 1.045 10.0
6.2 1.03 10.0
6.21 1.015 10.0
6.22 1.0 10.0
6.23 0.985 10.0
6.24 0.97 10.0
6.25 0.955 10.0
6.26 0.94 10.0
6.27 0.925 10.0
6.28 0.91 10.0
6.29 0.895 10.0
6.3 0.88 10.0
6.31 0.865 10.0
6.32 0.85 10.0
6.33 0.835 10.0
6.34 0.82 10.0
6.35 0.805 10.0
6.36 0.79 10.0
6.37 0.775 10.0
6.38 0.76 10.0
6.39 0.745 10.0
6.4 0.73 10.0
6.41 0.715 10.0
6.42 0.7 10.0
6.43 0.685 10.0
6.44 0.67 10.0
6.45 0.655 10.0
6.46 0.64 10.0
6.47 0.625 10.0
6.48 0.61 10.0
6.49 0.595 10.0
6.5 0.58 10.0
6.51 0.565 10.0
6.52 0.55 10.0
6.53 0.535 10.0
6.54 0.52 10.0
6.55 0.505 10.0
6.56 0.49 10.0
6.57 0.475 10.0
6.58 0.46 10.0
6.59 0.445 10.0
6.6 0.43 10.0
6.61 0.415 10.0
6.62 0.4 10.0
6.63 0.385 10.0
6.64 0.37 10.0
6.65 0.355 10.0
6.66 0.34 10.0
6.67 0.325 10.0
6.68 0.31 10.0
6.69 0.295 10.0
6.7 0.28 10.0
6.71 0.265 10.0
6.72 0.25 10.0
6.73 0.235 10.0
6.74 0.22 10.0
6.75 0.205 10.0
6.76 0.19 10.0
6.77 0.175 10.0
6.78 0.16 10.0
6.79 0.145 10.0
6.8 0.13 10.0
6.81 0.115 10.0
6.82 0.1 10.0
6.83 0.085 10.0
6.84 0.07 10.0
6.85 0.055 10.0
6.86 0.04 10.0
6.87 0.025 10.0
6.88 0.01 10.0
6.89 -0.005 10.0
