0.2 9.9894 0.0106
0.21 9.9788 0.0212
0.22 9.9682 0.0318
0.23 9.9576 0.0424
0.24 9.947 0.053
0.25 9.9364 0.0636
0.26 9.9258 0.0742
0.27 9.9152 0.0848
0.28 9.9046 0.0954
0.29 9.894 0.106
0.3 9.8834 0.1166
0.31 9.8728 0.1272
0.32 9.8622 0.1378
0.33 9.8516 0.1484
0.34 9.841 0.159
0.35 9.8304 0.1696
0.36 9.8198 0.1802
0.37 9.8092 0.1908
0.38 9.7986 0.2014
0.39 9.788 0.212
0.4 9.7774 0.2226
0.41 9.7668 0.2332
0.42 9.7562 0.2438
0.43 9.7456 0.2544
0.44 9.735 0.265
0.45 9.7244 0.2756
0.46 9.7138 0.2862
0.47 9.7032 0.2968
0.48 9.6926 0.3074
0.49 9.682 0.318
0.5 9.6714 0.3286
0.51 9.6608 0.3392
0.52 9.6502 0.3498
0.53 9.6396 0.3604
0.54 9.629 0.371
0.55 9.6184 0.3816
0.56 9.6078 0.3922
0.57 9.5972 0.4028
0.58 9.5866 0.4134
0.59 9.576 0.424
0.6 9.5654 0.4346
0.61 9.5548 0.4452
0.62 9.5442 0.4558
0.63 9.5336 0.4664
0.64 9.523 0.477
0.65 9.5124 0.4876
0.66 9.5018 0.4982
0.67 9.4912 0.5088
0.68 9.4806 0.5194
0.69 9.47 0.53
0.7 9.4594 0.5406
0.71 9.4488 0.5512
0.72 9.4382 0.5618
0.73 9.4276 0.5724
0.74 9.417 0.583
0.75 9.4064 0.5936
0.76 9.3958 0.6042
0.77 9.3852 0.6148
0.78 9.3746 0.6254
0.79 9.364 0.636
0.8 9.3534 0.6466
0.81 9.3428 0.6572
0.82 9.3322 0.6678
0.83 9.3216 0.6784
0.84 9.311 0.689
0.85 9.3004 0.6996
0.86 9.2898 0.7102
0.87 9.2792 0.7208
0.88 9.2686 0.7314
0.89 9.258 0.742
0.9 9.2474 0.7526
0.91 9.2368 0.7632
0.92 9.2262 0.7738
0.93 9.2156 0.7844
0.94 9.205 0.795
0.95 9.1944 0.8056
0.96 9.1838 0.8162
0.97 9.1732 0.8268
0.98 9.1626 0.8374
0.99 9.152 0.848
1.0 9.1414 0.8586
1.01 9.1308 0.8692
1.02 9.1202 0.8798
1.03 9.1096 0.8904
1.04 9.099 0.901
1.05 9.0884 0.9116
1.06 9.0778 0.9222
1.07 9.0672 0.9328
1.08 9.0566 0.9434
1.09 9.046 0.954
1.1 9.0354 0.9646
1.11 9.0248 0.9752
1.12 9.0142 0.9858
1.13 9.0036 0.9964
1.14 8.993 1.007
1.15 8.9824 1.0176
1.16 8.9718 1.0282
1.17 8.9612 1.0388
1.18 8.9506 1.0494
1.19 8.94 1.06
1.2 8.9294 1.0706
1.21 8.9188 1.0812
1.22 8.9082 1.0918
1.23 8.8976 1.1024
1.24 8.887 1.113
1.25 8.8764 1.1236
1.26 8.8658 1.1342
1.27 8.8552 1.1448
1.28 8.8446 1.1554
1.29 8.834 1.166
1.3 8.8234 1.1766
1.31 8.8128 1.1872
1.32 8.8022 1.1978
1.33 8.7916 1.2084
1.34 8.781 1.219
1.35 8.7704 1.2296
1.36 8.7598 1.2402
1.37 8.7492 1.2508
1.38 8.7386 1.2614
1.39 8.728 1.272
1.4 8.7174 1.2826
1.41 8.7068 1.2932
1.42 8.6962 1.3038
1.43 8.6856 1.3144
1.44 8.675 1.325
1.45 8.6644 1.3356
1.46 8.6538 1.3462
1.47 8.6432 1.3568
1.48 8.6326 1.3674
1.49 8.622 1.378
1.5 8.6114 1.3886
1.51 8.6008 1.3992
1.52 8.5902 1.4098
1.53 8.5796 1.4204
1.54 8.569 1.431
1.55 8.5584 1.4416
1.56 8.5478 1.4522
1.57 8.5372 1.4628
1.58 8.5266 1.4734
1.59 8.516 1.484
1.6 8.5054 1.4946
1.61 8.4948 1.5052
1.62 8.4842 1.5158
1.63 8.4736 1.5264
1.64 8.463 1.537
1.65 8.4524 1.5476
1.66 8.4418 1.5582
1.67 8.4312 1.5688
1.68 8.4206 1.5794
1.69 8.41 1.59
1.7 8.3994 1.6006
1.71 8.3888 1.6112
1.72 8.3782 1.6218
1.73 8.3676 1.6324
1.74 8.357 1.643
1.75 8.3464 1.6536
1.76 8.3358 1.6642
1.77 8.3252 1.6748
1.78 8.3146 1.6854
1.79 8.304 1.696
1.8 8.2934 1.7066
1.81 8.2828 1.7172
1.82 8.2722 1.7278
1.83 8.2616 1.7384
1.84 8.251 1.749
1.85 8.2404 1.7596
1.86 8.2298 1.7702
1.87 8.2192 1.7808
1.88 8.2086 1.7914
1.89 8.198 1.802
1.9 8.1874 1.8126
1.91 8.1768 1.8232
1.92 8.1662 1.8338
1.93 8.1556 1.8444
1.94 8.145 1.855
1.95 8.1344 1.8656
1.96 8.1238 1.8762
1.97 8.1132 1.8868
1.98 8.1026 1.8974
1.99 8.092 1.908
2.0 8.0814 1.9186
2.01 8.0708 1.9292
2.02 8.0602 1.9398
2.03 8.0496 1.9504
2.04 8.039 1.961
2.05 8.0284 1.9716
2.06 8.0178 1.9822
2.07 8.0072 1.9928
2.08 7.9966 2.0034
2.09 7.986 2.014
2.1 7.9754 2.0246
2.11 7.9648 2.0352
2.12 7.9542 2.0458
2.13 7.9436 2.0564
2.14 7.933 2.067
2.15 7.9224 2.0776
2.16 7.9118 2.0882
2.17 7.9012 2.0988
2.18 7.8906 2.1094
2.19 7.88 2.12
2.2 7.8694 2.1306
2.21 7.8588 2.1412
2.22 7.8482 2.1518
2.23 7.8376 2.1624
2.24 7.827 2.173
2.25 7.8164 2.1836
2.26 7.8058 2.1942
2.27 7.7952 2.2048
2.28 7.7846 2.2154
2.29 7.774 2.226
2.3 7.7634 2.2366
2.31 7.7528 2.2472
2.32 7.7422 2.2578
2.33 7.7316 2.2684
2.34 7.721 2.279
2.35 7.7104 2.2896
2.36 7.6998 2.3002
2.37 7.6892 2.3108
2.38 7.6786 2.3214
2.39 7.668 2.332
2.4 7.6574 2.3426
2.41 7.6468 2.3532
2.42 7.6362 2.3638
2.43 7.6256 2.3744
2.44 7.615 2.385
2.45 7.6044 2.3956
2.46 7.5938 2.4062
2.47 7.5832 2.4168
2.48 7.5726 2.4274
2.49 7.562 2.438
2.5 7.5514 2.4486
2.51 7.5408 2.4592
2.52 7.5302 2.4698
2.53 7.5196 2.4804
2.54 7.509 2.491
2.55 7.4984 2.5016
2.56 7.4878 2.5122
2.57 7.4772 2.5228
2.58 7.4666 2.5334
2.59 7.456 2.544
2.6 7.4454 2.5546
2.61 7.4348 2.5652
2.62 7.4242 2.5758
2.63 7.4136 2.5864
2.64 7.403 2.597
2.65 7.3924 2.6076
2.66 7.3818 2.6182
2.67 7.3712 2.6288
2.68 7.3606 2.6394
2.69 7.35 2.65
2.7 7.3394 2.6606
2.71 7.3288 2.6712
2.72 7.3182 2.6818
2.73 7.3076 2.6924
2.74 7.297 2.703
2.75 7.2864 2.7136
2.76 7.2758 2.7242
2.77 7.2652 2.7348
2.78 7.2546 2.7454
2.79 7.244 2.756
2.8 7.2334 2.7666
2.81 7.2228 2.7772
2.82 7.2122 2.7878
2.83 7.2016 2.7984
2.84 7.191 2.809
2.85 7.1804 2.8196
2.86 7.1698 2.8302
2.87 7.1592 2.8408
2.88 7.1486 2.8514
2.89 7.138 2.862
2.9 7.1274 2.8726
2.91 7.1168 2.8832
2.92 7.1062 2.8938
2.93 7.0956 2.9044
2.94 7.085 2.915
2.95 7.0744 2.9256
2.96 7.0638 2.9362
2.97 7.0532 2.9468
2.98 7.0426 2.9574
2.99 7.032 2.968
3.0 7.0214 2.9786
3.01 7.0108 2.9892
3.02 7.0002 2.9998
3.03 6.9896 3.0104
3.04 6.979 3.021
3.05 6.9684 3.0316
3.06 6.9578 3.0422
3.07 6.9472 3.0528
3.08 6.9366 3.0634
3.09 6.926 3.074
3.1 6.9154 3.0846
3.11 6.9048 3.0952
3.12 6.8942 3.1058
3.13 6.8836 3.1164
3.14 6.873 3.127
3.15 6.8624 3.1376
3.16 6.8518 3.1482
3.17 6.8412 3.1588
3.18 6.8306 3.1694
3.19 6.82 3.18
3.2 6.8094 3.1906
3.21 6.7988 3.2012
3.22 6.7882 3.2118
3.23 6.7776 3.2224
3.24 6.767 3.233
3.25 6.7564 3.2436
3.26 6.7458 3.2542
3.27 6.7352 3.2648
3.28 6.7246 3.2754
3.29 6.714 3.286
3.3 6.7034 3.2966
3.31 6.6928 3.3072
3.32 6.6822 3.3178
3.33 6.6716 3.3284
3.34 6.661 3.339
3.35 6.6504 3.3496
3.36 6.6398 3.3602
3.37 6.6292 3.3708
3.38 6.6186 3.3814
3.39 6.608 3.392
3.4 6.5974 3.4026
3.41 6.5868 3.4132
3.42 6.5762 3.4238
3.43 6.5656 3.4344
3.44 6.555 3.445
3.45 6.5444 3.4556
3.46 6.5338 3.4662
3.47 6.5232 3.4768
3.48 6.5126 3.4874
3.49 6.502 3.498
3.5 6.4914 3.5086
3.51 6.4808 3.5192
3.52 6.4702 3.5298
3.53 6.4596 3.5404
3.54 6.449 3.551
3.55 6.4384 3.5616
3.56 6.4278 3.5722
3.57 6.4172 3.5828
3.58 6.4066 3.5934
3.59 6.396 3.604
3.6 6.3854 3.6146
3.61 6.3748 3.6252
3.62 6.3642 3.6358
3.63 6.3536 3.6464
3.64 6.343 3.657
3.65 6.3324 3.6676
3.66 6.3218 3.6782
3.67 6.3112 3.6888
3.68 6.3006 3.6994
3.69 6.29 3.71
3.7 6.2794 3.7206
3.71 6.2688 3.7312
3.72 6.2582 3.7418
3.73 6.2476 3.7524
3.74 6.237 3.763
3.75 6.2264 3.7736
3.76 6.2158 3.7842
3.77 6.2052 3.7948
3.78 6.1946 3.8054
3.79 6.184 3.816
3.8 6.1734 3.8266
3.81 6.1628 3.8372
3.82 6.1522 3.8478
3.83 6.1416 3.8584
3.84 6.131 3.869
3.85 6.1204 3.8796
3.86 6.1098 3.8902
3.87 6.0992 3.9008
3.88 6.0886 3.9114
3.89 6.078 3.922
3.9 6.0674 3.9326
3.91 6.0568 3.9432
3.92 6.0462 3.9538
3.93 6.0356 3.9644
3.94 6.025 3.975
3.95 6.0144 3.9856
3.96 6.0038 3.9962
3.97 5.9932 4.0068
3.98 5.9826 4.0174
3.99 5.972 4.028
4.0 5.9614 4.0386
4.01 5.9508 4.0492
4.02 5.9402 4.0598
4.03 5.9296 4.0704
4.04 5.919 4.081
4.05 5.9084 4.0916
4.06 5.8978 4.1022
4.07 5.8872 4.1128
4.08 5.8766 4.1234
4.09 5.866 4.134
4.1 5.8554 4.1446
4.11 5.8448 4.1552
4.12 5.8342 4.1658
4.13 5.8236 4.1764
4.14 5.813 4.187
4.15 5.8024 4.1976
4.16 5.7918 4.2082
4.17 5.7812 4.2188
4.18 5.7706 4.2294
4.19 5.76 4.24
4.2 5.7494 4.2506
4.21 5.7388 4.2612
4.22 5.7282 4.2718
4.23 5.7176 4.2824
4.24 5.707 4.293
4.25 5.6964 4.3036
4.26 5.6858 4.3142
4.27 5.6752 4.3248
4.28 5.6646 4.3354
4.29 5.654 4.346
4.3 5.6434 4.3566
4.31 5.6328 4.3672
4.32 5.6222 4.3778
4.33 5.6116 4.3884
4.34 5.601 4.399
4.35 5.5904 4.4096
4.36 5.5798 4.4202
4.37 5.5692 4.4308
4.38 5.5586 4.4414
4.39 5.548 4.452
4.4 5.5374 4.4626
4.41 5.5268 4.4732
4.42 5.5162 4.4838
4.43 5.5056 4.4944
4.44 5.495 4.505
4.45 5.4844 4.5156
4.46 5.4738 4.5262
4.47 5.4632 4.5368
4.48 5.4526 4.5474
4.49 5.442 4.558
4.5 5.4314 4.5686
4.51 5.4208 4.5792
4.52 5.4102 4.5898
4.53 5.3996 4.6004
4.54 5.389 4.611
4.55 5.3784 4.6216
4.56 5.3678 4.6322
4.57 5.3572 4.6428
4.58 5.3466 4.6534
4.59 5.336 4.664
4.6 5.3254 4.6746
4.61 5.3148 4.6852
4.62 5.3042 4.6958
4.63 5.2936 4.7064
4.64 5.283 4.717
4.65 5.2724 4.7276
4.66 5.2618 4.7382
4.67 5.2512 4.7488
4.68 5.2406 4.7594
4.69 5.23 4.77
4.7 5.2194 4.7806
4.71 5.2088 4.7912
4.72 5.1982 4.8018
4.73 5.1876 4.8124
4.74 5.177 4.823
4.75 5.1664 4.8336
4.76 5.1558 4.8442
4.77 5.1452 4.8548
4.78 5.1346 4.8654
4.79 5.124 4.876
4.8 5.1134 4.8866
4.81 5.1028 4.8972
4.82 5.0922 4.9078
4.83 5.0816 4.9184
4.84 5.071 4.929
4.85 5.0604 4.9396
4.86 5.0498 4.9502
4.87 5.0392 4.9608
4.88 5.0286 4.9714
4.89 5.018 4.982
4.9 5.0074 4.9926
4.91 4.9968 5.0032
4.92 4.9862 5.0138
4.93 4.9756 5.0244
4.94 4.965 5.035
4.95 4.9544 5.0456
4.96 4.9438 5.0562
4.97 4.9332 5.0668
4.98 4.9226 5.0774
4.99 4.912 5.088
5.0 4.9014 5.0986
5.01 4.8908 5.1092
5.02 4.8802 5.1198
5.03 4.8696 5.1304
5.04 4.859 5.141
5.05 4.8484 5.1516
5.06 4.8378 5.1622
5.07 4.8272 5.1728
5.08 4.8166 5.1834
5.09 4.806 5.194
5.1 4.7954 5.2046
5.11 4.7848 5.2152
5.12 4.7742 5.2258
5.13 4.7636 5.2364
5.14 4.753 5.247
5.15 4.7424 5.2576
5.16 4.7318 5.2682
5.17 4.7212 5.2788
5.18 4.7106 5.2894
5.19 4.7 5.3
5.2 4.6894 5.3106
5.21 4.6788 5.3212
5.22 4.6682 5.3318
5.23 4.6576 5.3424
5.24 4.647 5.353
5.25 4.6364 5.3636
5.26 4.6258 5.3742
5.27 4.6152 5.3848
5.28 4.6046 5.3954
5.29 4.594 5.406
5.3 4.5834 5.4166
5.31 4.5728 5.4272
5.32 4.5622 5.4378
5.33 4.5516 5.4484
5.34 4.541 5.459
5.35 4.5304 5.4696
5.36 4.5198 5.4802
5.37 4.5092 5.4908
5.38 4.4986 5.5014
5.39 4.488 5.512
5.4 4.4774 5.5226
5.41 4.4668 5.5332
5.42 4.4562 5.5438
5.43 4.4456 5.5544
5.44 4.435 5.565
5.45 4.4244 5.5756
5.46 4.4138 5.5862
5.47 4.4032 5.5968
5.48 4.3926 5.6074
5.49 4.382 5.618
5.5 4.3714 5.6286
5.51 4.3608 5.6392
5.52 4.3502 5.6498
5.53 4.3396 5.6604
5.54 4.329 5.671
5.55 4.3184 5.6816
5.56 4.3078 5.6922
5.57 4.2972 5.7028
5.58 4.2866 5.7134
5.59 4.276 5.724
5.6 4.2654 5.7346
5.61 4.2548 5.7452
5.62 4.2442 5.7558
5.63 4.2336 5.7664
5.64 4.223 5.777
5.65 4.2124 5.7876
5.66 4.2018 5.7982
5.67 4.1912 5.8088
5.68 4.1806 5.8194
5.69 4.17 5.83
5.7 4.1594 5.8406
5.71 4.1488 5.8512
5.72 4.1382 5.8618
5.73 4.1276 5.8724
5.74 4.117 5.883
5.75 4.1064 5.8936
5.76 4.0958 5.9042
5.77 4.0852 5.9148
5.78 4.0746 5.9254
5.79 4.064 5.936
5.8 4.0534 5.9466
5.81 4.0428 5.9572
5.82 4.0322 5.9678
5.83 4.0216 5.9784
5.84 4.011 5.989
5.85 4.0004 5.9996
5.86 3.9898 6.0102
5.87 3.9792 6.0208
5.88 3.9686 6.0314
5.89 3.958 6.042
5.9 3.9474 6.0526
5.91 3.9368 6.0632
5.92 3.9262 6.0738
5.93 3.9156 6.0844
5.94 3.905 6.095
5.95 3.8944 6.1056
5.96 3.8838 6.1162
5.97 3.8732 6.1268
5.98 3.8626 6.1374
5.99 3.852 6.148
6.0 3.8414 6.1586
6.01 3.8308 6.1692
6.02 3.8202 6.1798
6.03 3.8096 6.1904
6.04 3.799 6.201
6.05 3.7884 6.2116
6.06 3.7778 6.2222
6.07 3.7672 6.2328
6.08 3.7566 6.2434
6.09 3.746 6.254
6.1 3.7354 6.2646
6.11 3.7248 6.2752
6.12 3.7142 6.2858
6.13 3.7036 6.2964
6.14 3.693 6.307
6.15 3.6824 6.3176
6.16 3.6718 6.3282
6.17 3.6612 6.3388
6.18 3.6506 6.3494
6.19 3.64 6.36
6.2 3.6294 6.3706
6.21 3.6188 6.3812
6.22 3.6082 6.3918
6.23 3.5976 6.4024
6.24 3.587 6.413
6.25 3.5764 6.4236
6.26 3.5658 6.4342
6.27 3.5552 6.4448
6.28 3.5446 6.4554
6.29 3.534 6.466
6.3 3.5234 6.4766
6.31 3.5128 6.4872
6.32 3.5022 6.4978
6.33 3.4916 6.5084
6.34 3.481 6.519
6.35 3.4704 6.5296
6.36 3.4598 6.5402
6.37 3.4492 6.5508
6.38 3.4386 6.5614
6.39 3.428 6.572
6.4 3.4174 6.5826
6.41 3.4068 6.5932
6.42 3.3962 6.6038
6.43 3.3856 6.6144
6.44 3.375 6.625
6.45 3.3644 6.6356
6.46 3.3538 6.6462
6.47 3.3432 6.6568
6.48 3.3326 6.6674
6.49 3.322 6.678
6.5 3.3114 6.6886
6.51 3.3008 6.6992
6.52 3.2902 6.7098
6.53 3.2796 6.7204
6.54 3.269 6.731
6.55 3.2584 6.7416
6.56 3.2478 6.7522
6.57 3.2372 6.7628
6.58 3.2266 6.7734
6.59 3.216 6.784
6.6 3.2054 6.7946
6.61 3.1948 6.8052
6.62 3.1842 6.8158
6.63 3.1736 6.8264
6.64 3.163 6.837
6.65 3.1524 6.8476
6.66 3.1418 6.8582
6.67 3.1312 6.8688
6.68 3.1206 6.8794
6.69 3.11 6.89
6.7 3.0994 6.9006
6.71 3.0888 6.9112
6.72 3.0782 6.9218
6.73 3.0676 6.9324
6.74 3.057 6.943
6.75 3.0464 6.9536
6.76 3.0358 6.9642
6.77 3.0252 6.9748
6.78 3.0146 6.9854
6.79 3.004 6.996
6.8 2.9934 7.0066
6.81 2.9828 7.0172
6.82 2.9722 7.0278
6.83 2.9616 7.0384
6.84 2.951 7.049
6.85 2.9404 7.0596
6.86 2.9298 7.0702
6.87 2.9192 7.0808
6.88 2.9086 7.0914
6.89 2.898 7.102
6.9 2.8874 7.1126
6.91 2.8768 7.1232
6.92 2.8662 7.1338
6.93 2.8556 7.1444
6.94 2.845 7.155
6.95 2.8344 7.1656
6.96 2.8238 7.1762
6.97 2.8132 7.1868
6.98 2.8026 7.1974
6.99 2.792 7.208
7.0 2.7814 7.2186
7.01 2.7708 7.2292
7.02 2.7602 7.2398
7.03 2.7496 7.2504
7.04 2.739 7.261
7.05 2.7284 7.2716
7.06 2.7178 7.2822
7.07 2.7072 7.2928
7.08 2.6966 7.3034
7.09 2.686 7.314
7.1 2.6754 7.3246
7.11 2.6648 7.3352
7.12 2.6542 7.3458
7.13 2.6436 7.3564
7.14 2.633 7.367
7.15 2.6224 7.3776
7.16 2.6118 7.3882
7.17 2.6012 7.3988
7.18 2.5906 7.4094
7.19 2.58 7.42
7.2 2.5694 7.4306
7.21 2.5588 7.4412
7.22 2.5482 7.4518
7.23 2.5376 7.4624
7.24 2.527 7.473
7.25 2.5164 7.4836
7.26 2.5058 7.4942
7.27 2.4952 7.5048
7.28 2.4846 7.5154
7.29 2.474 7.526
7.3 2.4634 7.5366
7.31 2.4528 7.5472
7.32 2.4422 7.5578
7.33 2.4316 7.5684
7.34 2.421 7.579
7.35 2.4104 7.5896
7.36 2.3998 7.6002
7.37 2.3892 7.6108
7.38 2.3786 7.6214
7.39 2.368 7.632
7.4 2.3574 7.6426
7.41 2.3468 7.6532
7.42 2.3362 7.6638
7.43 2.3256 7.6744
7.44 2.315 7.685
7.45 2.3044 7.6956
7.46 2.2938 7.7062
7.47 2.2832 7.7168
7.48 2.2726 7.7274
7.49 2.262 7.738
7.5 2.2514 7.7486
7.51 2.2408 7.7592
7.52 2.2302 7.7698
7.53 2.2196 7.7804
7.54 2.209 7.791
7.55 2.1984 7.8016
7.56 2.1878 7.8122
7.57 2.1772 7.8228
7.58 2.1666 7.8334
7.59 2.156 7.844
7.6 2.1454 7.8546
7.61 2.1348 7.8652
7.62 2.1242 7.8758
7.63 2.1136 7.8864
7.64 2.103 7.897
7.65 2.0924 7.9076
7.66 2.0818 7.9182
7.67 2.0712 7.9288
7.68 2.0606 7.9394
7.69 2.05 7.95
7.7 2.0394 7.9606
7.71 2.0288 7.9712
7.72 2.0182 7.9818
7.73 2.0076 7.9924
7.74 1.997 8.003
7.75 1.9864 8.0136
7.76 1.9758 8.0242
7.77 1.9652 8.0348
7.78 1.9546 8.0454
7.79 1.944 8.056
7.8 1.9334 8.0666
7.81 1.9228 8.0772
7.82 1.9122 8.0878
7.83 1.9016 8.0984
7.84 1.891 8.109
7.85 1.8804 8.1196
7.86 1.8698 8.1302
7.87 1.8592 8.1408
7.88 1.8486 8.1514
7.89 1.838 8.162
7.9 1.8274 8.1726
7.91 1.8168 8.1832
7.92 1.8062 8.1938
7.93 1.7956 8.2044
7.94 1.785 8.215
7.95 1.7744 8.2256
7.96 1.7638 8.2362
7.97 1.7532 8.2468
7.98 1.7426 8.2574
7.99 1.732 8.268
8.0 1.7214 8.2786
8.01 1.7108 8.2892
8.02 1.7002 8.2998
8.03 1.6896 8.3104
8.04 1.679 8.321
8.05 1.6684 8.3316
8.06 1.6578 8.3422
8.07 1.6472 8.3528
8.08 1.6366 8.3634
8.09 1.626 8.374
8.1 1.6154 8.3846
8.11 1.6048 8.3952
8.12 1.5942 8.4058
8.13 1.5836 8.4164
8.14 1.573 8.427
8.15 1.5624 8.4376
8.16 1.5518 8.4482
8.17 1.5412 8.4588
8.18 1.5306 8.4694
8.19 1.52 8.48
8.2 1.5094 8.4906
8.21 1.4988 8.5012
8.22 1.4882 8.5118
8.23 1.4776 8.5224
8.24 1.467 8.533
8.25 1.4564 8.5436
8.26 1.4458 8.5542
8.27 1.4352 8.5648
8.28 1.4246 8.5754
8.29 1.414 8.586
8.3 1.4034 8.5966
8.31 1.3928 8.6072
8.32 1.3822 8.6178
8.33 1.3716 8.6284
8.34 1.361 8.639
8.35 1.3504 8.6496
8.36 1.3398 8.6602
8.37 1.3292 8.6708
8.38 1.3186 8.6814
8.39 1.308 8.692
8.4 1.2974 8.7026
8.41 1.2868 8.7132
8.42 1.2762 8.7238
8.43 1.2656 8.7344
8.44 1.255 8.745
8.45 1.2444 8.7556
8.46 1.2338 8.7662
8.47 1.2232 8.7768
8.48 1.2126 8.7874
8.49 1.202 8.798
8.5 1.1914 8.8086
8.51 1.1808 8.8192
8.52 1.1702 8.8298
8.53 1.1596 8.8404
8.54 1.149 8.851
8.55 1.1384 8.8616
8.56 1.1278 8.8722
8.57 1.1172 8.8828
8.58 1.1066 8.8934
8.59 1.096 8.904
8.6 1.0854 8.9146
8.61 1.0748 8.9252
8.62 1.0642 8.9358
8.63 1.0536 8.9464
8.64 1.043 8.957
8.65 1.0324 8.9676
8.66 1.0218 8.9782
8.67 1.0112 8.9888
8.68 1.0006 8.9994
8.69 0.99 9.01
8.7 0.9794 9.0206
8.71 0.9688 9.0312
8.72 0.9582 9.0418
8.73 0.9476 9.0524
8.74 0.937 9.063
8.75 0.9264 9.0736
8.76 0.9158 9.0842
8.77 0.9052 9.0948
8.78 0.8946 9.1054
8.79 0.884 9.116
8.8 0.8734 9.1266
8.81 0.8628 9.1372
8.82 0.8522 9.1478
8.83 0.8416 9.1584
8.84 0.831 9.169
8.85 0.8204 9.1796
8.86 0.8098 9.1902
8.87 0.7992 9.2008
8.88 0.7886 9.2114
8.89 0.778 9.222
8.9 0.7674 9.2326
8.91 0.7568 9.2432
8.92 0.7462 9.2538
8.93 0.7356 9.2644
8.94 0.725 9.275
8.95 0.7144 9.2856
8.96 0.7038 9.2962
8.97 0.6932 9.3068
8.98 0.6826 9.3174
8.99 0.672 9.328
9.0 0.6614 9.3386
9.01 0.6508 9.3492
9.02 0.6402 9.3598
9.03 0.6296 9.3704
9.04 0.619 9.381
9.05 0.6084 9.3916
9.06 0.5978 9.4022
9.07 0.5872 9.4128
9.08 0.5766 9.4234
9.09 0.566 9.434
9.1 0.5554 9.4446
9.11 0.5448 9.4552
9.12 0.5342 9.4658
9.13 0.5236 9.4764
9.14 0.513 9.487
9.15 0.5024 9.4976
9.16 0.4918 9.5082
9.17 0.4812 9.5188
9.18 0.4706 9.5294
9.19 0.46 9.54
9.2 0.4494 9.5506
9.21 0.4388 9.5612
9.22 0.4282 9.5718
9.23 0.4176 9.5824
9.24 0.407 9.593
9.25 0.3964 9.6036
9.26 0.3858 9.6142
9.27 0.3752 9.6248
9.28 0.3646 9.6354
9.29 0.354 9.646
9.3 0.3434 9.6566
9.31 0.3328 9.6672
9.32 0.3222 9.6778
9.33 0.3116 9.6884
9.34 0.301 9.699
9.35 0.2904 9.7096
9.36 0.2798 9.7202
9.37 0.2692 9.7308
9.38 0.2586 9.7414
9.39 0.248 9.752
9.4 0.2374 9.7626
9.41 0.2268 9.7732
9.42 0.2162 9.7838
9.43 0.2056 9.7944
9.44 0.195 9.805
9.45 0.1844 9.8156
9.46 0.1738 9.8262
9.47 0.1632 9.8368
9.48 0.1526 9.8474
9.49 0.142 9.858
9.5 0.1314 9.8686
9.51 0.1208 9.8792
9.52 0.1102 9.8898
9.53 0.0996 9.9004
9.54 0.089 9.911
9.55 0.0784 9.9216
9.56 0.0678 9.9322
9.57 0.0572 9.9428
9.58 0.0466 9.9534
9.59 0.036 9.964
9.6 0.0254 9.9746
9.61 0.0148 9.9852
9.62 0.0042 9.9958
