0.35 5.015 0.0
0.36 5.03 0.0
0.37 5.045 0.0
0.38 5.06 0.0
0.39 5.075 0.0
0.4 5.09 0.0
0.41 5.105 0.0
0.42 5.12 0.0
0.43 5.135 0.0
0.44 5.15 0.0
0.45 5.165 0.0
0.46 5.18 0.0
0.47 5.195 0.0
0.48 5.21 0.0
0.49 5.225 0.0
0.5 5.24 0.0
0.51 5.255 0.0
0.52 5.27 0.0
0.53 5.285 0.0
0.54 5.3 0.0
0.55 5.315 0.0
0.56 5.33 0.0
0.57 5.345 0.0
0.58 5.36 0.0
0.59 5.375 0.0
0.6 5.39 0.0
0.61 5.405 0.0
0.62 5.42 0.0
0.63 5.435 0.0
0.64 5.45 0.0
0.65 5.465 0.0
0.66 5.48 0.0
0.67 5.495 0.0
0.68 5.51 0.0
0.69 5.525 0.0
0.7 5.54 0.0
0.71 5.555 0.0
0.72 5.57 0.0
0.73 5.585 0.0
0.74 5.6 0.0
0.75 5.615 0.0
0.76 5.63 0.0
0.77 5.645 0.0
0.78 5.66 0.0
0.79 5.675 0.0
0.8 5.69 0.0
0.81 5.705 0.0
0.82 5.72 0.0
0.83 5.735 0.0
0.84 5.75 0.0
0.85 5.765 0.0
0.86 5.78 0.0
0.87 5.795 0.0
0.88 5.81 0.0
0.89 5.825 0.0
0.9 5.84 0.0
0.91 5.855 0.0
0.92 5.87 0.0
0.93 5.885 0.0
0.94 5.9 0.0
0.95 5.915 0.0
0.96 5.93 0.0
0.97 5.945 0.0
0.98 5.96 0.0
0.99 5.975 0.0
1.0 5.99 0.0
1.01 6.005 0.0
1.02 6.02 0.0
1.03 6.035 0.0
1.04 6.05 0.0
1.05 6.065 0.0
1.06 6.08 0.0
1.07 6.095 0.0
1.08 6.11 0.0
1.09 6.125 0.0
1.1 6.14 0.0
1.11 6.155 0.0
1.12 6.17 0.0
1.13 6.185 0.0
1.14 6.2 0.0
1.15 6.215 0.0
1.16 6.23 0.0
1.17 6.245 0.0
1.18 6.26 0.0
1.19 6.275 0.0
1.2 6.29 0.0
1.21 6.305 0.0
1.22 6.32 0.0
1.23 6.335 0.0
1.24 6.35 0.0
1.25 6.365 0.0
1.26 6.38 0.0
1.27 6.395 0.0
1.28 6.41 0.0
1.29 6.425 0.0
1.3 6.44 0.0
1.31 6.455 0.0
1.32 6.47 0.0
1.33 6.485 0.0
1.34 6.5 0.0
1.35 6.515 0.0
1.36 6.53 0.0
1.37 6.545 0.0
1.38 6.56 0.0
1.39 6.575 0.0
1.4 6.59 0.0
1.41 6.605 0.0
1.42 6.62 0.0
1.43 6.635 0.0
1.44 6.65 0.0
1.45 6.665 0.0
1.46 6.68 0.0
1.47 6.695 0.0
1.48 6.71 0.0
1.49 6.725 0.0
1.5 6.74 0.0
1.51 6.755 0.0
1.52 6.77 0.0
1.53 6.785 0.0
1.54 6.8 0.0
1.55 6.815 0.0
1.56 6.83 0.0
1.57 6.845 0.0
1.58 6.86 0.0
1.59 6.875 0.0
1.6 6.89 0.0
1.61 6.905 0.0
1.62 6.92 0.0
1.63 6.935 0.0
1.64 6.95 0.0
1.65 6.965 0.0
1.66 6.98 0.0
1.67 6.995 0.0
1.68 7.01 0.0
1.69 7.025 0.0
1.7 7.04 0.0
1.71 7.055 0.0
1.72 7.07 0.0
1.73 7.085 0.0
1.74 7.1 0.0
1.75 7.115 0.0
1.76 7.13 0.0
1.77 7.145 0.0
1.78 7.16 0.0
1.79 7.175 0.0
1.8 7.19 0.0
1.81 7.205 0.0
1.82 7.22 0.0
1.83 7.235 0.0
1.84 7.25 0.0
1.85 7.265 0.0
1.86 7.28 0.0
1.87 7.295 0.0
1.88 7.31 0.0
1.89 7.325 0.0
1.9 7.34 0.0
1.91 7.355 0.0
1.92 7.37 0.0
1.93 7.385 0.0
1.94 7.4 0.0
1.95 7.415 0.0
1.96 7.43 0.0
1.97 7.445 0.0
1.98 7.46 0.0
1.99 7.475 0.0
2.0 7.49 0.0
2.01 7.505 0.0
2.02 7.52 0.0
2.03 7.535 0.0
2.04 7.55 0.0
2.05 7.565 0.0
2.06 7.58 0.0
2.07 7.595 0.0
2.08 7.61 0.0
2.09 7.625 0.0
2.1 7.64 0.0
2.11 7.655 0.0
2.12 7.67 0.0
2.13 7.685 0.0
2.14 7.7 0.0
2.15 7.715 0.0
2.16 7.73 0.0
2.17 7.745 0.0
2.18 7.76 0.0
2.19 7.775 0.0
2.2 7.79 0.0
2.21 7.805 0.0
2.22 7.82 0.0
2.23 7.835 0.0
2.24 7.85 0.0
2.25 7.865 0.0
2.26 7.88 0.0
2.27 7.895 0.0
2.28 7.91 0.0
2.29 7.925 0.0
2.3 7.94 0.0
2.31 7.955 0.0
2.32 7.97 0.0
2.33 7.985 0.0
2.34 8.0 0.0
2.35 8.015 0.0
2.36 8.03 0.0
2.37 8.045 0.0
2.38 8.06 0.0
2.39 8.075 0.0
2.4 8.09 0.0
2.41 8.105 0.0
2.42 8.12 0.0
2.43 8.135 0.0
2.44 8.15 0.0
2.45 8.165 0.0
2.46 8.18 0.0
2.47 8.195 0.0
2.48 8.21 0.0
2.49 8.225 0.0
2.5 8.24 0.0
2.51 8.255 0.0
2.52 8.27 0.0
2.53 8.285 0.0
2.54 8.3 0.0
2.55 8.315 0.0
2.56 8.33 0.0
2.57 8.345 0.0
2.58 8.36 0.0
2.59 8.375 0.0
2.6 8.39 0.0
2.61 8.405 0.0
2.62 8.42 0.0
2.63 8.435 0.0
2.64 8.45 0.0
2.65 8.465 0.0
2.66 8.48 0.0
2.67 8.495 0.0
2.68 8.51 0.0
2.69 8.525 0.0
2.7 8.54 0.0
2.71 8.555 0.0
2.72 8.57 0.0
2.73 8.585 0.0
2.74 8.6 0.0
2.75 8.615 0.0
2.76 8.63 0.0
2.77 8.645 0.0
2.78 8.66 0.0
2.79 8.675 0.0
2.8 8.69 0.0
2.81 8.705 0.0
2.82 8.72 0.0
2.83 8.735 0.0
2.84 8.75 0.0
2.85 8.765 0.0
2.86 8.78 0.0
2.87 8.795 0.0
2.88 8.81 0.0
2.89 8.825 0.0
2.9 8.84 0.0
2.91 8.855 0.0
2.92 8.87 0.0
2.93 8.885 0.0
2.94 8.9 0.0
2.95 8.915 0.0
2.96 8.93 0.0
2.97 8.945 0.0
2.98 8.96 0.0
2.99 8.975 0.0
3.0 8.99 0.0
3.01 9.005 0.0
3.02 9.02 0.0
3.03 9.035 0.0
3.04 9.05 0.0
3.05 9.065 0.0
3.06 9.08 0.0
3.07 9.095 0.0
3.08 9.11 0.0
3.09 9.125 0.0
3.1 9.14 0.0
3.11 9.155 0.0
3.12 9.17 0.0
3.13 9.185 0.0
3.14 9.2 0.0
3.15 9.215 0.0
3.16 9.23 0.0
3.17 9.245 0.0
3.18 9.26 0.0
3.19 9.275 0.0
3.2 9.29 0.0
3.21 9.305 0.0
3.22 9.32 0.0
3.23 9.335 0.0
3.24 9.35 0.0
3.25 9.365 0.0
3.26 9.38 0.0
3.27 9.395 0.0
3.28 9.41 0.0
3.29 9.425 0.0
3.3 9.44 0.0
3.31 9.455 0.0
3.32 9.47 0.0
3.33 9.485 0.0
3.34 9.5 0.0
3.35 9.515 0.0
3.36 9.53 0.0
3.37 9.545 0.0
3.38 9.56 0.0
3.39 9.575 0.0
3.4 9.59 0.0
3.41 9.605 0.0
3.42 9.62 0.0
3.43 9.635 0.0
3.44 9.65 0.0
3.45 9.665 0.0
3.46 9.68 0.0
3.47 9.695 0.0
3.48 9.71 0.0
3.49 9.725 0.0
3.5 9.74 0.0
3.51 9.755 0.0
3.52 9.77 0.0
3.53 9.785 0.0
3.54 9.8 0.0
3.55 9.815 0.0
3.56 9.83 0.0
3.57 9.845 0.0
3.58 9.86 0.0
3.59 9.875 0.0
3.6 9.89 0.0
3.61 9.905 0.0
3.62 9.92 0.0
3.63 9.935 0.0
3.64 9.95 0.0
3.65 9.965 0.0
3.66 9.98 0.0
3.67 9.995 0.0
3.68 10.01 0.0
