0.46 0.0134 0.0067
0.47 0.0268 0.0134
0.48 0.0402 0.0201
0.49 0.0536 0.0268
0.5 0.067 0.0335
0.51 0.0804 0.0402
0.52 0.0938 0.0469
0.53 0.1072 0.0536
0.54 0.1206 0.0603
0.55 0.134 0.067
0.56 0.1474 0.0737
0.57 0.1608 0.0804
0.58 0.1742 0.0871
0.59 0.1876 0.0938
0.6 0.201 0.1005
0.61 0.2144 0.1072
0.62 0.2278 0.1139
0.63 0.2412 0.1206
0.64 0.2546 0.1273
0.65 0.268 0.134
0.66 0.2814 0.1407
0.67 0.2948 0.1474
0.68 0.3082 0.1541
0.69 0.3216 0.1608
0.7 0.335 0.1675
0.71 0.3484 0.1742
0.72 0.3618 0.1809
0.73 0.3752 0.1876
0.74 0.3886 0.1943
0.75 0.402 0.201
0.76 0.4154 0.2077
0.77 0.4288 0.2144
0.78 0.4422 0.2211
0.79 0.4556 0.2278
0.8 0.469 0.2345
0.81 0.4824 0.2412
0.82 0.4958 0.2479
0.83 0.5092 0.2546
0.84 0.5226 0.2613
0.85 0.536 0.268
0.86 0.5494 0.2747
0.87 0.5628 0.2814
0.88 0.5762 0.2881
0.89 0.5896 0.2948
0.9 0.603 0.3015
0.91 0.6164 0.3082
0.92 0.6298 0.3149
0.93 0.6432 0.3216
0.94 0.6566 0.3283
0.95 0.67 0.335
0.96 0.6834 0.3417
0.97 0.6968 0.3484
0.98 0.7102 0.3551
0.99 0.7236 0.3618
1.0 0.737 0.3685
1.01 0.7504 0.3752
1.02 0.7638 0.3819
1.03 0.7772 0.3886
1.04 0.7906 0.3953
1.05 0.804 0.402
1.06 0.8174 0.4087
1.07 0.8308 0.4154
1.08 0.8442 0.4221
1.09 0.8576 0.4288
1.1 0.871 0.4355
1.11 0.8844 0.4422
1.12 0.8978 0.4489
1.13 0.9112 0.4556
1.14 0.9246 0.4623
1.15 0.938 0.469
1.16 0.9514 0.4757
1.17 0.9648 0.4824
1.18 0.9782 0.4891
1.19 0.9916 0.4958
1.2 1.005 0.5025
1.21 1.0184 0.5092
1.22 1.0318 0.5159
1.23 1.0452 0.5226
1.24 1.0586 0.5293
1.25 1.072 0.536
1.26 1.0854 0.5427
1.27 1.0988 0.5494
1.28 1.1122 0.5561
1.29 1.1256 0.5628
1.3 1.139 0.5695
1.31 1.1524 0.5762
1.32 1.1658 0.5829
1.33 1.1792 0.5896
1.34 1.1926 0.5963
1.35 1.206 0.603
1.36 1.2194 0.6097
1.37 1.2328 0.6164
1.38 1.2462 0.6231
1.39 1.2596 0.6298
1.4 1.273 0.6365
1.41 1.2864 0.6432
1.42 1.2998 0.6499
1.43 1.3132 0.6566
1.44 1.3266 0.6633
1.45 1.34 0.67
1.46 1.3534 0.6767
1.47 1.3668 0.6834
1.48 1.3802 0.6901
1.49 1.3936 0.6968
1.5 1.407 0.7035
1.51 1.4204 0.7102
1.52 1.4338 0.7169
1.53 1.4472 0.7236
1.54 1.4606 0.7303
1.55 1.474 0.737
1.56 1.4874 0.7437
1.57 1.5008 0.7504
1.58 1.5142 0.7571
1.59 1.5276 0.7638
1.6 1.541 0.7705
1.61 1.5544 0.7772
1.62 1.5678 0.7839
1.63 1.5812 0.7906
1.64 1.5946 0.7973
1.65 1.608 0.804
1.66 1.6214 0.8107
1.67 1.6348 0.8174
1.68 1.6482 0.8241
1.69 1.6616 0.8308
1.7 1.675 0.8375
1.71 1.6884 0.8442
1.72 1.7018 0.8509
1.73 1.7152 0.8576
1.74 1.7286 0.8643
1.75 1.742 0.871
1.76 1.7554 0.8777
1.77 1.7688 0.8844
1.78 1.7822 0.8911
1.79 1.7956 0.8978
1.8 1.809 0.9045
1.81 1.8224 0.9112
1.82 1.8358 0.9179
1.83 1.8492 0.9246
1.84 1.8626 0.9313
1.85 1.876 0.938
1.86 1.8894 0.9447
1.87 1.9028 0.9514
1.88 1.9162 0.9581
1.89 1.9296 0.9648
1.9 1.943 0.9715
1.91 1.9564 0.9782
1.92 1.9698 0.9849
1.93 1.9832 0.9916
1.94 1.9966 0.9983
1.95 2.01 1.005
1.96 2.0234 1.0117
1.97 2.0368 1.0184
1.98 2.0502 1.0251
1.99 2.0636 1.0318
2.0 2.077 1.0385
2.01 2.0904 1.0452
2.02 2.1038 1.0519
2.03 2.1172 1.0586
2.04 2.1306 1.0653
2.05 2.144 1.072
2.06 2.1574 1.0787
2.07 2.1708 1.0854
2.08 2.1842 1.0921
2.09 2.1976 1.0988
2.1 2.211 1.1055
2.11 2.2244 1.1122
2.12 2.2378 1.1189
2.13 2.2512 1.1256
2.14 2.2646 1.1323
2.15 2.278 1.139
2.16 2.2914 1.1457
2.17 2.3048 1.1524
2.18 2.3182 1.1591
2.19 2.3316 1.1658
2.2 2.345 1.1725
2.21 2.3584 1.1792
2.22 2.3718 1.1859
2.23 2.3852 1.1926
2.24 2.3986 1.1993
2.25 2.412 1.206
2.26 2.4254 1.2127
2.27 2.4388 1.2194
2.28 2.4522 1.2261
2.29 2.4656 1.2328
2.3 2.479 1.2395
2.31 2.4924 1.2462
2.32 2.5058 1.2529
2.33 2.5192 1.2596
2.34 2.5326 1.2663
2.35 2.546 1.273
2.36 2.5594 1.2797
2.37 2.5728 1.2864
2.38 2.5862 1.2931
2.39 2.5996 1.2998
2.4 2.613 1.3065
2.41 2.6264 1.3132
2.42 2.6398 1.3199
2.43 2.6532 1.3266
2.44 2.6666 1.3333
2.45 2.68 1.34
2.46 2.6934 1.3467
2.47 2.7068 1.3534
2.48 2.7202 1.3601
2.49 2.7336 1.3668
2.5 2.747 1.3735
2.51 2.7604 1.3802
2.52 2.7738 1.3869
2.53 2.7872 1.3936
2.54 2.8006 1.4003
2.55 2.814 1.407
2.56 2.8274 1.4137
2.57 2.8408 1.4204
2.58 2.8542 1.4271
2.59 2.8676 1.4338
2.6 2.881 1.4405
2.61 2.8944 1.4472
2.62 2.9078 1.4539
2.63 2.9212 1.4606
2.64 2.9346 1.4673
2.65 2.948 1.474
2.66 2.9614 1.4807
2.67 2.9748 1.4874
2.68 2.9882 1.4941
2.69 3.0016 1.5008
2.7 3.015 1.5075
2.71 3.0284 1.5142
2.72 3.0418 1.5209
2.73 3.0552 1.5276
2.74 3.0686 1.5343
2.75 3.082 1.541
2.76 3.0954 1.5477
2.77 3.1088 1.5544
2.78 3.1222 1.5611
2.79 3.1356 1.5678
2.8 3.149 1.5745
2.81 3.1624 1.5812
2.82 3.1758 1.5879
2.83 3.1892 1.5946
2.84 3.2026 1.6013
2.85 3.216 1.608
2.86 3.2294 1.6147
2.87 3.2428 1.6214
2.88 3.2562 1.6281
2.89 3.2696 1.6348
2.9 3.283 1.6415
2.91 3.2964 1.6482
2.92 3.3098 1.6549
2.93 3.3232 1.6616
2.94 3.3366 1.6683
2.95 3.35 1.675
2.96 3.3634 1.6817
2.97 3.3768 1.6884
2.98 3.3902 1.6951
2.99 3.4036 1.7018
3.0 3.417 1.7085
3.01 3.4304 1.7152
3.02 3.4438 1.7219
3.03 3.4572 1.7286
3.04 3.4706 1.7353
3.05 3.484 1.742
3.06 3.4974 1.7487
3.07 3.5108 1.7554
3.08 3.5242 1.7621
3.09 3.5376 1.7688
3.1 3.551 1.7755
3.11 3.5644 1.7822
3.12 3.5778 1.7889
3.13 3.5912 1.7956
3.14 3.6046 1.8023
3.15 3.618 1.809
3.16 3.6314 1.8157
3.17 3.6448 1.8224
3.18 3.6582 1.8291
3.19 3.6716 1.8358
3.2 3.685 1.8425
3.21 3.6984 1.8492
3.22 3.7118 1.8559
3.23 3.7252 1.8626
3.24 3.7386 1.8693
3.25 3.752 1.876
3.26 3.7654 1.8827
3.27 3.7788 1.8894
3.28 3.7922 1.8961
3.29 3.8056 1.9028
3.3 3.819 1.9095
3.31 3.8324 1.9162
3.32 3.8458 1.9229
3.33 3.8592 1.9296
3.34 3.8726 1.9363
3.35 3.886 1.943
3.36 3.8994 1.9497
3.37 3.9128 1.9564
3.38 3.9262 1.9631
3.39 3.9396 1.9698
3.4 3.953 1.9765
3.41 3.9664 1.9832
3.42 3.9798 1.9899
3.43 3.9932 1.9966
3.44 4.0066 2.0033
3.45 4.02 2.01
3.46 4.0334 2.0167
3.47 4.0468 2.0234
3.48 4.0602 2.0301
3.49 4.0736 2.0368
3.5 4.087 2.0435
3.51 4.1004 2.0502
3.52 4.1138 2.0569
3.53 4.1272 2.0636
3.54 4.1406 2.0703
3.55 4.154 2.077
3.56 4.1674 2.0837
3.57 4.1808 2.0904
3.58 4.1942 2.0971
3.59 4.2076 2.1038
3.6 4.221 2.1105
3.61 4.2344 2.1172
3.62 4.2478 2.1239
3.63 4.2612 2.1306
3.64 4.2746 2.1373
3.65 4.288 2.144
3.66 4.3014 2.1507
3.67 4.3148 2.1574
3.68 4.3282 2.1641
3.69 4.3416 2.1708
3.7 4.355 2.1775
3.71 4.3684 2.1842
3.72 4.3818 2.1909
3.73 4.3952 2.1976
3.74 4.4086 2.2043
3.75 4.422 2.211
3.76 4.4354 2.2177
3.77 4.4488 2.2244
3.78 4.4622 2.2311
3.79 4.4756 2.2378
3.8 4.489 2.2445
3.81 4.5024 2.2512
3.82 4.5158 2.2579
3.83 4.5292 2.2646
3.84 4.5426 2.2713
3.85 4.556 2.278
3.86 4.5694 2.2847
3.87 4.5828 2.2914
3.88 4.5962 2.2981
3.89 4.6096 2.3048
3.9 4.623 2.3115
3.91 4.6364 2.3182
3.92 4.6498 2.3249
3.93 4.6632 2.3316
3.94 4.6766 2.3383
3.95 4.69 2.345
3.96 4.7034 2.3517
3.97 4.7168 2.3584
3.98 4.7302 2.3651
3.99 4.7436 2.3718
4.0 4.757 2.3785
4.01 4.7704 2.3852
4.02 4.7838 2.3919
4.03 4.7972 2.3986
4.04 4.8106 2.4053
4.05 4.824 2.412
4.06 4.8374 2.4187
4.07 4.8508 2.4254
4.08 4.8642 2.4321
4.09 4.8776 2.4388
4.1 4.891 2.4455
4.11 4.9044 2.4522
4.12 4.9178 2.4589
4.13 4.9312 2.4656
4.14 4.9446 2.4723
4.15 4.958 2.479
4.16 4.9714 2.4857
4.17 4.9848 2.4924
4.18 4.9982 2.4991
4.19 5.0116 2.5058
4.2 5.025 2.5125
4.21 5.0384 2.5192
4.22 5.0518 2.5259
4.23 5.0652 2.5326
4.24 5.0786 2.5393
4.25 5.092 2.546
4.26 5.1054 2.5527
4.27 5.1188 2.5594
4.28 5.1322 2.5661
4.29 5.1456 2.5728
4.3 5.159 2.5795
4.31 5.1724 2.5862
4.32 5.1858 2.5929
4.33 5.1992 2.5996
4.34 5.2126 2.6063
4.35 5.226 2.613
4.36 5.2394 2.6197
4.37 5.2528 2.6264
4.38 5.2662 2.6331
4.39 5.2796 2.6398
4.4 5.293 2.6465
4.41 5.3064 2.6532
4.42 5.3198 2.6599
4.43 5.3332 2.6666
4.44 5.3466 2.6733
4.45 5.36 2.68
4.46 5.3734 2.6867
4.47 5.3868 2.6934
4.48 5.4002 2.7001
4.49 5.4136 2.7068
4.5 5.427 2.7135
4.51 5.4404 2.7202
4.52 5.4538 2.7269
4.53 5.4672 2.7336
4.54 5.4806 2.7403
4.55 5.494 2.747
4.56 5.5074 2.7537
4.57 5.5208 2.7604
4.58 5.5342 2.7671
4.59 5.5476 2.7738
4.6 5.561 2.7805
4.61 5.5744 2.7872
4.62 5.5878 2.7939
4.63 5.6012 2.8006
4.64 5.6146 2.8073
4.65 5.628 2.814
4.66 5.6414 2.8207
4.67 5.6548 2.8274
4.68 5.6682 2.8341
4.69 5.6816 2.8408
4.7 5.695 2.8475
4.71 5.7084 2.8542
4.72 5.7218 2.8609
4.73 5.7352 2.8676
4.74 5.7486 2.8743
4.75 5.762 2.881
4.76 5.7754 2.8877
4.77 5.7888 2.8944
4.78 5.8022 2.9011
4.79 5.8156 2.9078
4.8 5.829 2.9145
4.81 5.8424 2.9212
4.82 5.8558 2.9279
4.83 5.8692 2.9346
4.84 5.8826 2.9413
4.85 5.896 2.948
4.86 5.9094 2.9547
4.87 5.9228 2.9614
4.88 5.9362 2.9681
4.89 5.9496 2.9748
4.9 5.963 2.9815
4.91 5.9764 2.9882
4.92 5.9898 2.9949
4.93 6.0032 3.0016
4.94 6.0166 3.0083
4.95 6.03 3.015
4.96 6.0434 3.0217
4.97 6.0568 3.0284
4.98 6.0702 3.0351
4.99 6.0836 3.0418
5.0 6.097 3.0485
5.01 6.1104 3.0552
5.02 6.1238 3.0619
5.03 6.1372 3.0686
5.04 6.1506 3.0753
5.05 6.164 3.082
5.06 6.1774 3.0887
5.07 6.1908 3.0954
5.08 6.2042 3.1021
5.09 6.2176 3.1088
5.1 6.231 3.1155
5.11 6.2444 3.1222
5.12 6.2578 3.1289
5.13 6.2712 3.1356
5.14 6.2846 3.1423
5.15 6.298 3.149
5.16 6.3114 3.1557
5.17 6.3248 3.1624
5.18 6.3382 3.1691
5.19 6.3516 3.1758
5.2 6.365 3.1825
5.21 6.3784 3.1892
5.22 6.3918 3.1959
5.23 6.4052 3.2026
5.24 6.4186 3.2093
5.25 6.432 3.216
5.26 6.4454 3.2227
5.27 6.4588 3.2294
5.28 6.4722 3.2361
5.29 6.4856 3.2428
5.3 6.499 3.2495
5.31 6.5124 3.2562
5.32 6.5258 3.2629
5.33 6.5392 3.2696
5.34 6.5526 3.2763
5.35 6.566 3.283
5.36 6.5794 3.2897
5.37 6.5928 3.2964
5.38 6.6062 3.3031
5.39 6.6196 3.3098
5.4 6.633 3.3165
5.41 6.6464 3.3232
5.42 6.6598 3.3299
5.43 6.6732 3.3366
5.44 6.6866 3.3433
5.45 6.7 3.35
5.46 6.7134 3.3567
5.47 6.7268 3.3634
5.48 6.7402 3.3701
5.49 6.7536 3.3768
5.5 6.767 3.3835
5.51 6.7804 3.3902
5.52 6.7938 3.3969
5.53 6.8072 3.4036
5.54 6.8206 3.4103
5.55 6.834 3.417
5.56 6.8474 3.4237
5.57 6.8608 3.4304
5.58 6.8742 3.4371
5.59 6.8876 3.4438
5.6 6.901 3.4505
5.61 6.9144 3.4572
5.62 6.9278 3.4639
5.63 6.9412 3.4706
5.64 6.9546 3.4773
5.65 6.968 3.484
5.66 6.9814 3.4907
5.67 6.9948 3.4974
5.68 7.0082 3.5041
5.69 7.0216 3.5108
5.7 7.035 3.5175
5.71 7.0484 3.5242
5.72 7.0618 3.5309
5.73 7.0752 3.5376
5.74 7.0886 3.5443
5.75 7.102 3.551
5.76 7.1154 3.5577
5.77 7.1288 3.5644
5.78 7.1422 3.5711
5.79 7.1556 3.5778
5.8 7.169 3.5845
5.81 7.1824 3.5912
5.82 7.1958 3.5979
5.83 7.2092 3.6046
5.84 7.2226 3.6113
5.85 7.236 3.618
5.86 7.2494 3.6247
5.87 7.2628 3.6314
5.88 7.2762 3.6381
5.89 7.2896 3.6448
5.9 7.303 3.6515
5.91 7.3164 3.6582
5.92 7.3298 3.6649
5.93 7.3432 3.6716
5.94 7.3566 3.6783
5.95 7.37 3.685
5.96 7.3834 3.6917
5.97 7.3968 3.6984
5.98 7.4102 3.7051
5.99 7.4236 3.7118
6.0 7.437 3.7185
6.01 7.4504 3.7252
6.02 7.4638 3.7319
6.03 7.4772 3.7386
6.04 7.4906 3.7453
6.05 7.504 3.752
6.06 7.5174 3.7587
6.07 7.5308 3.7654
6.08 7.5442 3.7721
6.09 7.5576 3.7788
6.1 7.571 3.7855
6.11 7.5844 3.7922
6.12 7.5978 3.7989
6.13 7.6112 3.8056
6.14 7.6246 3.8123
6.15 7.638 3.819
6.16 7.6514 3.8257
6.17 7.6648 3.8324
6.18 7.6782 3.8391
6.19 7.6916 3.8458
6.2 7.705 3.8525
6.21 7.7184 3.8592
6.22 7.7318 3.8659
6.23 7.7452 3.8726
6.24 7.7586 3.8793
6.25 7.772 3.886
6.26 7.7854 3.8927
6.27 7.7988 3.8994
6.28 7.8122 3.9061
6.29 7.8256 3.9128
6.3 7.839 3.9195
6.31 7.8524 3.9262
6.32 7.8658 3.9329
6.33 7.8792 3.9396
6.34 7.8926 3.9463
6.35 7.906 3.953
6.36 7.9194 3.9597
6.37 7.9328 3.9664
6.38 7.9462 3.9731
6.39 7.9596 3.9798
6.4 7.973 3.9865
6.41 7.9864 3.9932
6.42 7.9998 3.9999
6.43 8.0132 4.0066
6.44 8.0266 4.0133
6.45 8.04 4.02
6.46 8.0534 4.0267
6.47 8.0668 4.0334
6.48 8.0802 4.0401
6.49 8.0936 4.0468
6.5 8.107 4.0535
6.51 8.1204 4.0602
6.52 8.1338 4.0669
6.53 8.1472 4.0736
6.54 8.1606 4.0803
6.55 8.174 4.087
6.56 8.1874 4.0937
6.57 8.2008 4.1004
6.58 8.2142 4.1071
6.59 8.2276 4.1138
6.6 8.241 4.1205
6.61 8.2544 4.1272
6.62 8.2678 4.1339
6.63 8.2812 4.1406
6.64 8.2946 4.1473
6.65 8.308 4.154
6.66 8.3214 4.1607
6.67 8.3348 4.1674
6.68 8.3482 4.1741
6.69 8.3616 4.1808
6.7 8.375 4.1875
6.71 8.3884 4.1942
6.72 8.4018 4.2009
6.73 8.4152 4.2076
6.74 8.4286 4.2143
6.75 8.442 4.221
6.76 8.4554 4.2277
6.77 8.4688 4.2344
6.78 8.4822 4.2411
6.79 8.4956 4.2478
6.8 8.509 4.2545
6.81 8.5224 4.2612
6.82 8.5358 4.2679
6.83 8.5492 4.2746
6.84 8.5626 4.2813
6.85 8.576 4.288
6.86 8.5894 4.2947
6.87 8.6028 4.3014
6.88 8.6162 4.3081
6.89 8.6296 4.3148
6.9 8.643 4.3215
6.91 8.6564 4.3282
6.92 8.6698 4.3349
6.93 8.6832 4.3416
6.94 8.6966 4.3483
6.95 8.71 4.355
6.96 8.7234 4.3617
6.97 8.7368 4.3684
6.98 8.7502 4.3751
6.99 8.7636 4.3818
7.0 8.777 4.3885
7.01 8.7904 4.3952
7.02 8.8038 4.4019
7.03 8.8172 4.4086
7.04 8.8306 4.4153
7.05 8.844 4.422
7.06 8.8574 4.4287
7.07 8.8708 4.4354
7.08 8.8842 4.4421
7.09 8.8976 4.4488
7.1 8.911 4.4555
7.11 8.9244 4.4622
7.12 8.9378 4.4689
7.13 8.9512 4.4756
7.14 8.9646 4.4823
7.15 8.978 4.489
7.16 8.9914 4.4957
7.17 9.0048 4.5024
7.18 9.0182 4.5091
7.19 9.0316 4.5158
7.2 9.045 4.5225
7.21 9.0584 4.5292
7.22 9.0718 4.5359
7.23 9.0852 4.5426
7.24 9.0986 4.5493
7.25 9.112 4.556
7.26 9.1254 4.5627
7.27 9.1388 4.5694
7.28 9.1522 4.5761
7.29 9.1656 4.5828
7.3 9.179 4.5895
7.31 9.1924 4.5962
7.32 9.2058 4.6029
7.33 9.2192 4.6096
7.34 9.2326 4.6163
7.35 9.246 4.623
7.36 9.2594 4.6297
7.37 9.2728 4.6364
7.38 9.2862 4.6431
7.39 9.2996 4.6498
7.4 9.313 4.6565
7.41 9.3264 4.6632
7.42 9.3398 4.6699
7.43 9.3532 4.6766
7.44 9.3666 4.6833
7.45 9.38 4.69
7.46 9.3934 4.6967
7.47 9.4068 4.7034
7.48 9.4202 4.7101
7.49 9.4336 4.7168
7.5 9.447 4.7235
7.51 9.4604 4.7302
7.52 9.4738 4.7369
7.53 9.4872 4.7436
7.54 9.5006 4.7503
7.55 9.514 4.757
7.56 9.5274 4.7637
7.57 9.5408 4.7704
7.58 9.5542 4.7771
7.59 9.5676 4.7838
7.6 9.581 4.7905
7.61 9.5944 4.7972
7.62 9.6078 4.8039
7.63 9.6212 4.8106
7.64 9.6346 4.8173
7.65 9.648 4.824
7.66 9.6614 4.8307
7.67 9.6748 4.8374
7.68 9.6882 4.8441
7.69 9.7016 4.8508
7.7 9.715 4.8575
7.71 9.7284 4.8642
7.72 9.7418 4.8709
7.73 9.7552 4.8776
7.74 9.7686 4.8843
7.75 9.782 4.891
7.76 9.7954 4.8977
7.77 9.8088 4.9044
7.78 9.8222 4.9111
7.79 9.8356 4.9178
7.8 9.849 4.9245
7.81 9.8624 4.9312
7.82 9.8758 4.9379
7.83 9.8892 4.9446
7.84 9.9026 4.9513
7.85 9.916 4.958
7.86 9.9294 4.9647
7.87 9.9428 4.9714
7.88 9.9562 4.9781
7.89 9.9696 4.9848
7.9 9.983 4.9915
7.91 9.9964 4.9982
