0.46 9.9894 0.0106
0.47 9.9788 0.0212
0.48 9.9682 0.0318
0.49 9.9576 0.0424
0.5 9.947 0.053
0.51 9.9364 0.0636
0.52 9.9258 0.0742
0.53 9.9152 0.0848
0.54 9.9046 0.0954
0.55 9.894 0.106
0.56 9.8834 0.1166
0.57 9.8728 0.1272
0.58 9.8622 0.1378
0.59 9.8516 0.1484
0.6 9.841 0.159
0.61 9.8304 0.1696
0.62 9.8198 0.1802
0.63 9.8092 0.1908
0.64 9.7986 0.2014
0.65 9.788 0.212
0.66 9.7774 0.2226
0.67 9.7668 0.2332
0.68 9.7562 0.2438
0.69 9.7456 0.2544
0.7 9.735 0.265
0.71 9.7244 0.2756
0.72 9.7138 0.2862
0.73 9.7032 0.2968
0.74 9.6926 0.3074
0.75 9.682 0.318
0.76 9.6714 0.3286
0.77 9.6608 0.3392
0.78 9.6502 0.3498
0.79 9.6396 0.3604
0.8 9.629 0.371
0.81 9.6184 0.3816
0.82 9.6078 0.3922
0.83 9.5972 0.4028
0.84 9.5866 0.4134
0.85 9.576 0.424
0.86 9.5654 0.4346
0.87 9.5548 0.4452
0.88 9.5442 0.4558
0.89 9.5336 0.4664
0.9 9.523 0.477
0.91 9.5124 0.4876
0.92 9.5018 0.4982
0.93 9.4912 0.5088
0.94 9.4806 0.5194
0.95 9.47 0.53
0.96 9.4594 0.5406
0.97 9.4488 0.5512
0.98 9.4382 0.5618
0.99 9.4276 0.5724
1.0 9.417 0.583
1.01 9.4064 0.5936
1.02 9.3958 0.6042
1.03 9.3852 0.6148
1.04 9.3746 0.6254
1.05 9.364 0.636
1.06 9.3534 0.6466
1.07 9.3428 0.6572
1.08 9.3322 0.6678
1.09 9.3216 0.6784
1.1 9.311 0.689
1.11 9.3004 0.6996
1.12 9.2898 0.7102
1.13 9.2792 0.7208
1.14 9.2686 0.7314
1.15 9.258 0.742
1.16 9.2474 0.7526
1.17 9.2368 0.7632
1.18 9.2262 0.7738
1.19 9.2156 0.7844
1.2 9.205 0.795
1.21 9.1944 0.8056
1.22 9.1838 0.8162
1.23 9.1732 0.8268
1.24 9.1626 0.8374
1.25 9.152 0.848
1.26 9.1414 0.8586
1.27 9.1308 0.8692
1.28 9.1202 0.8798
1.29 9.1096 0.8904
1.3 9.099 0.901
1.31 9.0884 0.9116
1.32 9.0778 0.9222
1.33 9.0672 0.9328
1.34 9.0566 0.9434
1.35 9.046 0.954
1.36 9.0354 0.9646
1.37 9.0248 0.9752
1.38 9.0142 0.9858
1.39 9.0036 0.9964
1.4 8.993 1.007
1.41 8.9824 1.0176
1.42 8.9718 1.0282
1.43 8.9612 1.0388
1.44 8.9506 1.0494
1.45 8.94 1.06
1.46 8.9294 1.0706
1.47 8.9188 1.0812
1.48 8.9082 1.0918
1.49 8.8976 1.1024
1.5 8.887 1.113
1.51 8.8764 1.1236
1.52 8.8658 1.1342
1.53 8.8552 1.1448
1.54 8.8446 1.1554
1.55 8.834 1.166
1.56 8.8234 1.1766
1.57 8.8128 1.1872
1.58 8.8022 1.1978
1.59 8.7916 1.2084
1.6 8.781 1.219
1.61 8.7704 1.2296
1.62 8.7598 1.2402
1.63 8.7492 1.2508
1.64 8.7386 1.2614
1.65 8.728 1.272
1.66 8.7174 1.2826
1.67 8.7068 1.2932
1.68 8.6962 1.3038
1.69 8.6856 1.3144
1.7 8.675 1.325
1.71 8.6644 1.3356
1.72 8.6538 1.3462
1.73 8.6432 1.3568
1.74 8.6326 1.3674
1.75 8.622 1.378
1.76 8.6114 1.3886
1.77 8.6008 1.3992
1.78 8.5902 1.4098
1.79 8.5796 1.4204
1.8 8.569 1.431
1.81 8.5584 1.4416
1.82 8.5478 1.4522
1.83 8.5372 1.4628
1.84 8.5266 1.4734
1.85 8.516 1.484
1.86 8.5054 1.4946
1.87 8.4948 1.5052
1.88 8.4842 1.5158
1.89 8.4736 1.5264
1.9 8.463 1.537
1.91 8.4524 1.5476
1.92 8.4418 1.5582
1.93 8.4312 1.5688
1.94 8.4206 1.5794
1.95 8.41 1.59
1.96 8.3994 1.6006
1.97 8.3888 1.6112
1.98 8.3782 1.6218
1.99 8.3676 1.6324
2.0 8.357 1.643
2.01 8.3464 1.6536
2.02 8.3358 1.6642
2.03 8.3252 1.6748
2.04 8.3146 1.6854
2.05 8.304 1.696
2.06 8.2934 1.7066
2.07 8.2828 1.7172
2.08 8.2722 1.7278
2.09 8.2616 1.7384
2.1 8.251 1.749
2.11 8.2404 1.7596
2.12 8.2298 1.7702
2.13 8.2192 1.7808
2.14 8.2086 1.7914
2.15 8.198 1.802
2.16 8.1874 1.8126
2.17 8.1768 1.8232
2.18 8.1662 1.8338
2.19 8.1556 1.8444
2.2 8.145 1.855
2.21 8.1344 1.8656
2.22 8.1238 1.8762
2.23 8.1132 1.8868
2.24 8.1026 1.8974
2.25 8.092 1.908
2.26 8.0814 1.9186
2.27 8.0708 1.9292
2.28 8.0602 1.9398
2.29 8.0496 1.9504
2.3 8.039 1.961
2.31 8.0284 1.9716
2.32 8.0178 1.9822
2.33 8.0072 1.9928
2.34 7.9966 2.0034
2.35 7.986 2.014
2.36 7.9754 2.0246
2.37 7.9648 2.0352
2.38 7.9542 2.0458
2.39 7.9436 2.0564
2.4 7.933 2.067
2.41 7.9224 2.0776
2.42 7.9118 2.0882
2.43 7.9012 2.0988
2.44 7.8906 2.1094
2.45 7.88 2.12
2.46 7.8694 2.1306
2.47 7.8588 2.1412
2.48 7.8482 2.1518
2.49 7.8376 2.1624
2.5 7.827 2.173
2.51 7.8164 2.1836
2.52 7.8058 2.1942
2.53 7.7952 2.2048
2.54 7.7846 2.2154
2.55 7.774 2.226
2.56 7.7634 2.2366
2.57 7.7528 2.2472
2.58 7.7422 2.2578
2.59 7.7316 2.2684
2.6 7.721 2.279
2.61 7.7104 2.2896
2.62 7.6998 2.3002
2.63 7.6892 2.3108
2.64 7.6786 2.3214
2.65 7.668 2.332
2.66 7.6574 2.3426
2.67 7.6468 2.3532
2.68 7.6362 2.3638
2.69 7.6256 2.3744
2.7 7.615 2.385
2.71 7.6044 2.3956
2.72 7.5938 2.4062
2.73 7.5832 2.4168
2.74 7.5726 2.4274
2.75 7.562 2.438
2.76 7.5514 2.4486
2.77 7.5408 2.4592
2.78 7.5302 2.4698
2.79 7.5196 2.4804
2.8 7.509 2.491
2.81 7.4984 2.5016
2.82 7.4878 2.5122
2.83 7.4772 2.5228
2.84 7.4666 2.5334
2.85 7.456 2.544
2.86 7.4454 2.5546
2.87 7.4348 2.5652
2.88 7.4242 2.5758
2.89 7.4136 2.5864
2.9 7.403 2.597
2.91 7.3924 2.6076
2.92 7.3818 2.6182
2.93 7.3712 2.6288
2.94 7.3606 2.6394
2.95 7.35 2.65
2.96 7.3394 2.6606
2.97 7.3288 2.6712
2.98 7.3182 2.6818
2.99 7.3076 2.6924
3.0 7.297 2.703
3.01 7.2864 2.7136
3.02 7.2758 2.7242
3.03 7.2652 2.7348
3.04 7.2546 2.7454
3.05 7.244 2.756
3.06 7.2334 2.7666
3.07 7.2228 2.7772
3.08 7.2122 2.7878
3.09 7.2016 2.7984
3.1 7.191 2.809
3.11 7.1804 2.8196
3.12 7.1698 2.8302
3.13 7.1592 2.8408
3.14 7.1486 2.8514
3.15 7.138 2.862
3.16 7.1274 2.8726
3.17 7.1168 2.8832
3.18 7.1062 2.8938
3.19 7.0956 2.9044
3.2 7.085 2.915
3.21 7.0744 2.9256
3.22 7.0638 2.9362
3.23 7.0532 2.9468
3.24 7.0426 2.9574
3.25 7.032 2.968
3.26 7.0214 2.9786
3.27 7.0108 2.9892
3.28 7.0002 2.9998
3.29 6.9896 3.0104
3.3 6.979 3.021
3.31 6.9684 3.0316
3.32 6.9578 3.0422
3.33 6.9472 3.0528
3.34 6.9366 3.0634
3.35 6.926 3.074
3.36 6.9154 3.0846
3.37 6.9048 3.0952
3.38 6.8942 3.1058
3.39 6.8836 3.1164
3.4 6.873 3.127
3.41 6.8624 3.1376
3.42 6.8518 3.1482
3.43 6.8412 3.1588
3.44 6.8306 3.1694
3.45 6.82 3.18
3.46 6.8094 3.1906
3.47 6.7988 3.2012
3.48 6.7882 3.2118
3.49 6.7776 3.2224
3.5 6.767 3.233
3.51 6.7564 3.2436
3.52 6.7458 3.2542
3.53 6.7352 3.2648
3.54 6.7246 3.2754
3.55 6.714 3.286
3.56 6.7034 3.2966
3.57 6.6928 3.3072
3.58 6.6822 3.3178
3.59 6.6716 3.3284
3.6 6.661 3.339
3.61 6.6504 3.3496
3.62 6.6398 3.3602
3.63 6.6292 3.3708
3.64 6.6186 3.3814
3.65 6.608 3.392
3.66 6.5974 3.4026
3.67 6.5868 3.4132
3.68 6.5762 3.4238
3.69 6.5656 3.4344
3.7 6.555 3.445
3.71 6.5444 3.4556
3.72 6.5338 3.4662
3.73 6.5232 3.4768
3.74 6.5126 3.4874
3.75 6.502 3.498
3.76 6.4914 3.5086
3.77 6.4808 3.5192
3.78 6.4702 3.5298
3.79 6.4596 3.5404
3.8 6.449 3.551
3.81 6.4384 3.5616
3.82 6.4278 3.5722
3.83 6.4172 3.5828
3.84 6.4066 3.5934
3.85 6.396 3.604
3.86 6.3854 3.6146
3.87 6.3748 3.6252
3.88 6.3642 3.6358
3.89 6.3536 3.6464
3.9 6.343 3.657
3.91 6.3324 3.6676
3.92 6.3218 3.6782
3.93 6.3112 3.6888
3.94 6.3006 3.6994
3.95 6.29 3.71
3.96 6.2794 3.7206
3.97 6.2688 3.7312
3.98 6.2582 3.7418
3.99 6.2476 3.7524
4.0 6.237 3.763
4.01 6.2264 3.7736
4.02 6.2158 3.7842
4.03 6.2052 3.7948
4.04 6.1946 3.8054
4.05 6.184 3.816
4.06 6.1734 3.8266
4.07 6.1628 3.8372
4.08 6.1522 3.8478
4.09 6.1416 3.8584
4.1 6.131 3.869
4.11 6.1204 3.8796
4.12 6.1098 3.8902
4.13 6.0992 3.9008
4.14 6.0886 3.9114
4.15 6.078 3.922
4.16 6.0674 3.9326
4.17 6.0568 3.9432
4.18 6.0462 3.9538
4.19 6.0356 3.9644
4.2 6.025 3.975
4.21 6.0144 3.9856
4.22 6.0038 3.9962
4.23 5.9932 4.0068
4.24 5.9826 4.0174
4.25 5.972 4.028
4.26 5.9614 4.0386
4.27 5.9508 4.0492
4.28 5.9402 4.0598
4.29 5.9296 4.0704
4.3 5.919 4.081
4.31 5.9084 4.0916
4.32 5.8978 4.1022
4.33 5.8872 4.1128
4.34 5.8766 4.1234
4.35 5.866 4.134
4.36 5.8554 4.1446
4.37 5.8448 4.1552
4.38 5.8342 4.1658
4.39 5.8236 4.1764
4.4 5.813 4.187
4.41 5.8024 4.1976
4.42 5.7918 4.2082
4.43 5.7812 4.2188
4.44 5.7706 4.2294
4.45 5.76 4.24
4.46 5.7494 4.2506
4.47 5.7388 4.2612
4.48 5.7282 4.2718
4.49 5.7176 4.2824
4.5 5.707 4.293
4.51 5.6964 4.3036
4.52 5.6858 4.3142
4.53 5.6752 4.3248
4.54 5.6646 4.3354
4.55 5.654 4.346
4.56 5.6434 4.3566
4.57 5.6328 4.3672
4.58 5.6222 4.3778
4.59 5.6116 4.3884
4.6 5.601 4.399
4.61 5.5904 4.4096
4.62 5.5798 4.4202
4.63 5.5692 4.4308
4.64 5.5586 4.4414
4.65 5.548 4.452
4.66 5.5374 4.4626
4.67 5.5268 4.4732
4.68 5.5162 4.4838
4.69 5.5056 4.4944
4.7 5.495 4.505
4.71 5.4844 4.5156
4.72 5.4738 4.5262
4.73 5.4632 4.5368
4.74 5.4526 4.5474
4.75 5.442 4.558
4.76 5.4314 4.5686
4.77 5.4208 4.5792
4.78 5.4102 4.5898
4.79 5.3996 4.6004
4.8 5.389 4.611
4.81 5.3784 4.6216
4.82 5.3678 4.6322
4.83 5.3572 4.6428
4.84 5.3466 4.6534
4.85 5.336 4.664
4.86 5.3254 4.6746
4.87 5.3148 4.6852
4.88 5.3042 4.6958
4.89 5.2936 4.7064
4.9 5.283 4.717
4.91 5.2724 4.7276
4.92 5.2618 4.7382
4.93 5.2512 4.7488
4.94 5.2406 4.7594
4.95 5.23 4.77
4.96 5.2194 4.7806
4.97 5.2088 4.7912
4.98 5.1982 4.8018
4.99 5.1876 4.8124
5.0 5.177 4.823
5.01 5.1664 4.8336
5.02 5.1558 4.8442
5.03 5.1452 4.8548
5.04 5.1346 4.8654
5.05 5.124 4.876
5.06 5.1134 4.8866
5.07 5.1028 4.8972
5.08 5.0922 4.9078
5.09 5.0816 4.9184
5.1 5.071 4.929
5.11 5.0604 4.9396
5.12 5.0498 4.9502
5.13 5.0392 4.9608
5.14 5.0286 4.9714
5.15 5.018 4.982
5.16 5.0074 4.9926
5.17 4.9968 5.0032
5.18 4.9862 5.0138
5.19 4.9756 5.0244
5.2 4.965 5.035
5.21 4.9544 5.0456
5.22 4.9438 5.0562
5.23 4.9332 5.0668
5.24 4.9226 5.0774
5.25 4.912 5.088
5.26 4.9014 5.0986
5.27 4.8908 5.1092
5.28 4.8802 5.1198
5.29 4.8696 5.1304
5.3 4.859 5.141
5.31 4.8484 5.1516
5.32 4.8378 5.1622
5.33 4.8272 5.1728
5.34 4.8166 5.1834
5.35 4.806 5.194
5.36 4.7954 5.2046
5.37 4.7848 5.2152
5.38 4.7742 5.2258
5.39 4.7636 5.2364
5.4 4.753 5.247
5.41 4.7424 5.2576
5.42 4.7318 5.2682
5.43 4.7212 5.2788
5.44 4.7106 5.2894
5.45 4.7 5.3
5.46 4.6894 5.3106
5.47 4.6788 5.3212
5.48 4.6682 5.3318
5.49 4.6576 5.3424
5.5 4.647 5.353
5.51 4.6364 5.3636
5.52 4.6258 5.3742
5.53 4.6152 5.3848
5.54 4.6046 5.3954
5.55 4.594 5.406
5.56 4.5834 5.4166
5.57 4.5728 5.4272
5.58 4.5622 5.4378
5.59 4.5516 5.4484
5.6 4.541 5.459
5.61 4.5304 5.4696
5.62 4.5198 5.4802
5.63 4.5092 5.4908
5.64 4.4986 5.5014
5.65 4.488 5.512
5.66 4.4774 5.5226
5.67 4.4668 5.5332
5.68 4.4562 5.5438
5.69 4.4456 5.5544
5.7 4.435 5.565
5.71 4.4244 5.5756
5.72 4.4138 5.5862
5.73 4.4032 5.5968
5.74 4.3926 5.6074
5.75 4.382 5.618
5.76 4.3714 5.6286
5.77 4.3608 5.6392
5.78 4.3502 5.6498
5.79 4.3396 5.6604
5.8 4.329 5.671
5.81 4.3184 5.6816
5.82 4.3078 5.6922
5.83 4.2972 5.7028
5.84 4.2866 5.7134
5.85 4.276 5.724
5.86 4.2654 5.7346
5.87 4.2548 5.7452
5.88 4.2442 5.7558
5.89 4.2336 5.7664
5.9 4.223 5.777
5.91 4.2124 5.7876
5.92 4.2018 5.7982
5.93 4.1912 5.8088
5.94 4.1806 5.8194
5.95 4.17 5.83
5.96 4.1594 5.8406
5.97 4.1488 5.8512
5.98 4.1382 5.8618
5.99 4.1276 5.8724
6.0 4.117 5.883
6.01 4.1064 5.8936
6.02 4.0958 5.9042
6.03 4.0852 5.9148
6.04 4.0746 5.9254
6.05 4.064 5.936
6.06 4.0534 5.9466
6.07 4.0428 5.9572
6.08 4.0322 5.9678
6.09 4.0216 5.9784
6.1 4.011 5.989
6.11 4.0004 5.9996
6.12 3.9898 6.0102
6.13 3.9792 6.0208
6.14 3.9686 6.0314
6.15 3.958 6.042
6.16 3.9474 6.0526
6.17 3.9368 6.0632
6.18 3.9262 6.0738
6.19 3.9156 6.0844
6.2 3.905 6.095
6.21 3.8944 6.1056
6.22 3.8838 6.1162
6.23 3.8732 6.1268
6.24 3.8626 6.1374
6.25 3.852 6.148
6.26 3.8414 6.1586
6.27 3.8308 6.1692
6.28 3.8202 6.1798
6.29 3.8096 6.1904
6.3 3.799 6.201
6.31 3.7884 6.2116
6.32 3.7778 6.2222
6.33 3.7672 6.2328
6.34 3.7566 6.2434
6.35 3.746 6.254
6.36 3.7354 6.2646
6.37 3.7248 6.2752
6.38 3.7142 6.2858
6.39 3.7036 6.2964
6.4 3.693 6.307
6.41 3.6824 6.3176
6.42 3.6718 6.3282
6.43 3.6612 6.3388
6.44 3.6506 6.3494
6.45 3.64 6.36
6.46 3.6294 6.3706
6.47 3.6188 6.3812
6.48 3.6082 6.3918
6.49 3.5976 6.4024
6.5 3.587 6.413
6.51 3.5764 6.4236
6.52 3.5658 6.4342
6.53 3.5552 6.4448
6.54 3.5446 6.4554
6.55 3.534 6.466
6.56 3.5234 6.4766
6.57 3.5128 6.4872
6.58 3.5022 6.4978
6.59 3.4916 6.5084
6.6 3.481 6.519
6.61 3.4704 6.5296
6.62 3.4598 6.5402
6.63 3.4492 6.5508
6.64 3.4386 6.5614
6.65 3.428 6.572
6.66 3.4174 6.5826
6.67 3.4068 6.5932
6.68 3.3962 6.6038
6.69 3.3856 6.6144
6.7 3.375 6.625
6.71 3.3644 6.6356
6.72 3.3538 6.6462
6.73 3.3432 6.6568
6.74 3.3326 6.6674
6.75 3.322 6.678
6.76 3.3114 6.6886
6.77 3.3008 6.6992
6.78 3.2902 6.7098
6.79 3.2796 6.7204
6.8 3.269 6.731
6.81 3.2584 6.7416
6.82 3.2478 6.7522
6.83 3.2372 6.7628
6.84 3.2266 6.7734
6.85 3.216 6.784
6.86 3.2054 6.7946
6.87 3.1948 6.8052
6.88 3.1842 6.8158
6.89 3.1736 6.8264
6.9 3.163 6.837
6.91 3.1524 6.8476
6.92 3.1418 6.8582
6.93 3.1312 6.8688
6.94 3.1206 6.8794
6.95 3.11 6.89
6.96 3.0994 6.9006
6.97 3.0888 6.9112
6.98 3.0782 6.9218
6.99 3.0676 6.9324
7.0 3.057 6.943
7.01 3.0464 6.9536
7.02 3.0358 6.9642
7.03 3.0252 6.9748
7.04 3.0146 6.9854
7.05 3.004 6.996
7.06 2.9934 7.0066
7.07 2.9828 7.0172
7.08 2.9722 7.0278
7.09 2.9616 7.0384
7.1 2.951 7.049
7.11 2.9404 7.0596
7.12 2.9298 7.0702
7.13 2.9192 7.0808
7.14 2.9086 7.0914
7.15 2.898 7.102
7.16 2.8874 7.1126
7.17 2.8768 7.1232
7.18 2.8662 7.1338
7.19 2.8556 7.1444
7.2 2.845 7.155
7.21 2.8344 7.1656
7.22 2.8238 7.1762
7.23 2.8132 7.1868
7.24 2.8026 7.1974
7.25 2.792 7.208
7.26 2.7814 7.2186
7.27 2.7708 7.2292
7.28 2.7602 7.2398
7.29 2.7496 7.2504
7.3 2.739 7.261
7.31 2.7284 7.2716
7.32 2.7178 7.2822
7.33 2.7072 7.2928
7.34 2.6966 7.3034
7.35 2.686 7.314
7.36 2.6754 7.3246
7.37 2.6648 7.3352
7.38 2.6542 7.3458
7.39 2.6436 7.3564
7.4 2.633 7.367
7.41 2.6224 7.3776
7.42 2.6118 7.3882
7.43 2.6012 7.3988
7.44 2.5906 7.4094
7.45 2.58 7.42
7.46 2.5694 7.4306
7.47 2.5588 7.4412
7.48 2.5482 7.4518
7.49 2.5376 7.4624
7.5 2.527 7.473
7.51 2.5164 7.4836
7.52 2.5058 7.4942
7.53 2.4952 7.5048
7.54 2.4846 7.5154
7.55 2.474 7.526
7.56 2.4634 7.5366
7.57 2.4528 7.5472
7.58 2.4422 7.5578
7.59 2.4316 7.5684
7.6 2.421 7.579
7.61 2.4104 7.5896
7.62 2.3998 7.6002
7.63 2.3892 7.6108
7.64 2.3786 7.6214
7.65 2.368 7.632
7.66 2.3574 7.6426
7.67 2.3468 7.6532
7.68 2.3362 7.6638
7.69 2.3256 7.6744
7.7 2.315 7.685
7.71 2.3044 7.6956
7.72 2.2938 7.7062
7.73 2.2832 7.7168
7.74 2.2726 7.7274
7.75 2.262 7.738
7.76 2.2514 7.7486
7.77 2.2408 7.7592
7.78 2.2302 7.7698
7.79 2.2196 7.7804
7.8 2.209 7.791
7.81 2.1984 7.8016
7.82 2.1878 7.8122
7.83 2.1772 7.8228
7.84 2.1666 7.8334
7.85 2.156 7.844
7.86 2.1454 7.8546
7.87 2.1348 7.8652
7.88 2.1242 7.8758
7.89 2.1136 7.8864
7.9 2.103 7.897
7.91 2.0924 7.9076
7.92 2.0818 7.9182
7.93 2.0712 7.9288
7.94 2.0606 7.9394
7.95 2.05 7.95
7.96 2.0394 7.9606
7.97 2.0288 7.9712
7.98 2.0182 7.9818
7.99 2.0076 7.9924
8.0 1.997 8.003
8.01 1.9864 8.0136
8.02 1.9758 8.0242
8.03 1.9652 8.0348
8.04 1.9546 8.0454
8.05 1.944 8.056
8.06 1.9334 8.0666
8.07 1.9228 8.0772
8.08 1.9122 8.0878
8.09 1.9016 8.0984
8.1 1.891 8.109
8.11 1.8804 8.1196
8.12 1.8698 8.1302
8.13 1.8592 8.1408
8.14 1.8486 8.1514
8.15 1.838 8.162
8.16 1.8274 8.1726
8.17 1.8168 8.1832
8.18 1.8062 8.1938
8.19 1.7956 8.2044
8.2 1.785 8.215
8.21 1.7744 8.2256
8.22 1.7638 8.2362
8.23 1.7532 8.2468
8.24 1.7426 8.2574
8.25 1.732 8.268
8.26 1.7214 8.2786
8.27 1.7108 8.2892
8.28 1.7002 8.2998
8.29 1.6896 8.3104
8.3 1.679 8.321
8.31 1.6684 8.3316
8.32 1.6578 8.3422
8.33 1.6472 8.3528
8.34 1.6366 8.3634
8.35 1.626 8.374
8.36 1.6154 8.3846
8.37 1.6048 8.3952
8.38 1.5942 8.4058
8.39 1.5836 8.4164
8.4 1.573 8.427
8.41 1.5624 8.4376
8.42 1.5518 8.4482
8.43 1.5412 8.4588
8.44 1.5306 8.4694
8.45 1.52 8.48
8.46 1.5094 8.4906
8.47 1.4988 8.5012
8.48 1.4882 8.5118
8.49 1.4776 8.5224
8.5 1.467 8.533
8.51 1.4564 8.5436
8.52 1.4458 8.5542
8.53 1.4352 8.5648
8.54 1.4246 8.5754
8.55 1.414 8.586
8.56 1.4034 8.5966
8.57 1.3928 8.6072
8.58 1.3822 8.6178
8.59 1.3716 8.6284
8.6 1.361 8.639
8.61 1.3504 8.6496
8.62 1.3398 8.6602
8.63 1.3292 8.6708
8.64 1.3186 8.6814
8.65 1.308 8.692
8.66 1.2974 8.7026
8.67 1.2868 8.7132
8.68 1.2762 8.7238
8.69 1.2656 8.7344
8.7 1.255 8.745
8.71 1.2444 8.7556
8.72 1.2338 8.7662
8.73 1.2232 8.7768
8.74 1.2126 8.7874
8.75 1.202 8.798
8.76 1.1914 8.8086
8.77 1.1808 8.8192
8.78 1.1702 8.8298
8.79 1.1596 8.8404
8.8 1.149 8.851
8.81 1.1384 8.8616
8.82 1.1278 8.8722
8.83 1.1172 8.8828
8.84 1.1066 8.8934
8.85 1.096 8.904
8.86 1.0854 8.9146
8.87 1.0748 8.9252
8.88 1.0642 8.9358
8.89 1.0536 8.9464
8.9 1.043 8.957
8.91 1.0324 8.9676
8.92 1.0218 8.9782
8.93 1.0112 8.9888
8.94 1.0006 8.9994
8.95 0.99 9.01
8.96 0.9794 9.0206
8.97 0.9688 9.0312
8.98 0.9582 9.0418
8.99 0.9476 9.0524
9.0 0.937 9.063
9.01 0.9264 9.0736
9.02 0.9158 9.0842
9.03 0.9052 9.0948
9.04 0.8946 9.1054
9.05 0.884 9.116
9.06 0.8734 9.1266
9.07 0.8628 9.1372
9.08 0.8522 9.1478
9.09 0.8416 9.1584
9.1 0.831 9.169
9.11 0.8204 9.1796
9.12 0.8098 9.1902
9.13 0.7992 9.2008
9.14 0.7886 9.2114
9.15 0.778 9.222
9.16 0.7674 9.2326
9.17 0.7568 9.2432
9.18 0.7462 9.2538
9.19 0.7356 9.2644
9.2 0.725 9.275
9.21 0.7144 9.2856
9.22 0.7038 9.2962
9.23 0.6932 9.3068
9.24 0.6826 9.3174
9.25 0.672 9.328
9.26 0.6614 9.3386
9.27 0.6508 9.3492
9.28 0.6402 9.3598
9.29 0.6296 9.3704
9.3 0.619 9.381
9.31 0.6084 9.3916
9.32 0.5978 9.4022
9.33 0.5872 9.4128
9.34 0.5766 9.4234
9.35 0.566 9.434
9.36 0.5554 9.4446
9.37 0.5448 9.4552
9.38 0.5342 9.4658
9.39 0.5236 9.4764
9.4 0.513 9.487
9.41 0.5024 9.4976
9.42 0.4918 9.5082
9.43 0.4812 9.5188
9.44 0.4706 9.5294
9.45 0.46 9.54
9.46 0.4494 9.5506
9.47 0.4388 9.5612
9.48 0.4282 9.5718
9.49 0.4176 9.5824
9.5 0.407 9.593
9.51 0.3964 9.6036
9.52 0.3858 9.6142
9.53 0.3752 9.6248
9.54 0.3646 9.6354
9.55 0.354 9.646
9.56 0.3434 9.6566
9.57 0.3328 9.6672
9.58 0.3222 9.6778
9.59 0.3116 9.6884
9.6 0.301 9.699
9.61 0.2904 9.7096
9.62 0.2798 9.7202
9.63 0.2692 9.7308
9.64 0.2586 9.7414
9.65 0.248 9.752
9.66 0.2374 9.7626
9.67 0.2268 9.7732
9.68 0.2162 9.7838
9.69 0.2056 9.7944
9.7 0.195 9.805
9.71 0.1844 9.8156
9.72 0.1738 9.8262
9.73 0.1632 9.8368
9.74 0.1526 9.8474
9.75 0.142 9.858
9.76 0.1314 9.8686
9.77 0.1208 9.8792
9.78 0.1102 9.8898
9.79 0.0996 9.9004
9.8 0.089 9.911
9.81 0.0784 9.9216
9.82 0.0678 9.9322
9.83 0.0572 9.9428
9.84 0.0466 9.9534
9.85 0.036 9.964
9.86 0.0254 9.9746
9.87 0.0148 9.9852
9.88 0.0042 9.9958
9.89 0.0042 9.9808
9.9 0.0042 9.9658
9.91 0.0042 9.9508
9.92 0.0042 9.9358
9.93 0.0042 9.9208
9.94 0.0042 9.9058
9.95 0.0042 9.8908
9.96 0.0042 9.8758
9.97 0.0042 9.8608
9.98 0.0042 9.8458
9.99 0.0042 9.8308
10.0 0.0042 9.8158
10.01 0.0042 9.8008
10.02 0.0042 9.7858
10.03 0.0042 9.7708
10.04 0.0042 9.7558
10.05 0.0042 9.7408
10.06 0.0042 9.7258
10.07 0.0042 9.7108
10.08 0.0042 9.6958
10.09 0.0042 9.6808
10.1 0.0042 9.6658
10.11 0.0042 9.6508
10.12 0.0042 9.6358
10.13 0.0042 9.6208
10.14 0.0042 9.6058
10.15 0.0042 9.5908
10.16 0.0042 9.5758
10.17 0.0042 9.5608
10.18 0.0042 9.5458
10.19 0.0042 9.5308
10.2 0.0042 9.5158
10.21 0.0042 9.5008
10.22 0.0042 9.4858
10.23 0.0042 9.4708
10.24 0.0042 9.4558
10.25 0.0042 9.4408
10.26 0.0042 9.4258
10.27 0.0042 9.4108
10.28 0.0042 9.3958
10.29 0.0042 9.3808
10.3 0.0042 9.3658
10.31 0.0042 9.3508
10.32 0.0042 9.3358
10.33 0.0042 9.3208
10.34 0.0042 9.3058
10.35 0.0042 9.2908
10.36 0.0042 9.2758
10.37 0.0042 9.2608
10.38 0.0042 9.2458
10.39 0.0042 9.2308
10.4 0.0042 9.2158
10.41 0.0042 9.2008
10.42 0.0042 9.1858
10.43 0.0042 9.1708
10.44 0.0042 9.1558
10.45 0.0042 9.1408
10.46 0.0042 9.1258
10.47 0.0042 9.1108
10.48 0.0042 9.0958
10.49 0.0042 9.0808
10.5 0.0042 9.0658
10.51 0.0042 9.0508
10.52 0.0042 9.0358
10.53 0.0042 9.0208
10.54 0.0042 9.0058
10.55 0.0042 8.9908
10.56 0.0042 8.9758
10.57 0.0042 8.9608
10.58 0.0042 8.9458
10.59 0.0042 8.9308
10.6 0.0042 8.9158
10.61 0.0042 8.9008
10.62 0.0042 8.8858
10.63 0.0042 8.8708
10.64 0.0042 8.8558
10.65 0.0042 8.8408
10.66 0.0042 8.8258
10.67 0.0042 8.8108
10.68 0.0042 8.7958
10.69 0.0042 8.7808
10.7 0.0042 8.7658
10.71 0.0042 8.7508
10.72 0.0042 8.7358
10.73 0.0042 8.7208
10.74 0.0042 8.7058
10.75 0.0042 8.6908
10.76 0.0042 8.6758
10.77 0.0042 8.6608
10.78 0.0042 8.6458
10.79 0.0042 8.6308
10.8 0.0042 8.6158
10.81 0.0042 8.6008
10.82 0.0042 8.5858
10.83 0.0042 8.5708
10.84 0.0042 8.5558
10.85 0.0042 8.5408
10.86 0.0042 8.5258
10.87 0.0042 8.5108
10.88 0.0042 8.4958
10.89 0.0042 8.4808
10.9 0.0042 8.4658
10.91 0.0042 8.4508
10.92 0.0042 8.4358
10.93 0.0042 8.4208
10.94 0.0042 8.4058
10.95 0.0042 8.3908
10.96 0.0042 8.3758
10.97 0.0042 8.3608
10.98 0.0042 8.3458
10.99 0.0042 8.3308
11.0 0.0042 8.3158
11.01 0.0042 8.3008
11.02 0.0042 8.2858
11.03 0.0042 8.2708
11.04 0.0042 8.2558
11.05 0.0042 8.2408
11.06 0.0042 8.2258
11.07 0.0042 8.2108
11.08 0.0042 8.1958
11.09 0.0042 8.1808
11.1 0.0042 8.1658
11.11 0.0042 8.1508
11.12 0.0042 8.1358
11.13 0.0042 8.1208
11.14 0.0042 8.1058
11.15 0.0042 8.0908
11.16 0.0042 8.0758
11.17 0.0042 8.0608
11.18 0.0042 8.0458
11.19 0.0042 8.0308
11.2 0.0042 8.0158
11.21 0.0042 8.0008
11.22 0.0042 7.9858
11.23 0.0042 7.9708
11.24 0.0042 7.9558
11.25 0.0042 7.9408
11.26 0.0042 7.9258
11.27 0.0042 7.9108
11.28 0.0042 7.8958
11.29 0.0042 7.8808
11.3 0.0042 7.8658
11.31 0.0042 7.8508
11.32 0.0042 7.8358
11.33 0.0042 7.8208
11.34 0.0042 7.8058
11.35 0.0042 7.7908
11.36 0.0042 7.7758
11.37 0.0042 7.7608
11.38 0.0042 7.7458
11.39 0.0042 7.7308
11.4 0.0042 7.7158
11.41 0.0042 7.7008
11.42 0.0042 7.6858
11.43 0.0042 7.6708
11.44 0.0042 7.6558
11.45 0.0042 7.6408
11.46 0.0042 7.6258
11.47 0.0042 7.6108
11.48 0.0042 7.5958
11.49 0.0042 7.5808
11.5 0.0042 7.5658
11.51 0.0042 7.5508
11.52 0.0042 7.5358
11.53 0.0042 7.5208
11.54 0.0042 7.5058
11.55 0.0042 7.4908
11.56 0.0042 7.4758
11.57 0.0042 7.4608
11.58 0.0042 7.4458
11.59 0.0042 7.4308
11.6 0.0042 7.4158
11.61 0.0042 7.4008
11.62 0.0042 7.3858
11.63 0.0042 7.3708
11.64 0.0042 7.3558
11.65 0.0042 7.3408
11.66 0.0042 7.3258
11.67 0.0042 7.3108
11.68 0.0042 7.2958
11.69 0.0042 7.2808
11.7 0.0042 7.2658
11.71 0.0042 7.2508
11.72 0.0042 7.2358
11.73 0.0042 7.2208
11.74 0.0042 7.2058
11.75 0.0042 7.1908
11.76 0.0042 7.1758
11.77 0.0042 7.1608
11.78 0.0042 7.1458
11.79 0.0042 7.1308
11.8 0.0042 7.1158
11.81 0.0042 7.1008
11.82 0.0042 7.0858
11.83 0.0042 7.0708
11.84 0.0042 7.0558
11.85 0.0042 7.0408
11.86 0.0042 7.0258
11.87 0.0042 7.0108
11.88 0.0042 6.9958
11.89 0.0042 6.9808
11.9 0.0042 6.9658
11.91 0.0042 6.9508
11.92 0.0042 6.9358
11.93 0.0042 6.9208
11.94 0.0042 6.9058
11.95 0.0042 6.8908
11.96 0.0042 6.8758
11.97 0.0042 6.8608
11.98 0.0042 6.8458
11.99 0.0042 6.8308
12.0 0.0042 6.8158
12.01 0.0042 6.8008
12.02 0.0042 6.7858
12.03 0.0042 6.7708
12.04 0.0042 6.7558
12.05 0.0042 6.7408
12.06 0.0042 6.7258
12.07 0.0042 6.7108
12.08 0.0042 6.6958
12.09 0.0042 6.6808
12.1 0.0042 6.6658
12.11 0.0042 6.6508
12.12 0.0042 6.6358
12.13 0.0042 6.6208
12.14 0.0042 6.6058
12.15 0.0042 6.5908
12.16 0.0042 6.5758
12.17 0.0042 6.5608
12.18 0.0042 6.5458
12.19 0.0042 6.5308
12.2 0.0042 6.5158
12.21 0.0042 6.5008
12.22 0.0042 6.4858
12.23 0.0042 6.4708
12.24 0.0042 6.4558
12.25 0.0042 6.4408
12.26 0.0042 6.4258
12.27 0.0042 6.4108
12.28 0.0042 6.3958
12.29 0.0042 6.3808
12.3 0.0042 6.3658
12.31 0.0042 6.3508
12.32 0.0042 6.3358
12.33 0.0042 6.3208
12.34 0.0042 6.3058
12.35 0.0042 6.2908
12.36 0.0042 6.2758
12.37 0.0042 6.2608
12.38 0.0042 6.2458
12.39 0.0042 6.2308
12.4 0.0042 6.2158
12.41 0.0042 6.2008
12.42 0.0042 6.1858
12.43 0.0042 6.1708
12.44 0.0042 6.1558
12.45 0.0042 6.1408
12.46 0.0042 6.1258
12.47 0.0042 6.1108
12.48 0.0042 6.0958
12.49 0.0042 6.0808
12.5 0.0042 6.0658
12.51 0.0042 6.0508
12.52 0.0042 6.0358
12.53 0.0042 6.0208
12.54 0.0042 6.0058
12.55 0.0042 5.9908
12.56 0.0042 5.9758
12.57 0.0042 5.9608
12.58 0.0042 5.9458
12.59 0.0042 5.9308
12.6 0.0042 5.9158
12.61 0.0042 5.9008
12.62 0.0042 5.8858
12.63 0.0042 5.8708
12.64 0.0042 5.8558
12.65 0.0042 5.8408
12.66 0.0042 5.8258
12.67 0.0042 5.8108
12.68 0.0042 5.7958
12.69 0.0042 5.7808
12.7 0.0042 5.7658
12.71 0.0042 5.7508
12.72 0.0042 5.7358
12.73 0.0042 5.7208
12.74 0.0042 5.7058
12.75 0.0042 5.6908
12.76 0.0042 5.6758
12.77 0.0042 5.6608
12.78 0.0042 5.6458
12.79 0.0042 5.6308
12.8 0.0042 5.6158
12.81 0.0042 5.6008
12.82 0.0042 5.5858
12.83 0.0042 5.5708
12.84 0.0042 5.5558
12.85 0.0042 5.5408
12.86 0.0042 5.5258
12.87 0.0042 5.5108
12.88 0.0042 5.4958
12.89 0.0042 5.4808
12.9 0.0042 5.4658
12.91 0.0042 5.4508
12.92 0.0042 5.4358
12.93 0.0042 5.4208
12.94 0.0042 5.4058
12.95 0.0042 5.3908
12.96 0.0042 5.3758
12.97 0.0042 5.3608
12.98 0.0042 5.3458
12.99 0.0042 5.3308
13.0 0.0042 5.3158
13.01 0.0042 5.3008
13.02 0.0042 5.2858
13.03 0.0042 5.2708
13.04 0.0042 5.2558
13.05 0.0042 5.2408
13.06 0.0042 5.2258
13.07 0.0042 5.2108
13.08 0.0042 5.1958
13.09 0.0042 5.1808
13.1 0.0042 5.1658
13.11 0.0042 5.1508
13.12 0.0042 5.1358
13.13 0.0042 5.1208
13.14 0.0042 5.1058
13.15 0.0042 5.0908
13.16 0.0042 5.0758
13.17 0.0042 5.0608
13.18 0.0042 5.0458
13.19 0.0042 5.0308
13.2 0.0042 5.0158
13.21 0.0042 5.0008
13.22 0.0042 4.9858
13.23 0.0042 4.9708
13.24 0.0042 4.9558
13.25 0.0042 4.9408
13.26 0.0042 4.9258
13.27 0.0042 4.9108
13.28 0.0042 4.8958
13.29 0.0042 4.8808
13.3 0.0042 4.8658
13.31 0.0042 4.8508
13.32 0.0042 4.8358
13.33 0.0042 4.8208
13.34 0.0042 4.8058
13.35 0.0042 4.7908
13.36 0.0042 4.7758
13.37 0.0042 4.7608
13.38 0.0042 4.7458
13.39 0.0042 4.7308
13.4 0.0042 4.7158
13.41 0.0042 4.7008
13.42 0.0042 4.6858
13.43 0.0042 4.6708
13.44 0.0042 4.6558
13.45 0.0042 4.6408
13.46 0.0042 4.6258
13.47 0.0042 4.6108
13.48 0.0042 4.5958
13.49 0.0042 4.5808
13.5 0.0042 4.5658
13.51 0.0042 4.5508
13.52 0.0042 4.5358
13.53 0.0042 4.5208
13.54 0.0042 4.5058
13.55 0.0042 4.4908
13.56 0.0042 4.4758
13.57 0.0042 4.4608
13.58 0.0042 4.4458
13.59 0.0042 4.4308
13.6 0.0042 4.4158
13.61 0.0042 4.4008
13.62 0.0042 4.3858
13.63 0.0042 4.3708
13.64 0.0042 4.3558
13.65 0.0042 4.3408
13.66 0.0042 4.3258
13.67 0.0042 4.3108
13.68 0.0042 4.2958
13.69 0.0042 4.2808
13.7 0.0042 4.2658
13.71 0.0042 4.2508
13.72 0.0042 4.2358
13.73 0.0042 4.2208
13.74 0.0042 4.2058
13.75 0.0042 4.1908
13.76 0.0042 4.1758
13.77 0.0042 4.1608
13.78 0.0042 4.1458
13.79 0.0042 4.1308
13.8 0.0042 4.1158
13.81 0.0042 4.1008
13.82 0.0042 4.0858
13.83 0.0042 4.0708
13.84 0.0042 4.0558
13.85 0.0042 4.0408
13.86 0.0042 4.0258
13.87 0.0042 4.0108
13.88 0.0042 3.9958
13.89 0.0042 3.9808
13.9 0.0042 3.9658
13.91 0.0042 3.9508
13.92 0.0042 3.9358
13.93 0.0042 3.9208
13.94 0.0042 3.9058
13.95 0.0042 3.8908
13.96 0.0042 3.8758
13.97 0.0042 3.8608
13.98 0.0042 3.8458
13.99 0.0042 3.8308
14.0 0.0042 3.8158
14.01 0.0042 3.8008
14.02 0.0042 3.7858
14.03 0.0042 3.7708
14.04 0.0042 3.7558
14.05 0.0042 3.7408
14.06 0.0042 3.7258
14.07 0.0042 3.7108
14.08 0.0042 3.6958
14.09 0.0042 3.6808
14.1 0.0042 3.6658
14.11 0.0042 3.6508
14.12 0.0042 3.6358
14.13 0.0042 3.6208
14.14 0.0042 3.6058
14.15 0.0042 3.5908
14.16 0.0042 3.5758
14.17 0.0042 3.5608
14.18 0.0042 3.5458
14.19 0.0042 3.5308
14.2 0.0042 3.5158
14.21 0.0042 3.5008
14.22 0.0042 3.4858
14.23 0.0042 3.4708
14.24 0.0042 3.4558
14.25 0.0042 3.4408
14.26 0.0042 3.4258
14.27 0.0042 3.4108
14.28 0.0042 3.3958
14.29 0.0042 3.3808
14.3 0.0042 3.3658
14.31 0.0042 3.3508
14.32 0.0042 3.3358
14.33 0.0042 3.3208
14.34 0.0042 3.3058
14.35 0.0042 3.2908
14.36 0.0042 3.2758
14.37 0.0042 3.2608
14.38 0.0042 3.2458
14.39 0.0042 3.2308
14.4 0.0042 3.2158
14.41 0.0042 3.2008
14.42 0.0042 3.1858
14.43 0.0042 3.1708
14.44 0.0042 3.1558
14.45 0.0042 3.1408
14.46 0.0042 3.1258
14.47 0.0042 3.1108
14.48 0.0042 3.0958
14.49 0.0042 3.0808
14.5 0.0042 3.0658
14.51 0.0042 3.0508
14.52 0.0042 3.0358
14.53 0.0042 3.0208
14.54 0.0042 3.0058
14.55 0.0042 2.9908
14.56 0.0042 2.9758
14.57 0.0042 2.9608
14.58 0.0042 2.9458
14.59 0.0042 2.9308
14.6 0.0042 2.9158
14.61 0.0042 2.9008
14.62 0.0042 2.8858
14.63 0.0042 2.8708
14.64 0.0042 2.8558
14.65 0.0042 2.8408
14.66 0.0042 2.8258
14.67 0.0042 2.8108
14.68 0.0042 2.7958
14.69 0.0042 2.7808
14.7 0.0042 2.7658
14.71 0.0042 2.7508
14.72 0.0042 2.7358
14.73 0.0042 2.7208
14.74 0.0042 2.7058
14.75 0.0042 2.6908
14.76 0.0042 2.6758
14.77 0.0042 2.6608
14.78 0.0042 2.6458
14.79 0.0042 2.6308
14.8 0.0042 2.6158
14.81 0.0042 2.6008
14.82 0.0042 2.5858
14.83 0.0042 2.5708
14.84 0.0042 2.5558
14.85 0.0042 2.5408
14.86 0.0042 2.5258
14.87 0.0042 2.5108
14.88 0.0042 2.4958
14.89 0.0042 2.4808
14.9 0.0042 2.4658
14.91 0.0042 2.4508
14.92 0.0042 2.4358
14.93 0.0042 2.4208
14.94 0.0042 2.4058
14.95 0.0042 2.3908
14.96 0.0042 2.3758
14.97 0.0042 2.3608
14.98 0.0042 2.3458
14.99 0.0042 2.3308
15.0 0.0042 2.3158
15.01 0.0042 2.3008
15.02 0.0042 2.2858
15.03 0.0042 2.2708
15.04 0.0042 2.2558
15.05 0.0042 2.2408
15.06 0.0042 2.2258
15.07 0.0042 2.2108
15.08 0.0042 2.1958
15.09 0.0042 2.1808
15.1 0.0042 2.1658
15.11 0.0042 2.1508
15.12 0.0042 2.1358
15.13 0.0042 2.1208
15.14 0.0042 2.1058
15.15 0.0042 2.0908
15.16 0.0042 2.0758
15.17 0.0042 2.0608
15.18 0.0042 2.0458
15.19 0.0042 2.0308
15.2 0.0042 2.0158
15.21 0.0042 2.0008
15.22 0.0042 1.9858
15.23 0.0042 1.9708
15.24 0.0042 1.9558
15.25 0.0042 1.9408
15.26 0.0042 1.9258
15.27 0.0042 1.9108
15.28 0.0042 1.8958
15.29 0.0042 1.8808
15.3 0.0042 1.8658
15.31 0.0042 1.8508
15.32 0.0042 1.8358
15.33 0.0042 1.8208
15.34 0.0042 1.8058
15.35 0.0042 1.7908
15.36 0.0042 1.7758
15.37 0.0042 1.7608
15.38 0.0042 1.7458
15.39 0.0042 1.7308
15.4 0.0042 1.7158
15.41 0.0042 1.7008
15.42 0.0042 1.6858
15.43 0.0042 1.6708
15.44 0.0042 1.6558
15.45 0.0042 1.6408
15.46 0.0042 1.6258
15.47 0.0042 1.6108
15.48 0.0042 1.5958
15.49 0.0042 1.5808
15.5 0.0042 1.5658
15.51 0.0042 1.5508
15.52 0.0042 1.5358
15.53 0.0042 1.5208
15.54 0.0042 1.5058
15.55 0.0042 1.4908
15.56 0.0042 1.4758
15.57 0.0042 1.4608
15.58 0.0042 1.4458
15.59 0.0042 1.4308
15.6 0.0042 1.4158
15.61 0.0042 1.4008
15.62 0.0042 1.3858
15.63 0.0042 1.3708
15.64 0.0042 1.3558
15.65 0.0042 1.3408
15.66 0.0042 1.3258
15.67 0.0042 1.3108
15.68 0.0042 1.2958
15.69 0.0042 1.2808
15.7 0.0042 1.2658
15.71 0.0042 1.2508
15.72 0.0042 1.2358
15.73 0.0042 1.2208
15.74 0.0042 1.2058
15.75 0.0042 1.1908
15.76 0.0042 1.1758
15.77 0.0042 1.1608
15.78 0.0042 1.1458
15.79 0.0042 1.1308
15.8 0.0042 1.1158
15.81 0.0042 1.1008
15.82 0.0042 1.0858
15.83 0.0042 1.0708
15.84 0.0042 1.0558
15.85 0.0042 1.0408
15.86 0.0042 1.0258
15.87 0.0042 1.0108
15.88 0.0042 0.9958
15.89 0.0042 0.9808
15.9 0.0042 0.9658
15.91 0.0042 0.9508
15.92 0.0042 0.9358
15.93 0.0042 0.9208
15.94 0.0042 0.9058
15.95 0.0042 0.8908
15.96 0.0042 0.8758
15.97 0.0042 0.8608
15.98 0.0042 0.8458
15.99 0.0042 0.8308
16.0 0.0042 0.8158
16.01 0.0042 0.8008
16.02 0.0042 0.7858
16.03 0.0042 0.7708
16.04 0.0042 0.7558
16.05 0.0042 0.7408
16.06 0.0042 0.7258
16.07 0.0042 0.7108
16.08 0.0042 0.6958
16.09 0.0042 0.6808
16.1 0.0042 0.6658
16.11 0.0042 0.6508
16.12 0.0042 0.6358
16.13 0.0042 0.6208
16.14 0.0042 0.6058
16.15 0.0042 0.5908
16.16 0.0042 0.5758
16.17 0.0042 0.5608
16.18 0.0042 0.5458
16.19 0.0042 0.5308
16.2 0.0042 0.5158
16.21 0.0042 0.5008
16.22 0.0042 0.4858
16.23 0.0042 0.4708
16.24 0.0042 0.4558
16.25 0.0042 0.4408
16.26 0.0042 0.4258
16.27 0.0042 0.4108
16.28 0.0042 0.3958
16.29 0.0042 0.3808
16.3 0.0042 0.3658
16.31 0.0042 0.3508
16.32 0.0042 0.3358
16.33 0.0042 0.3208
16.34 0.0042 0.3058
16.35 0.0042 0.2908
16.36 0.0042 0.2758
16.37 0.0042 0.2608
16.38 0.0042 0.2458
16.39 0.0042 0.2308
16.4 0.0042 0.2158
16.41 0.0042 0.2008
16.42 0.0042 0.1858
16.43 0.0042 0.1708
16.44 0.0042 0.1558
16.45 0.0042 0.1408
16.46 0.0042 0.1258
16.47 0.0042 0.1108
16.48 0.0042 0.0958
16.49 0.0042 0.0808
16.5 0.0042 0.0658
16.51 0.0042 0.0508
16.52 0.0042 0.0358
16.53 0.0042 0.0208
16.54 0.0042 0.0058
16.55 0.0042 -0.0092
