0.46 0.0 9.985
0.47 0.0 9.97
0.48 0.0 9.955
0.49 0.0 9.94
0.5 0.0 9.925
0.51 0.0 9.91
0.52 0.0 9.895
0.53 0.0 9.88
0.54 0.0 9.865
0.55 0.0 9.85
0.56 0.0 9.835
0.57 0.0 9.82
0.58 0.0 9.805
0.59 0.0 9.79
0.6 0.0 9.775
0.61 0.0 9.76
0.62 0.0 9.745
0.63 0.0 9.73
0.64 0.0 9.715
0.65 0.0 9.7
0.66 0.0 9.685
0.67 0.0 9.67
0.68 0.0 9.655
0.69 0.0 9.64
0.7 0.0 9.625
0.71 0.0 9.61
0.72 0.0 9.595
0.73 0.0 9.58
0.74 0.0 9.565
0.75 0.0 9.55
0.76 0.0 9.535
0.77 0.0 9.52
0.78 0.0 9.505
0.79 0.0 9.49
0.8 0.0 9.475
0.81 0.0 9.46
0.82 0.0 9.445
0.83 0.0 9.43
0.84 0.0 9.415
0.85 0.0 9.4
0.86 0.0 9.385
0.87 0.0 9.37
0.88 0.0 9.355
0.89 0.0 9.34
0.9 0.0 9.325
0.91 0.0 9.31
0.92 0.0 9.295
0.93 0.0 9.28
0.94 0.0 9.265
0.95 0.0 9.25
0.96 0.0 9.235
0.97 0.0 9.22
0.98 0.0 9.205
0.99 0.0 9.19
1.0 0.0 9.175
1.01 0.0 9.16
1.02 0.0 9.145
1.03 0.0 9.13
1.04 0.0 9.115
1.05 0.0 9.1
1.06 0.0 9.085
1.07 0.0 9.07
1.08 0.0 9.055
1.09 0.0 9.04
1.1 0.0 9.025
1.11 0.0 9.01
1.12 0.0 8.995
1.13 0.0 8.98
1.14 0.0 8.965
1.15 0.0 8.95
1.16 0.0 8.935
1.17 0.0 8.92
1.18 0.0 8.905
1.19 0.0 8.89
1.2 0.0 8.875
1.21 0.0 8.86
1.22 0.0 8.845
1.23 0.0 8.83
1.24 0.0 8.815
1.25 0.0 8.8
1.26 0.0 8.785
1.27 0.0 8.77
1.28 0.0 8.755
1.29 0.0 8.74
1.3 0.0 8.725
1.31 0.0 8.71
1.32 0.0 8.695
1.33 0.0 8.68
1.34 0.0 8.665
1.35 0.0 8.65
1.36 0.0 8.635
1.37 0.0 8.62
1.38 0.0 8.605
1.39 0.0 8.59
1.4 0.0 8.575
1.41 0.0 8.56
1.42 0.0 8.545
1.43 0.0 8.53
1.44 0.0 8.515
1.45 0.0 8.5
1.46 0.0 8.485
1.47 0.0 8.47
1.48 0.0 8.455
1.49 0.0 8.44
1.5 0.0 8.425
1.51 0.0 8.41
1.52 0.0 8.395
1.53 0.0 8.38
1.54 0.0 8.365
1.55 0.0 8.35
1.56 0.0 8.335
1.57 0.0 8.32
1.58 0.0 8.305
1.59 0.0 8.29
1.6 0.0 8.275
1.61 0.0 8.26
1.62 0.0 8.245
1.63 0.0 8.23
1.64 0.0 8.215
1.65 0.0 8.2
1.66 0.0 8.185
1.67 0.0 8.17
1.68 0.0 8.155
1.69 0.0 8.14
1.7 0.0 8.125
1.71 0.0 8.11
1.72 0.0 8.095
1.73 0.0 8.08
1.74 0.0 8.065
1.75 0.0 8.05
1.76 0.0 8.035
1.77 0.0 8.02
1.78 0.0 8.005
1.79 0.0 7.99
1.8 0.0 7.975
1.81 0.0 7.96
1.82 0.0 7.945
1.83 0.0 7.93
1.84 0.0 7.915
1.85 0.0 7.9
1.86 0.0 7.885
1.87 0.0 7.87
1.88 0.0 7.855
1.89 0.0 7.84
1.9 0.0 7.825
1.91 0.0 7.81
1.92 0.0 7.795
1.93 0.0 7.78
1.94 0.0 7.765
1.95 0.0 7.75
1.96 0.0 7.735
1.97 0.0 7.72
1.98 0.0 7.705
1.99 0.0 7.69
2.0 0.0 7.675
2.01 0.0 7.66
2.02 0.0 7.645
2.03 0.0 7.63
2.04 0.0 7.615
2.05 0.0 7.6
2.06 0.0 7.585
2.07 0.0 7.57
2.08 0.0 7.555
2.09 0.0 7.54
2.1 0.0 7.525
2.11 0.0 7.51
2.12 0.0 7.495
2.13 0.0 7.48
2.14 0.0 7.465
2.15 0.0 7.45
2.16 0.0 7.435
2.17 0.0 7.42
2.18 0.0 7.405
2.19 0.0 7.39
2.2 0.0 7.375
2.21 0.0 7.36
2.22 0.0 7.345
2.23 0.0 7.33
2.24 0.0 7.315
2.25 0.0 7.3
2.26 0.0 7.285
2.27 0.0 7.27
2.28 0.0 7.255
2.29 0.0 7.24
2.3 0.0 7.225
2.31 0.0 7.21
2.32 0.0 7.195
2.33 0.0 7.18
2.34 0.0 7.165
2.35 0.0 7.15
2.36 0.0 7.135
2.37 0.0 7.12
2.38 0.0 7.105
2.39 0.0 7.09
2.4 0.0 7.075
2.41 0.0 7.06
2.42 0.0 7.045
2.43 0.0 7.03
2.44 0.0 7.015
2.45 0.0 7.0
2.46 0.0 6.985
2.47 0.0 6.97
2.48 0.0 6.955
2.49 0.0 6.94
2.5 0.0 6.925
2.51 0.0 6.91
2.52 0.0 6.895
2.53 0.0 6.88
2.54 0.0 6.865
2.55 0.0 6.85
2.56 0.0 6.835
2.57 0.0 6.82
2.58 0.0 6.805
2.59 0.0 6.79
2.6 0.0 6.775
2.61 0.0 6.76
2.62 0.0 6.745
2.63 0.0 6.73
2.64 0.0 6.715
2.65 0.0 6.7
2.66 0.0 6.685
2.67 0.0 6.67
2.68 0.0 6.655
2.69 0.0 6.64
2.7 0.0 6.625
2.71 0.0 6.61
2.72 0.0 6.595
2.73 0.0 6.58
2.74 0.0 6.565
2.75 0.0 6.55
2.76 0.0 6.535
2.77 0.0 6.52
2.78 0.0 6.505
2.79 0.0 6.49
2.8 0.0 6.475
2.81 0.0 6.46
2.82 0.0 6.445
2.83 0.0 6.43
2.84 0.0 6.415
2.85 0.0 6.4
2.86 0.0 6.385
2.87 0.0 6.37
2.88 0.0 6.355
2.89 0.0 6.34
2.9 0.0 6.325
2.91 0.0 6.31
2.92 0.0 6.295
2.93 0.0 6.28
2.94 0.0 6.265
2.95 0.0 6.25
2.96 0.0 6.235
2.97 0.0 6.22
2.98 0.0 6.205
2.99 0.0 6.19
3.0 0.0 6.175
3.01 0.0 6.16
3.02 0.0 6.145
3.03 0.0 6.13
3.04 0.0 6.115
3.05 0.0 6.1
3.06 0.0 6.085
3.07 0.0 6.07
3.08 0.0 6.055
3.09 0.0 6.04
3.1 0.0 6.025
3.11 0.0 6.01
3.12 0.0 5.995
3.13 0.0 5.98
3.14 0.0 5.965
3.15 0.0 5.95
3.16 0.0 5.935
3.17 0.0 5.92
3.18 0.0 5.905
3.19 0.0 5.89
3.2 0.0 5.875
3.21 0.0 5.86
3.22 0.0 5.845
3.23 0.0 5.83
3.24 0.0 5.815
3.25 0.0 5.8
3.26 0.0 5.785
3.27 0.0 5.77
3.28 0.0 5.755
3.29 0.0 5.74
3.3 0.0 5.725
3.31 0.0 5.71
3.32 0.0 5.695
3.33 0.0 5.68
3.34 0.0 5.665
3.35 0.0 5.65
3.36 0.0 5.635
3.37 0.0 5.62
3.38 0.0 5.605
3.39 0.0 5.59
3.4 0.0 5.575
3.41 0.0 5.56
3.42 0.0 5.545
3.43 0.0 5.53
3.44 0.0 5.515
3.45 0.0 5.5
3.46 0.0 5.485
3.47 0.0 5.47
3.48 0.0 5.455
3.49 0.0 5.44
3.5 0.0 5.425
3.51 0.0 5.41
3.52 0.0 5.395
3.53 0.0 5.38
3.54 0.0 5.365
3.55 0.0 5.35
3.56 0.0 5.335
3.57 0.0 5.32
3.58 0.0 5.305
3.59 0.0 5.29
3.6 0.0 5.275
3.61 0.0 5.26
3.62 0.0 5.245
3.63 0.0 5.23
3.64 0.0 5.215
3.65 0.0 5.2
3.66 0.0 5.185
3.67 0.0 5.17
3.68 0.0 5.155
3.69 0.0 5.14
3.7 0.0 5.125
3.71 0.0 5.11
3.72 0.0 5.095
3.73 0.0 5.08
3.74 0.0 5.065
3.75 0.0 5.05
3.76 0.0 5.035
3.77 0.0 5.02
3.78 0.0 5.005
3.79 0.0 4.99
3.8 0.0 4.975
3.81 0.0 4.96
3.82 0.0 4.945
3.83 0.0 4.93
3.84 0.0 4.915
3.85 0.0 4.9
3.86 0.0 4.885
3.87 0.0 4.87
3.88 0.0 4.855
3.89 0.0 4.84
3.9 0.0 4.825
3.91 0.0 4.81
3.92 0.0 4.795
3.93 0.0 4.78
3.94 0.0 4.765
3.95 0.0 4.75
3.96 0.0 4.735
3.97 0.0 4.72
3.98 0.0 4.705
3.99 0.0 4.69
4.0 0.0 4.675
4.01 0.0 4.66
4.02 0.0 4.645
4.03 0.0 4.63
4.04 0.0 4.615
4.05 0.0 4.6
4.06 0.0 4.585
4.07 0.0 4.57
4.08 0.0 4.555
4.09 0.0 4.54
4.1 0.0 4.525
4.11 0.0 4.51
4.12 0.0 4.495
4.13 0.0 4.48
4.14 0.0 4.465
4.15 0.0 4.45
4.16 0.0 4.435
4.17 0.0 4.42
4.18 0.0 4.405
4.19 0.0 4.39
4.2 0.0 4.375
4.21 0.0 4.36
4.22 0.0 4.345
4.23 0.0 4.33
4.24 0.0 4.315
4.25 0.0 4.3
4.26 0.0 4.285
4.27 0.0 4.27
4.28 0.0 4.255
4.29 0.0 4.24
4.3 0.0 4.225
4.31 0.0 4.21
4.32 0.0 4.195
4.33 0.0 4.18
4.34 0.0 4.165
4.35 0.0 4.15
4.36 0.0 4.135
4.37 0.0 4.12
4.38 0.0 4.105
4.39 0.0 4.09
4.4 0.0 4.075
4.41 0.0 4.06
4.42 0.0 4.045
4.43 0.0 4.03
4.44 0.0 4.015
4.45 0.0 4.0
4.46 0.0 3.985
4.47 0.0 3.97
4.48 0.0 3.955
4.49 0.0 3.94
4.5 0.0 3.925
4.51 0.0 3.91
4.52 0.0 3.895
4.53 0.0 3.88
4.54 0.0 3.865
4.55 0.0 3.85
4.56 0.0 3.835
4.57 0.0 3.82
4.58 0.0 3.805
4.59 0.0 3.79
4.6 0.0 3.775
4.61 0.0 3.76
4.62 0.0 3.745
4.63 0.0 3.73
4.64 0.0 3.715
4.65 0.0 3.7
4.66 0.0 3.685
4.67 0.0 3.67
4.68 0.0 3.655
4.69 0.0 3.64
4.7 0.0 3.625
4.71 0.0 3.61
4.72 0.0 3.595
4.73 0.0 3.58
4.74 0.0 3.565
4.75 0.0 3.55
4.76 0.0 3.535
4.77 0.0 3.52
4.78 0.0 3.505
4.79 0.0 3.49
4.8 0.0 3.475
4.81 0.0 3.46
4.82 0.0 3.445
4.83 0.0 3.43
4.84 0.0 3.415
4.85 0.0 3.4
4.86 0.0 3.385
4.87 0.0 3.37
4.88 0.0 3.355
4.89 0.0 3.34
4.9 0.0 3.325
4.91 0.0 3.31
4.92 0.0 3.295
4.93 0.0 3.28
4.94 0.0 3.265
4.95 0.0 3.25
4.96 0.0 3.235
4.97 0.0 3.22
4.98 0.0 3.205
4.99 0.0 3.19
5.0 0.0 3.175
5.01 0.0 3.16
5.02 0.0 3.145
5.03 0.0 3.13
5.04 0.0 3.115
5.05 0.0 3.1
5.06 0.0 3.085
5.07 0.0 3.07
5.08 0.0 3.055
5.09 0.0 3.04
5.1 0.0 3.025
5.11 0.0 3.01
5.12 0.0 2.995
5.13 0.0 2.98
5.14 0.0 2.965
5.15 0.0 2.95
5.16 0.0 2.935
5.17 0.0 2.92
5.18 0.0 2.905
5.19 0.0 2.89
5.2 0.0 2.875
5.21 0.0 2.86
5.22 0.0 2.845
5.23 0.0 2.83
5.24 0.0 2.815
5.25 0.0 2.8
5.26 0.0 2.785
5.27 0.0 2.77
5.28 0.0 2.755
5.29 0.0 2.74
5.3 0.0 2.725
5.31 0.0 2.71
5.32 0.0 2.695
5.33 0.0 2.68
5.34 0.0 2.665
5.35 0.0 2.65
5.36 0.0 2.635
5.37 0.0 2.62
5.38 0.0 2.605
5.39 0.0 2.59
5.4 0.0 2.575
5.41 0.0 2.56
5.42 0.0 2.545
5.43 0.0 2.53
5.44 0.0 2.515
5.45 0.0 2.5
5.46 0.0 2.485
5.47 0.0 2.47
5.48 0.0 2.455
5.49 0.0 2.44
5.5 0.0 2.425
5.51 0.0 2.41
5.52 0.0 2.395
5.53 0.0 2.38
5.54 0.0 2.365
5.55 0.0 2.35
5.56 0.0 2.335
5.57 0.0 2.32
5.58 0.0 2.305
5.59 0.0 2.29
5.6 0.0 2.275
5.61 0.0 2.26
5.62 0.0 2.245
5.63 0.0 2.23
5.64 0.0 2.215
5.65 0.0 2.2
5.66 0.0 2.185
5.67 0.0 2.17
5.68 0.0 2.155
5.69 0.0 2.14
5.7 0.0 2.125
5.71 0.0 2.11
5.72 0.0 2.095
5.73 0.0 2.08
5.74 0.0 2.065
5.75 0.0 2.05
5.76 0.0 2.035
5.77 0.0 2.02
5.78 0.0 2.005
5.79 0.0 1.99
5.8 0.0 1.975
5.81 0.0 1.96
5.82 0.0 1.945
5.83 0.0 1.93
5.84 0.0 1.915
5.85 0.0 1.9
5.86 0.0 1.885
5.87 0.0 1.87
5.88 0.0 1.855
5.89 0.0 1.84
5.9 0.0 1.825
5.91 0.0 1.81
5.92 0.0 1.795
5.93 0.0 1.78
5.94 0.0 1.765
5.95 0.0 1.75
5.96 0.0 1.735
5.97 0.0 1.72
5.98 0.0 1.705
5.99 0.0 1.69
6.0 0.0 1.675
6.01 0.0 1.66
6.02 0.0 1.645
6.03 0.0 1.63
6.04 0.0 1.615
6.05 0.0 1.6
6.06 0.0 1.585
6.07 0.0 1.57
6.08 0.0 1.555
6.09 0.0 1.54
6.1 0.0 1.525
6.11 0.0 1.51
6.12 0.0 1.495
6.13 0.0 1.48
6.14 0.0 1.465
6.15 0.0 1.45
6.16 0.0 1.435
6.17 0.0 1.42
6.18 0.0 1.405
6.19 0.0 1.39
6.2 0.0 1.375
6.21 0.0 1.36
6.22 0.0 1.345
6.23 0.0 1.33
6.24 0.0 1.315
6.25 0.0 1.3
6.26 0.0 1.285
6.27 0.0 1.27
6.28 0.0 1.255
6.29 0.0 1.24
6.3 0.0 1.225
6.31 0.0 1.21
6.32 0.0 1.195
6.33 0.0 1.18
6.34 0.0 1.165
6.35 0.0 1.15
6.36 0.0 1.135
6.37 0.0 1.12
6.38 0.0 1.105
6.39 0.0 1.09
6.4 0.0 1.075
6.41 0.0 1.06
6.42 0.0 1.045
6.43 0.0 1.03
6.44 0.0 1.015
6.45 0.0 1.0
6.46 0.0 0.985
6.47 0.0 0.97
6.48 0.0 0.955
6.49 0.0 0.94
6.5 0.0 0.925
6.51 0.0 0.91
6.52 0.0 0.895
6.53 0.0 0.88
6.54 0.0 0.865
6.55 0.0 0.85
6.56 0.0 0.835
6.57 0.0 0.82
6.58 0.0 0.805
6.59 0.0 0.79
6.6 0.0 0.775
6.61 0.0 0.76
6.62 0.0 0.745
6.63 0.0 0.73
6.64 0.0 0.715
6.65 0.0 0.7
6.66 0.0 0.685
6.67 0.0 0.67
6.68 0.0 0.655
6.69 0.0 0.64
6.7 0.0 0.625
6.71 0.0 0.61
6.72 0.0 0.595
6.73 0.0 0.58
6.74 0.0 0.565
6.75 0.0 0.55
6.76 0.0 0.535
6.77 0.0 0.52
6.78 0.0 0.505
6.79 0.0 0.49
6.8 0.0 0.475
6.81 0.0 0.46
6.82 0.0 0.445
6.83 0.0 0.43
6.84 0.0 0.415
6.85 0.0 0.4
6.86 0.0 0.385
6.87 0.0 0.37
6.88 0.0 0.355
6.89 0.0 0.34
6.9 0.0 0.325
6.91 0.0 0.31
6.92 0.0 0.295
6.93 0.0 0.28
6.94 0.0 0.265
6.95 0.0 0.25
6.96 0.0 0.235
6.97 0.0 0.22
6.98 0.0 0.205
6.99 0.0 0.19
7.0 0.0 0.175
7.01 0.0 0.16
7.02 0.0 0.145
7.03 0.0 0.13
7.04 0.0 0.115
7.05 0.0 0.1
7.06 0.0 0.085
7.07 0.0 0.07
7.08 0.0 0.055
7.09 0.0 0.04
7.1 0.0 0.025
7.11 0.0 0.01
7.12 0.0 -0.005
7.13 0.0134 0.0017
7.14 0.0268 0.0084
7.15 0.0402 0.0151
7.16 0.0536 0.0218
7.17 0.067 0.0285
7.18 0.0804 0.0352
7.19 0.0938 0.0419
7.2 0.1072 0.0486
7.21 0.1206 0.0553
7.22 0.134 0.062
7.23 0.1474 0.0687
7.24 0.1608 0.0754
7.25 0.1742 0.0821
7.26 0.1876 0.0888
7.27 0.201 0.0955
7.28 0.2144 0.1022
7.29 0.2278 0.1089
7.3 0.2412 0.1156
7.31 0.2546 0.1223
7.32 0.268 0.129
7.33 0.2814 0.1357
7.34 0.2948 0.1424
7.35 0.3082 0.1491
7.36 0.3216 0.1558
7.37 0.335 0.1625
7.38 0.3484 0.1692
7.39 0.3618 0.1759
7.4 0.3752 0.1826
7.41 0.3886 0.1893
7.42 0.402 0.196
7.43 0.4154 0.2027
7.44 0.4288 0.2094
7.45 0.4422 0.2161
7.46 0.4556 0.2228
7.47 0.469 0.2295
7.48 0.4824 0.2362
7.49 0.4958 0.2429
7.5 0.5092 0.2496
7.51 0.5226 0.2563
7.52 0.536 0.263
7.53 0.5494 0.2697
7.54 0.5628 0.2764
7.55 0.5762 0.2831
7.56 0.5896 0.2898
7.57 0.603 0.2965
7.58 0.6164 0.3032
7.59 0.6298 0.3099
7.6 0.6432 0.3166
7.61 0.6566 0.3233
7.62 0.67 0.33
7.63 0.6834 0.3367
7.64 0.6968 0.3434
7.65 0.7102 0.3501
7.66 0.7236 0.3568
7.67 0.737 0.3635
7.68 0.7504 0.3702
7.69 0.7638 0.3769
7.7 0.7772 0.3836
7.71 0.7906 0.3903
7.72 0.804 0.397
7.73 0.8174 0.4037
7.74 0.8308 0.4104
7.75 0.8442 0.4171
7.76 0.8576 0.4238
7.77 0.871 0.4305
7.78 0.8844 0.4372
7.79 0.8978 0.4439
7.8 0.9112 0.4506
7.81 0.9246 0.4573
7.82 0.938 0.464
7.83 0.9514 0.4707
7.84 0.9648 0.4774
7.85 0.9782 0.4841
7.86 0.9916 0.4908
7.87 1.005 0.4975
7.88 1.0184 0.5042
7.89 1.0318 0.5109
7.9 1.0452 0.5176
7.91 1.0586 0.5243
7.92 1.072 0.531
7.93 1.0854 0.5377
7.94 1.0988 0.5444
7.95 1.1122 0.5511
7.96 1.1256 0.5578
7.97 1.139 0.5645
7.98 1.1524 0.5712
7.99 1.1658 0.5779
8.0 1.1792 0.5846
8.01 1.1926 0.5913
8.02 1.206 0.598
8.03 1.2194 0.6047
8.04 1.2328 0.6114
8.05 1.2462 0.6181
8.06 1.2596 0.6248
8.07 1.273 0.6315
8.08 1.2864 0.6382
8.09 1.2998 0.6449
8.1 1.3132 0.6516
8.11 1.3266 0.6583
8.12 1.34 0.665
8.13 1.3534 0.6717
8.14 1.3668 0.6784
8.15 1.3802 0.6851
8.16 1.3936 0.6918
8.17 1.407 0.6985
8.18 1.4204 0.7052
8.19 1.4338 0.7119
8.2 1.4472 0.7186
8.21 1.4606 0.7253
8.22 1.474 0.732
8.23 1.4874 0.7387
8.24 1.5008 0.7454
8.25 1.5142 0.7521
8.26 1.5276 0.7588
8.27 1.541 0.7655
8.28 1.5544 0.7722
8.29 1.5678 0.7789
8.3 1.5812 0.7856
8.31 1.5946 0.7923
8.32 1.608 0.799
8.33 1.6214 0.8057
8.34 1.6348 0.8124
8.35 1.6482 0.8191
8.36 1.6616 0.8258
8.37 1.675 0.8325
8.38 1.6884 0.8392
8.39 1.7018 0.8459
8.4 1.7152 0.8526
8.41 1.7286 0.8593
8.42 1.742 0.866
8.43 1.7554 0.8727
8.44 1.7688 0.8794
8.45 1.7822 0.8861
8.46 1.7956 0.8928
8.47 1.809 0.8995
8.48 1.8224 0.9062
8.49 1.8358 0.9129
8.5 1.8492 0.9196
8.51 1.8626 0.9263
8.52 1.876 0.933
8.53 1.8894 0.9397
8.54 1.9028 0.9464
8.55 1.9162 0.9531
8.56 1.9296 0.9598
8.57 1.943 0.9665
8.58 1.9564 0.9732
8.59 1.9698 0.9799
8.6 1.9832 0.9866
8.61 1.9966 0.9933
8.62 2.01 1.0
8.63 2.0234 1.0067
8.64 2.0368 1.0134
8.65 2.0502 1.0201
8.66 2.0636 1.0268
8.67 2.077 1.0335
8.68 2.0904 1.0402
8.69 2.1038 1.0469
8.7 2.1172 1.0536
8.71 2.1306 1.0603
8.72 2.144 1.067
8.73 2.1574 1.0737
8.74 2.1708 1.0804
8.75 2.1842 1.0871
8.76 2.1976 1.0938
8.77 2.211 1.1005
8.78 2.2244 1.1072
8.79 2.2378 1.1139
8.8 2.2512 1.1206
8.81 2.2646 1.1273
8.82 2.278 1.134
8.83 2.2914 1.1407
8.84 2.3048 1.1474
8.85 2.3182 1.1541
8.86 2.3316 1.1608
8.87 2.345 1.1675
8.88 2.3584 1.1742
8.89 2.3718 1.1809
8.9 2.3852 1.1876
8.91 2.3986 1.1943
8.92 2.412 1.201
8.93 2.4254 1.2077
8.94 2.4388 1.2144
8.95 2.4522 1.2211
8.96 2.4656 1.2278
8.97 2.479 1.2345
8.98 2.4924 1.2412
8.99 2.5058 1.2479
9.0 2.5192 1.2546
9.01 2.5326 1.2613
9.02 2.546 1.268
9.03 2.5594 1.2747
9.04 2.5728 1.2814
9.05 2.5862 1.2881
9.06 2.5996 1.2948
9.07 2.613 1.3015
9.08 2.6264 1.3082
9.09 2.6398 1.3149
9.1 2.6532 1.3216
9.11 2.6666 1.3283
9.12 2.68 1.335
9.13 2.6934 1.3417
9.14 2.7068 1.3484
9.15 2.7202 1.3551
9.16 2.7336 1.3618
9.17 2.747 1.3685
9.18 2.7604 1.3752
9.19 2.7738 1.3819
9.2 2.7872 1.3886
9.21 2.8006 1.3953
9.22 2.814 1.402
9.23 2.8274 1.4087
9.24 2.8408 1.4154
9.25 2.8542 1.4221
9.26 2.8676 1.4288
9.27 2.881 1.4355
9.28 2.8944 1.4422
9.29 2.9078 1.4489
9.3 2.9212 1.4556
9.31 2.9346 1.4623
9.32 2.948 1.469
9.33 2.9614 1.4757
9.34 2.9748 1.4824
9.35 2.9882 1.4891
9.36 3.0016 1.4958
9.37 3.015 1.5025
9.38 3.0284 1.5092
9.39 3.0418 1.5159
9.4 3.0552 1.5226
9.41 3.0686 1.5293
9.42 3.082 1.536
9.43 3.0954 1.5427
9.44 3.1088 1.5494
9.45 3.1222 1.5561
9.46 3.1356 1.5628
9.47 3.149 1.5695
9.48 3.1624 1.5762
9.49 3.1758 1.5829
9.5 3.1892 1.5896
9.51 3.2026 1.5963
9.52 3.216 1.603
9.53 3.2294 1.6097
9.54 3.2428 1.6164
9.55 3.2562 1.6231
9.56 3.2696 1.6298
9.57 3.283 1.6365
9.58 3.2964 1.6432
9.59 3.3098 1.6499
9.6 3.3232 1.6566
9.61 3.3366 1.6633
9.62 3.35 1.67
9.63 3.3634 1.6767
9.64 3.3768 1.6834
9.65 3.3902 1.6901
9.66 3.4036 1.6968
9.67 3.417 1.7035
9.68 3.4304 1.7102
9.69 3.4438 1.7169
9.7 3.4572 1.7236
9.71 3.4706 1.7303
9.72 3.484 1.737
9.73 3.4974 1.7437
9.74 3.5108 1.7504
9.75 3.5242 1.7571
9.76 3.5376 1.7638
9.77 3.551 1.7705
9.78 3.5644 1.7772
9.79 3.5778 1.7839
9.8 3.5912 1.7906
9.81 3.6046 1.7973
9.82 3.618 1.804
9.83 3.6314 1.8107
9.84 3.6448 1.8174
9.85 3.6582 1.8241
9.86 3.6716 1.8308
9.87 3.685 1.8375
9.88 3.6984 1.8442
9.89 3.7118 1.8509
9.9 3.7252 1.8576
9.91 3.7386 1.8643
9.92 3.752 1.871
9.93 3.7654 1.8777
9.94 3.7788 1.8844
9.95 3.7922 1.8911
9.96 3.8056 1.8978
9.97 3.819 1.9045
9.98 3.8324 1.9112
9.99 3.8458 1.9179
10.0 3.8592 1.9246
10.01 3.8726 1.9313
10.02 3.886 1.938
10.03 3.8994 1.9447
10.04 3.9128 1.9514
10.05 3.9262 1.9581
10.06 3.9396 1.9648
10.07 3.953 1.9715
10.08 3.9664 1.9782
10.09 3.9798 1.9849
10.1 3.9932 1.9916
10.11 4.0066 1.9983
10.12 4.02 2.005
10.13 4.0334 2.0117
10.14 4.0468 2.0184
10.15 4.0602 2.0251
10.16 4.0736 2.0318
10.17 4.087 2.0385
10.18 4.1004 2.0452
10.19 4.1138 2.0519
10.2 4.1272 2.0586
10.21 4.1406 2.0653
10.22 4.154 2.072
10.23 4.1674 2.0787
10.24 4.1808 2.0854
10.25 4.1942 2.0921
10.26 4.2076 2.0988
10.27 4.221 2.1055
10.28 4.2344 2.1122
10.29 4.2478 2.1189
10.3 4.2612 2.1256
10.31 4.2746 2.1323
10.32 4.288 2.139
10.33 4.3014 2.1457
10.34 4.3148 2.1524
10.35 4.3282 2.1591
10.36 4.3416 2.1658
10.37 4.355 2.1725
10.38 4.3684 2.1792
10.39 4.3818 2.1859
10.4 4.3952 2.1926
10.41 4.4086 2.1993
10.42 4.422 2.206
10.43 4.4354 2.2127
10.44 4.4488 2.2194
10.45 4.4622 2.2261
10.46 4.4756 2.2328
10.47 4.489 2.2395
10.48 4.5024 2.2462
10.49 4.5158 2.2529
10.5 4.5292 2.2596
10.51 4.5426 2.2663
10.52 4.556 2.273
10.53 4.5694 2.2797
10.54 4.5828 2.2864
10.55 4.5962 2.2931
10.56 4.6096 2.2998
10.57 4.623 2.3065
10.58 4.6364 2.3132
10.59 4.6498 2.3199
10.6 4.6632 2.3266
10.61 4.6766 2.3333
10.62 4.69 2.34
10.63 4.7034 2.3467
10.64 4.7168 2.3534
10.65 4.7302 2.3601
10.66 4.7436 2.3668
10.67 4.757 2.3735
10.68 4.7704 2.3802
10.69 4.7838 2.3869
10.7 4.7972 2.3936
10.71 4.8106 2.4003
10.72 4.824 2.407
10.73 4.8374 2.4137
10.74 4.8508 2.4204
10.75 4.8642 2.4271
10.76 4.8776 2.4338
10.77 4.891 2.4405
10.78 4.9044 2.4472
10.79 4.9178 2.4539
10.8 4.9312 2.4606
10.81 4.9446 2.4673
10.82 4.958 2.474
10.83 4.9714 2.4807
10.84 4.9848 2.4874
10.85 4.9982 2.4941
10.86 5.0116 2.5008
10.87 5.025 2.5075
10.88 5.0384 2.5142
10.89 5.0518 2.5209
10.9 5.0652 2.5276
10.91 5.0786 2.5343
10.92 5.092 2.541
10.93 5.1054 2.5477
10.94 5.1188 2.5544
10.95 5.1322 2.5611
10.96 5.1456 2.5678
10.97 5.159 2.5745
10.98 5.1724 2.5812
10.99 5.1858 2.5879
11.0 5.1992 2.5946
11.01 5.2126 2.6013
11.02 5.226 2.608
11.03 5.2394 2.6147
11.04 5.2528 2.6214
11.05 5.2662 2.6281
11.06 5.2796 2.6348
11.07 5.293 2.6415
11.08 5.3064 2.6482
11.09 5.3198 2.6549
11.1 5.3332 2.6616
11.11 5.3466 2.6683
11.12 5.36 2.675
11.13 5.3734 2.6817
11.14 5.3868 2.6884
11.15 5.4002 2.6951
11.16 5.4136 2.7018
11.17 5.427 2.7085
11.18 5.4404 2.7152
11.19 5.4538 2.7219
11.2 5.4672 2.7286
11.21 5.4806 2.7353
11.22 5.494 2.742
11.23 5.5074 2.7487
11.24 5.5208 2.7554
11.25 5.5342 2.7621
11.26 5.5476 2.7688
11.27 5.561 2.7755
11.28 5.5744 2.7822
11.29 5.5878 2.7889
11.3 5.6012 2.7956
11.31 5.6146 2.8023
11.32 5.628 2.809
11.33 5.6414 2.8157
11.34 5.6548 2.8224
11.35 5.6682 2.8291
11.36 5.6816 2.8358
11.37 5.695 2.8425
11.38 5.7084 2.8492
11.39 5.7218 2.8559
11.4 5.7352 2.8626
11.41 5.7486 2.8693
11.42 5.762 2.876
11.43 5.7754 2.8827
11.44 5.7888 2.8894
11.45 5.8022 2.8961
11.46 5.8156 2.9028
11.47 5.829 2.9095
11.48 5.8424 2.9162
11.49 5.8558 2.9229
11.5 5.8692 2.9296
11.51 5.8826 2.9363
11.52 5.896 2.943
11.53 5.9094 2.9497
11.54 5.9228 2.9564
11.55 5.9362 2.9631
11.56 5.9496 2.9698
11.57 5.963 2.9765
11.58 5.9764 2.9832
11.59 5.9898 2.9899
11.6 6.0032 2.9966
11.61 6.0166 3.0033
11.62 6.03 3.01
11.63 6.0434 3.0167
11.64 6.0568 3.0234
11.65 6.0702 3.0301
11.66 6.0836 3.0368
11.67 6.097 3.0435
11.68 6.1104 3.0502
11.69 6.1238 3.0569
11.7 6.1372 3.0636
11.71 6.1506 3.0703
11.72 6.164 3.077
11.73 6.1774 3.0837
11.74 6.1908 3.0904
11.75 6.2042 3.0971
11.76 6.2176 3.1038
11.77 6.231 3.1105
11.78 6.2444 3.1172
11.79 6.2578 3.1239
11.8 6.2712 3.1306
11.81 6.2846 3.1373
11.82 6.298 3.144
11.83 6.3114 3.1507
11.84 6.3248 3.1574
11.85 6.3382 3.1641
11.86 6.3516 3.1708
11.87 6.365 3.1775
11.88 6.3784 3.1842
11.89 6.3918 3.1909
11.9 6.4052 3.1976
11.91 6.4186 3.2043
11.92 6.432 3.211
11.93 6.4454 3.2177
11.94 6.4588 3.2244
11.95 6.4722 3.2311
11.96 6.4856 3.2378
11.97 6.499 3.2445
11.98 6.5124 3.2512
11.99 6.5258 3.2579
12.0 6.5392 3.2646
12.01 6.5526 3.2713
12.02 6.566 3.278
12.03 6.5794 3.2847
12.04 6.5928 3.2914
12.05 6.6062 3.2981
12.06 6.6196 3.3048
12.07 6.633 3.3115
12.08 6.6464 3.3182
12.09 6.6598 3.3249
12.1 6.6732 3.3316
12.11 6.6866 3.3383
12.12 6.7 3.345
12.13 6.7134 3.3517
12.14 6.7268 3.3584
12.15 6.7402 3.3651
12.16 6.7536 3.3718
12.17 6.767 3.3785
12.18 6.7804 3.3852
12.19 6.7938 3.3919
12.2 6.8072 3.3986
12.21 6.8206 3.4053
12.22 6.834 3.412
12.23 6.8474 3.4187
12.24 6.8608 3.4254
12.25 6.8742 3.4321
12.26 6.8876 3.4388
12.27 6.901 3.4455
12.28 6.9144 3.4522
12.29 6.9278 3.4589
12.3 6.9412 3.4656
12.31 6.9546 3.4723
12.32 6.968 3.479
12.33 6.9814 3.4857
12.34 6.9948 3.4924
12.35 7.0082 3.4991
12.36 7.0216 3.5058
12.37 7.035 3.5125
12.38 7.0484 3.5192
12.39 7.0618 3.5259
12.4 7.0752 3.5326
12.41 7.0886 3.5393
12.42 7.102 3.546
12.43 7.1154 3.5527
12.44 7.1288 3.5594
12.45 7.1422 3.5661
12.46 7.1556 3.5728
12.47 7.169 3.5795
12.48 7.1824 3.5862
12.49 7.1958 3.5929
12.5 7.2092 3.5996
12.51 7.2226 3.6063
12.52 7.236 3.613
12.53 7.2494 3.6197
12.54 7.2628 3.6264
12.55 7.2762 3.6331
12.56 7.2896 3.6398
12.57 7.303 3.6465
12.58 7.3164 3.6532
12.59 7.3298 3.6599
12.6 7.3432 3.6666
12.61 7.3566 3.6733
12.62 7.37 3.68
12.63 7.3834 3.6867
12.64 7.3968 3.6934
12.65 7.4102 3.7001
12.66 7.4236 3.7068
12.67 7.437 3.7135
12.68 7.4504 3.7202
12.69 7.4638 3.7269
12.7 7.4772 3.7336
12.71 7.4906 3.7403
12.72 7.504 3.747
12.73 7.5174 3.7537
12.74 7.5308 3.7604
12.75 7.5442 3.7671
12.76 7.5576 3.7738
12.77 7.571 3.7805
12.78 7.5844 3.7872
12.79 7.5978 3.7939
12.8 7.6112 3.8006
12.81 7.6246 3.8073
12.82 7.638 3.814
12.83 7.6514 3.8207
12.84 7.6648 3.8274
12.85 7.6782 3.8341
12.86 7.6916 3.8408
12.87 7.705 3.8475
12.88 7.7184 3.8542
12.89 7.7318 3.8609
12.9 7.7452 3.8676
12.91 7.7586 3.8743
12.92 7.772 3.881
12.93 7.7854 3.8877
12.94 7.7988 3.8944
12.95 7.8122 3.9011
12.96 7.8256 3.9078
12.97 7.839 3.9145
12.98 7.8524 3.9212
12.99 7.8658 3.9279
13.0 7.8792 3.9346
13.01 7.8926 3.9413
13.02 7.906 3.948
13.03 7.9194 3.9547
13.04 7.9328 3.9614
13.05 7.9462 3.9681
13.06 7.9596 3.9748
13.07 7.973 3.9815
13.08 7.9864 3.9882
13.09 7.9998 3.9949
13.1 8.0132 4.0016
13.11 8.0266 4.0083
13.12 8.04 4.015
13.13 8.0534 4.0217
13.14 8.0668 4.0284
13.15 8.0802 4.0351
13.16 8.0936 4.0418
13.17 8.107 4.0485
13.18 8.1204 4.0552
13.19 8.1338 4.0619
13.2 8.1472 4.0686
13.21 8.1606 4.0753
13.22 8.174 4.082
13.23 8.1874 4.0887
13.24 8.2008 4.0954
13.25 8.2142 4.1021
13.26 8.2276 4.1088
13.27 8.241 4.1155
13.28 8.2544 4.1222
13.29 8.2678 4.1289
13.3 8.2812 4.1356
13.31 8.2946 4.1423
13.32 8.308 4.149
13.33 8.3214 4.1557
13.34 8.3348 4.1624
13.35 8.3482 4.1691
13.36 8.3616 4.1758
13.37 8.375 4.1825
13.38 8.3884 4.1892
13.39 8.4018 4.1959
13.4 8.4152 4.2026
13.41 8.4286 4.2093
13.42 8.442 4.216
13.43 8.4554 4.2227
13.44 8.4688 4.2294
13.45 8.4822 4.2361
13.46 8.4956 4.2428
13.47 8.509 4.2495
13.48 8.5224 4.2562
13.49 8.5358 4.2629
13.5 8.5492 4.2696
13.51 8.5626 4.2763
13.52 8.576 4.283
13.53 8.5894 4.2897
13.54 8.6028 4.2964
13.55 8.6162 4.3031
13.56 8.6296 4.3098
13.57 8.643 4.3165
13.58 8.6564 4.3232
13.59 8.6698 4.3299
13.6 8.6832 4.3366
13.61 8.6966 4.3433
13.62 8.71 4.35
13.63 8.7234 4.3567
13.64 8.7368 4.3634
13.65 8.7502 4.3701
13.66 8.7636 4.3768
13.67 8.777 4.3835
13.68 8.7904 4.3902
13.69 8.8038 4.3969
13.7 8.8172 4.4036
13.71 8.8306 4.4103
13.72 8.844 4.417
13.73 8.8574 4.4237
13.74 8.8708 4.4304
13.75 8.8842 4.4371
13.76 8.8976 4.4438
13.77 8.911 4.4505
13.78 8.9244 4.4572
13.79 8.9378 4.4639
13.8 8.9512 4.4706
13.81 8.9646 4.4773
13.82 8.978 4.484
13.83 8.9914 4.4907
13.84 9.0048 4.4974
13.85 9.0182 4.5041
13.86 9.0316 4.5108
13.87 9.045 4.5175
13.88 9.0584 4.5242
13.89 9.0718 4.5309
13.9 9.0852 4.5376
13.91 9.0986 4.5443
13.92 9.112 4.551
13.93 9.1254 4.5577
13.94 9.1388 4.5644
13.95 9.1522 4.5711
13.96 9.1656 4.5778
13.97 9.179 4.5845
13.98 9.1924 4.5912
13.99 9.2058 4.5979
14.0 9.2192 4.6046
14.01 9.2326 4.6113
14.02 9.246 4.618
14.03 9.2594 4.6247
14.04 9.2728 4.6314
14.05 9.2862 4.6381
14.06 9.2996 4.6448
14.07 9.313 4.6515
14.08 9.3264 4.6582
14.09 9.3398 4.6649
14.1 9.3532 4.6716
14.11 9.3666 4.6783
14.12 9.38 4.685
14.13 9.3934 4.6917
14.14 9.4068 4.6984
14.15 9.4202 4.7051
14.16 9.4336 4.7118
14.17 9.447 4.7185
14.18 9.4604 4.7252
14.19 9.4738 4.7319
14.2 9.4872 4.7386
14.21 9.5006 4.7453
14.22 9.514 4.752
14.23 9.5274 4.7587
14.24 9.5408 4.7654
14.25 9.5542 4.7721
14.26 9.5676 4.7788
14.27 9.581 4.7855
14.28 9.5944 4.7922
14.29 9.6078 4.7989
14.3 9.6212 4.8056
14.31 9.6346 4.8123
14.32 9.648 4.819
14.33 9.6614 4.8257
14.34 9.6748 4.8324
14.35 9.6882 4.8391
14.36 9.7016 4.8458
14.37 9.715 4.8525
14.38 9.7284 4.8592
14.39 9.7418 4.8659
14.4 9.7552 4.8726
14.41 9.7686 4.8793
14.42 9.782 4.886
14.43 9.7954 4.8927
14.44 9.8088 4.8994
14.45 9.8222 4.9061
14.46 9.8356 4.9128
14.47 9.849 4.9195
14.48 9.8624 4.9262
14.49 9.8758 4.9329
14.5 9.8892 4.9396
14.51 9.9026 4.9463
14.52 9.916 4.953
14.53 9.9294 4.9597
14.54 9.9428 4.9664
14.55 9.9562 4.9731
14.56 9.9696 4.9798
14.57 9.983 4.9865
14.58 9.9964 4.9932
