name: 3 |Position : 0.0, 0.0 name: 6 |Position : 5.0, 0.012.77 0.0 0.015
12.78 0.0 0.03
12.79 0.0 0.045
12.8 0.0 0.06
12.81 0.0 0.075
12.82 0.0 0.09
12.83 0.0 0.105
12.84 0.0 0.12
12.85 0.0 0.135
12.86 0.0 0.15
12.87 0.0 0.165
12.88 0.0 0.18
12.89 0.0 0.195
12.9 0.0 0.21
12.91 0.0 0.225
12.92 0.0 0.24
12.93 0.0 0.255
12.94 0.0 0.27
12.95 0.0 0.285
12.96 0.0 0.3
12.97 0.0 0.315
12.98 0.0 0.33
12.99 0.0 0.345
13.0 0.0 0.36
13.01 0.0 0.375
13.02 0.0 0.39
13.03 0.0 0.405
13.04 0.0 0.42
13.05 0.0 0.435
13.06 0.0 0.45
13.07 0.0 0.465
13.08 0.0 0.48
13.09 0.0 0.495
13.1 0.0 0.51
13.11 0.0 0.525
13.12 0.0 0.54
13.13 0.0 0.555
13.14 0.0 0.57
13.15 0.0 0.585
13.16 0.0 0.6
13.17 0.0 0.615
13.18 0.0 0.63
13.19 0.0 0.645
13.2 0.0 0.66
13.21 0.0 0.675
13.22 0.0 0.69
13.23 0.0 0.705
13.24 0.0 0.72
13.25 0.0 0.735
13.26 0.0 0.75
13.27 0.0 0.765
13.28 0.0 0.78
13.29 0.0 0.795
13.3 0.0 0.81
13.31 0.0 0.825
13.32 0.0 0.84
13.33 0.0 0.855
13.34 0.0 0.87
13.35 0.0 0.885
13.36 0.0 0.9
13.37 0.0 0.915
13.38 0.0 0.93
13.39 0.0 0.945
13.4 0.0 0.96
13.41 0.0 0.975
13.42 0.0 0.99
13.43 0.0 1.005
13.44 0.0 1.02
13.45 0.0 1.035
13.46 0.0 1.05
13.47 0.0 1.065
13.48 0.0 1.08
13.49 0.0 1.095
13.5 0.0 1.11
13.51 0.0 1.125
13.52 0.0 1.14
13.53 0.0 1.155
13.54 0.0 1.17
13.55 0.0 1.185
13.56 0.0 1.2
13.57 0.0 1.215
13.58 0.0 1.23
13.59 0.0 1.245
13.6 0.0 1.26
13.61 0.0 1.275
13.62 0.0 1.29
13.63 0.0 1.305
13.64 0.0 1.32
13.65 0.0 1.335
13.66 0.0 1.35
13.67 0.0 1.365
13.68 0.0 1.38
13.69 0.0 1.395
13.7 0.0 1.41
13.71 0.0 1.425
13.72 0.0 1.44
13.73 0.0 1.455
13.74 0.0 1.47
13.75 0.0 1.485
13.76 0.0 1.5
13.77 0.0 1.515
13.78 0.0 1.53
13.79 0.0 1.545
13.8 0.0 1.56
13.81 0.0 1.575
13.82 0.0 1.59
13.83 0.0 1.605
13.84 0.0 1.62
13.85 0.0 1.635
13.86 0.0 1.65
13.87 0.0 1.665
13.88 0.0 1.68
13.89 0.0 1.695
13.9 0.0 1.71
13.91 0.0 1.725
13.92 0.0 1.74
13.93 0.0 1.755
13.94 0.0 1.77
13.95 0.0 1.785
13.96 0.0 1.8
13.97 0.0 1.815
13.98 0.0 1.83
13.99 0.0 1.845
14.0 0.0 1.86
14.01 0.0 1.875
14.02 0.0 1.89
14.03 0.0 1.905
14.04 0.0 1.92
14.05 0.0 1.935
14.06 0.0 1.95
14.07 0.0 1.965
14.08 0.0 1.98
14.09 0.0 1.995
14.1 0.0 2.01
14.11 0.0 2.025
14.12 0.0 2.04
14.13 0.0 2.055
14.14 0.0 2.07
14.15 0.0 2.085
14.16 0.0 2.1
14.17 0.0 2.115
14.18 0.0 2.13
14.19 0.0 2.145
14.2 0.0 2.16
14.21 0.0 2.175
14.22 0.0 2.19
14.23 0.0 2.205
14.24 0.0 2.22
14.25 0.0 2.235
14.26 0.0 2.25
14.27 0.0 2.265
14.28 0.0 2.28
14.29 0.0 2.295
14.3 0.0 2.31
14.31 0.0 2.325
14.32 0.0 2.34
14.33 0.0 2.355
14.34 0.0 2.37
14.35 0.0 2.385
14.36 0.0 2.4
14.37 0.0 2.415
14.38 0.0 2.43
14.39 0.0 2.445
14.4 0.0 2.46
14.41 0.0 2.475
14.42 0.0 2.49
14.43 0.0 2.505
14.44 0.0 2.52
14.45 0.0 2.535
14.46 0.0 2.55
14.47 0.0 2.565
14.48 0.0 2.58
14.49 0.0 2.595
14.5 0.0 2.61
14.51 0.0 2.625
14.52 0.0 2.64
14.53 0.0 2.655
14.54 0.0 2.67
14.55 0.0 2.685
14.56 0.0 2.7
14.57 0.0 2.715
14.58 0.0 2.73
14.59 0.0 2.745
14.6 0.0 2.76
14.61 0.0 2.775
14.62 0.0 2.79
14.63 0.0 2.805
14.64 0.0 2.82
14.65 0.0 2.835
14.66 0.0 2.85
14.67 0.0 2.865
14.68 0.0 2.88
14.69 0.0 2.895
14.7 0.0 2.91
14.71 0.0 2.925
14.72 0.0 2.94
14.73 0.0 2.955
14.74 0.0 2.97
14.75 0.0 2.985
14.76 0.0 3.0
14.77 0.0 3.015
14.78 0.0 3.03
14.79 0.0 3.045
14.8 0.0 3.06
14.81 0.0 3.075
14.82 0.0 3.09
14.83 0.0 3.105
14.84 0.0 3.12
14.85 0.0 3.135
14.86 0.0 3.15
14.87 0.0 3.165
14.88 0.0 3.18
14.89 0.0 3.195
14.9 0.0 3.21
14.91 0.0 3.225
14.92 0.0 3.24
14.93 0.0 3.255
14.94 0.0 3.27
14.95 0.0 3.285
14.96 0.0 3.3
14.97 0.0 3.315
14.98 0.0 3.33
14.99 0.0 3.345
15.0 0.0 3.36
15.01 0.0 3.375
15.02 0.0 3.39
15.03 0.0 3.405
15.04 0.0 3.42
15.05 0.0 3.435
15.06 0.0 3.45
15.07 0.0 3.465
15.08 0.0 3.48
15.09 0.0 3.495
15.1 0.0 3.51
15.11 0.0 3.525
15.12 0.0 3.54
15.13 0.0 3.555
15.14 0.0 3.57
15.15 0.0 3.585
15.16 0.0 3.6
15.17 0.0 3.615
15.18 0.0 3.63
15.19 0.0 3.645
15.2 0.0 3.66
15.21 0.0 3.675
15.22 0.0 3.69
15.23 0.0 3.705
15.24 0.0 3.72
15.25 0.0 3.735
15.26 0.0 3.75
15.27 0.0 3.765
15.28 0.0 3.78
15.29 0.0 3.795
15.3 0.0 3.81
15.31 0.0 3.825
15.32 0.0 3.84
15.33 0.0 3.855
15.34 0.0 3.87
15.35 0.0 3.885
15.36 0.0 3.9
15.37 0.0 3.915
15.38 0.0 3.93
15.39 0.0 3.945
15.4 0.0 3.96
15.41 0.0 3.975
15.42 0.0 3.99
15.43 0.0 4.005
15.44 0.0 4.02
15.45 0.0 4.035
15.46 0.0 4.05
15.47 0.0 4.065
15.48 0.0 4.08
15.49 0.0 4.095
15.5 0.0 4.11
15.51 0.0 4.125
15.52 0.0 4.14
15.53 0.0 4.155
15.54 0.0 4.17
15.55 0.0 4.185
15.56 0.0 4.2
15.57 0.0 4.215
15.58 0.0 4.23
15.59 0.0 4.245
15.6 0.0 4.26
15.61 0.0 4.275
15.62 0.0 4.29
15.63 0.0 4.305
15.64 0.0 4.32
15.65 0.0 4.335
15.66 0.0 4.35
15.67 0.0 4.365
15.68 0.0 4.38
15.69 0.0 4.395
15.7 0.0 4.41
15.71 0.0 4.425
15.72 0.0 4.44
15.73 0.0 4.455
15.74 0.0 4.47
15.75 0.0 4.485
15.76 0.0 4.5
15.77 0.0 4.515
15.78 0.0 4.53
15.79 0.0 4.545
15.8 0.0 4.56
15.81 0.0 4.575
15.82 0.0 4.59
15.83 0.0 4.605
15.84 0.0 4.62
15.85 0.0 4.635
15.86 0.0 4.65
15.87 0.0 4.665
15.88 0.0 4.68
15.89 0.0 4.695
15.9 0.0 4.71
15.91 0.0 4.725
15.92 0.0 4.74
15.93 0.0 4.755
15.94 0.0 4.77
15.95 0.0 4.785
15.96 0.0 4.8
15.97 0.0 4.815
15.98 0.0 4.83
15.99 0.0 4.845
16.0 0.0 4.86
16.01 0.0 4.875
16.02 0.0 4.89
16.03 0.0 4.905
16.04 0.0 4.92
16.05 0.0 4.935
16.06 0.0 4.95
16.07 0.0 4.965
16.08 0.0 4.98
16.09 0.0 4.995
16.1 0.0 5.01
16.11 0.0 5.025
16.12 0.0 5.04
16.13 0.0 5.055
16.14 0.0 5.07
16.15 0.0 5.085
16.16 0.0 5.1
16.17 0.0 5.115
16.18 0.0 5.13
16.19 0.0 5.145
16.2 0.0 5.16
16.21 0.0 5.175
16.22 0.0 5.19
16.23 0.0 5.205
16.24 0.0 5.22
16.25 0.0 5.235
16.26 0.0 5.25
16.27 0.0 5.265
16.28 0.0 5.28
16.29 0.0 5.295
16.3 0.0 5.31
16.31 0.0 5.325
16.32 0.0 5.34
16.33 0.0 5.355
16.34 0.0 5.37
16.35 0.0 5.385
16.36 0.0 5.4
16.37 0.0 5.415
16.38 0.0 5.43
16.39 0.0 5.445
16.4 0.0 5.46
16.41 0.0 5.475
16.42 0.0 5.49
16.43 0.0 5.505
16.44 0.0 5.52
16.45 0.0 5.535
16.46 0.0 5.55
16.47 0.0 5.565
16.48 0.0 5.58
16.49 0.0 5.595
16.5 0.0 5.61
16.51 0.0 5.625
16.52 0.0 5.64
16.53 0.0 5.655
16.54 0.0 5.67
16.55 0.0 5.685
16.56 0.0 5.7
16.57 0.0 5.715
16.58 0.0 5.73
16.59 0.0 5.745
16.6 0.0 5.76
16.61 0.0 5.775
16.62 0.0 5.79
16.63 0.0 5.805
16.64 0.0 5.82
16.65 0.0 5.835
16.66 0.0 5.85
16.67 0.0 5.865
16.68 0.0 5.88
16.69 0.0 5.895
16.7 0.0 5.91
16.71 0.0 5.925
16.72 0.0 5.94
16.73 0.0 5.955
16.74 0.0 5.97
16.75 0.0 5.985
16.76 0.0 6.0
16.77 0.0 6.015
16.78 0.0 6.03
16.79 0.0 6.045
16.8 0.0 6.06
16.81 0.0 6.075
16.82 0.0 6.09
16.83 0.0 6.105
16.84 0.0 6.12
16.85 0.0 6.135
16.86 0.0 6.15
16.87 0.0 6.165
16.88 0.0 6.18
16.89 0.0 6.195
16.9 0.0 6.21
16.91 0.0 6.225
16.92 0.0 6.24
16.93 0.0 6.255
16.94 0.0 6.27
16.95 0.0 6.285
16.96 0.0 6.3
16.97 0.0 6.315
16.98 0.0 6.33
16.99 0.0 6.345
17.0 0.0 6.36
17.01 0.0 6.375
17.02 0.0 6.39
17.03 0.0 6.405
17.04 0.0 6.42
17.05 0.0 6.435
17.06 0.0 6.45
17.07 0.0 6.465
17.08 0.0 6.48
17.09 0.0 6.495
17.1 0.0 6.51
17.11 0.0 6.525
17.12 0.0 6.54
17.13 0.0 6.555
17.14 0.0 6.57
17.15 0.0 6.585
17.16 0.0 6.6
17.17 0.0 6.615
17.18 0.0 6.63
17.19 0.0 6.645
17.2 0.0 6.66
17.21 0.0 6.675
17.22 0.0 6.69
17.23 0.0 6.705
17.24 0.0 6.72
17.25 0.0 6.735
17.26 0.0 6.75
17.27 0.0 6.765
17.28 0.0 6.78
17.29 0.0 6.795
17.3 0.0 6.81
17.31 0.0 6.825
17.32 0.0 6.84
17.33 0.0 6.855
17.34 0.0 6.87
17.35 0.0 6.885
17.36 0.0 6.9
17.37 0.0 6.915
17.38 0.0 6.93
17.39 0.0 6.945
17.4 0.0 6.96
17.41 0.0 6.975
17.42 0.0 6.99
17.43 0.0 7.005
17.44 0.0 7.02
17.45 0.0 7.035
17.46 0.0 7.05
17.47 0.0 7.065
17.48 0.0 7.08
17.49 0.0 7.095
17.5 0.0 7.11
17.51 0.0 7.125
17.52 0.0 7.14
17.53 0.0 7.155
17.54 0.0 7.17
17.55 0.0 7.185
17.56 0.0 7.2
17.57 0.0 7.215
17.58 0.0 7.23
17.59 0.0 7.245
17.6 0.0 7.26
17.61 0.0 7.275
17.62 0.0 7.29
17.63 0.0 7.305
17.64 0.0 7.32
17.65 0.0 7.335
17.66 0.0 7.35
17.67 0.0 7.365
17.68 0.0 7.38
17.69 0.0 7.395
17.7 0.0 7.41
17.71 0.0 7.425
17.72 0.0 7.44
17.73 0.0 7.455
17.74 0.0 7.47
17.75 0.0 7.485
17.76 0.0 7.5
17.77 0.0 7.515
17.78 0.0 7.53
17.79 0.0 7.545
17.8 0.0 7.56
17.81 0.0 7.575
17.82 0.0 7.59
17.83 0.0 7.605
17.84 0.0 7.62
17.85 0.0 7.635
17.86 0.0 7.65
17.87 0.0 7.665
17.88 0.0 7.68
17.89 0.0 7.695
17.9 0.0 7.71
17.91 0.0 7.725
17.92 0.0 7.74
17.93 0.0 7.755
17.94 0.0 7.77
17.95 0.0 7.785
17.96 0.0 7.8
17.97 0.0 7.815
17.98 0.0 7.83
17.99 0.0 7.845
18.0 0.0 7.86
18.01 0.0 7.875
18.02 0.0 7.89
18.03 0.0 7.905
18.04 0.0 7.92
18.05 0.0 7.935
18.06 0.0 7.95
18.07 0.0 7.965
18.08 0.0 7.98
18.09 0.0 7.995
18.1 0.0 8.01
18.11 0.0 8.025
18.12 0.0 8.04
18.13 0.0 8.055
18.14 0.0 8.07
18.15 0.0 8.085
18.16 0.0 8.1
18.17 0.0 8.115
18.18 0.0 8.13
18.19 0.0 8.145
18.2 0.0 8.16
18.21 0.0 8.175
18.22 0.0 8.19
18.23 0.0 8.205
18.24 0.0 8.22
18.25 0.0 8.235
18.26 0.0 8.25
18.27 0.0 8.265
18.28 0.0 8.28
18.29 0.0 8.295
18.3 0.0 8.31
18.31 0.0 8.325
18.32 0.0 8.34
18.33 0.0 8.355
18.34 0.0 8.37
18.35 0.0 8.385
18.36 0.0 8.4
18.37 0.0 8.415
18.38 0.0 8.43
18.39 0.0 8.445
18.4 0.0 8.46
18.41 0.0 8.475
18.42 0.0 8.49
18.43 0.0 8.505
18.44 0.0 8.52
18.45 0.0 8.535
18.46 0.0 8.55
18.47 0.0 8.565
18.48 0.0 8.58
18.49 0.0 8.595
18.5 0.0 8.61
18.51 0.0 8.625
18.52 0.0 8.64
18.53 0.0 8.655
18.54 0.0 8.67
18.55 0.0 8.685
18.56 0.0 8.7
18.57 0.0 8.715
18.58 0.0 8.73
18.59 0.0 8.745
18.6 0.0 8.76
18.61 0.0 8.775
18.62 0.0 8.79
18.63 0.0 8.805
18.64 0.0 8.82
18.65 0.0 8.835
18.66 0.0 8.85
18.67 0.0 8.865
18.68 0.0 8.88
18.69 0.0 8.895
18.7 0.0 8.91
18.71 0.0 8.925
18.72 0.0 8.94
18.73 0.0 8.955
18.74 0.0 8.97
18.75 0.0 8.985
18.76 0.0 9.0
18.77 0.0 9.015
18.78 0.0 9.03
18.79 0.0 9.045
18.8 0.0 9.06
18.81 0.0 9.075
18.82 0.0 9.09
18.83 0.0 9.105
18.84 0.0 9.12
18.85 0.0 9.135
18.86 0.0 9.15
18.87 0.0 9.165
18.88 0.0 9.18
18.89 0.0 9.195
18.9 0.0 9.21
18.91 0.0 9.225
18.92 0.0 9.24
18.93 0.0 9.255
18.94 0.0 9.27
18.95 0.0 9.285
18.96 0.0 9.3
18.97 0.0 9.315
18.98 0.0 9.33
18.99 0.0 9.345
19.0 0.0 9.36
19.01 0.0 9.375
19.02 0.0 9.39
19.03 0.0 9.405
19.04 0.0 9.42
19.05 0.0 9.435
19.06 0.0 9.45
19.07 0.0 9.465
19.08 0.0 9.48
19.09 0.0 9.495
19.1 0.0 9.51
19.11 0.0 9.525
19.12 0.0 9.54
19.13 0.0 9.555
19.14 0.0 9.57
19.15 0.0 9.585
19.16 0.0 9.6
19.17 0.0 9.615
19.18 0.0 9.63
19.19 0.0 9.645
19.2 0.0 9.66
19.21 0.0 9.675
19.22 0.0 9.69
19.23 0.0 9.705
19.24 0.0 9.72
19.25 0.0 9.735
19.26 0.0 9.75
19.27 0.0 9.765
19.28 0.0 9.78
19.29 0.0 9.795
19.3 0.0 9.81
19.31 0.0 9.825
19.32 0.0 9.84
19.33 0.0 9.855
19.34 0.0 9.87
19.35 0.0 9.885
19.36 0.0 9.9
19.37 0.0 9.915
19.38 0.0 9.93
19.39 0.0 9.945
19.4 0.0 9.96
19.41 0.0 9.975
19.42 0.0 9.99
19.43 0.0106 9.9794
19.44 0.0212 9.9688
19.45 0.0318 9.9582
19.46 0.0424 9.9476
19.47 0.053 9.937
19.48 0.0636 9.9264
19.49 0.0742 9.9158
19.5 0.0848 9.9052
19.51 0.0954 9.8946
19.52 0.106 9.884
19.53 0.1166 9.8734
19.54 0.1272 9.8628
19.55 0.1378 9.8522
19.56 0.1484 9.8416
19.57 0.159 9.831
19.58 0.1696 9.8204
19.59 0.1802 9.8098
19.6 0.1908 9.7992
19.61 0.2014 9.7886
19.62 0.212 9.778
19.63 0.2226 9.7674
19.64 0.2332 9.7568
19.65 0.2438 9.7462
19.66 0.2544 9.7356
19.67 0.265 9.725
19.68 0.2756 9.7144
19.69 0.2862 9.7038
19.7 0.2968 9.6932
19.71 0.3074 9.6826
19.72 0.318 9.672
19.73 0.3286 9.6614
19.74 0.3392 9.6508
19.75 0.3498 9.6402
19.76 0.3604 9.6296
19.77 0.371 9.619
19.78 0.3816 9.6084
19.79 0.3922 9.5978
19.8 0.4028 9.5872
19.81 0.4134 9.5766
19.82 0.424 9.566
19.83 0.4346 9.5554
19.84 0.4452 9.5448
19.85 0.4558 9.5342
19.86 0.4664 9.5236
19.87 0.477 9.513
19.88 0.4876 9.5024
19.89 0.4982 9.4918
19.9 0.5088 9.4812
19.91 0.5194 9.4706
19.92 0.53 9.46
19.93 0.5406 9.4494
19.94 0.5512 9.4388
19.95 0.5618 9.4282
19.96 0.5724 9.4176
19.97 0.583 9.407
19.98 0.5936 9.3964
19.99 0.6042 9.3858
20.0 0.6148 9.3752
20.01 0.6254 9.3646
20.02 0.636 9.354
20.03 0.6466 9.3434
20.04 0.6572 9.3328
20.05 0.6678 9.3222
20.06 0.6784 9.3116
20.07 0.689 9.301
20.08 0.6996 9.2904
20.09 0.7102 9.2798
20.1 0.7208 9.2692
20.11 0.7314 9.2586
20.12 0.742 9.248
20.13 0.7526 9.2374
20.14 0.7632 9.2268
20.15 0.7738 9.2162
20.16 0.7844 9.2056
20.17 0.795 9.195
20.18 0.8056 9.1844
20.19 0.8162 9.1738
20.2 0.8268 9.1632
20.21 0.8374 9.1526
20.22 0.848 9.142
20.23 0.8586 9.1314
20.24 0.8692 9.1208
20.25 0.8798 9.1102
20.26 0.8904 9.0996
20.27 0.901 9.089
20.28 0.9116 9.0784
20.29 0.9222 9.0678
20.3 0.9328 9.0572
20.31 0.9434 9.0466
20.32 0.954 9.036
20.33 0.9646 9.0254
20.34 0.9752 9.0148
20.35 0.9858 9.0042
20.36 0.9964 8.9936
20.37 1.007 8.983
20.38 1.0176 8.9724
20.39 1.0282 8.9618
20.4 1.0388 8.9512
20.41 1.0494 8.9406
20.42 1.06 8.93
20.43 1.0706 8.9194
20.44 1.0812 8.9088
20.45 1.0918 8.8982
20.46 1.1024 8.8876
20.47 1.113 8.877
20.48 1.1236 8.8664
20.49 1.1342 8.8558
20.5 1.1448 8.8452
20.51 1.1554 8.8346
20.52 1.166 8.824
20.53 1.1766 8.8134
20.54 1.1872 8.8028
20.55 1.1978 8.7922
20.56 1.2084 8.7816
20.57 1.219 8.771
20.58 1.2296 8.7604
20.59 1.2402 8.7498
20.6 1.2508 8.7392
20.61 1.2614 8.7286
20.62 1.272 8.718
20.63 1.2826 8.7074
20.64 1.2932 8.6968
20.65 1.3038 8.6862
20.66 1.3144 8.6756
20.67 1.325 8.665
20.68 1.3356 8.6544
20.69 1.3462 8.6438
20.7 1.3568 8.6332
20.71 1.3674 8.6226
20.72 1.378 8.612
20.73 1.3886 8.6014
20.74 1.3992 8.5908
20.75 1.4098 8.5802
20.76 1.4204 8.5696
20.77 1.431 8.559
20.78 1.4416 8.5484
20.79 1.4522 8.5378
20.8 1.4628 8.5272
20.81 1.4734 8.5166
20.82 1.484 8.506
20.83 1.4946 8.4954
20.84 1.5052 8.4848
20.85 1.5158 8.4742
20.86 1.5264 8.4636
20.87 1.537 8.453
20.88 1.5476 8.4424
20.89 1.5582 8.4318
20.9 1.5688 8.4212
20.91 1.5794 8.4106
20.92 1.59 8.4
20.93 1.6006 8.3894
20.94 1.6112 8.3788
20.95 1.6218 8.3682
20.96 1.6324 8.3576
20.97 1.643 8.347
20.98 1.6536 8.3364
20.99 1.6642 8.3258
21.0 1.6748 8.3152
21.01 1.6854 8.3046
21.02 1.696 8.294
21.03 1.7066 8.2834
21.04 1.7172 8.2728
21.05 1.7278 8.2622
21.06 1.7384 8.2516
21.07 1.749 8.241
21.08 1.7596 8.2304
21.09 1.7702 8.2198
21.1 1.7808 8.2092
21.11 1.7914 8.1986
21.12 1.802 8.188
21.13 1.8126 8.1774
21.14 1.8232 8.1668
21.15 1.8338 8.1562
21.16 1.8444 8.1456
21.17 1.855 8.135
21.18 1.8656 8.1244
21.19 1.8762 8.1138
21.2 1.8868 8.1032
21.21 1.8974 8.0926
21.22 1.908 8.082
21.23 1.9186 8.0714
21.24 1.9292 8.0608
21.25 1.9398 8.0502
21.26 1.9504 8.0396
21.27 1.961 8.029
21.28 1.9716 8.0184
21.29 1.9822 8.0078
21.3 1.9928 7.9972
21.31 2.0034 7.9866
21.32 2.014 7.976
21.33 2.0246 7.9654
21.34 2.0352 7.9548
21.35 2.0458 7.9442
21.36 2.0564 7.9336
21.37 2.067 7.923
21.38 2.0776 7.9124
21.39 2.0882 7.9018
21.4 2.0988 7.8912
21.41 2.1094 7.8806
21.42 2.12 7.87
21.43 2.1306 7.8594
21.44 2.1412 7.8488
21.45 2.1518 7.8382
21.46 2.1624 7.8276
21.47 2.173 7.817
21.48 2.1836 7.8064
21.49 2.1942 7.7958
21.5 2.2048 7.7852
21.51 2.2154 7.7746
21.52 2.226 7.764
21.53 2.2366 7.7534
21.54 2.2472 7.7428
21.55 2.2578 7.7322
21.56 2.2684 7.7216
21.57 2.279 7.711
21.58 2.2896 7.7004
21.59 2.3002 7.6898
21.6 2.3108 7.6792
21.61 2.3214 7.6686
21.62 2.332 7.658
21.63 2.3426 7.6474
21.64 2.3532 7.6368
21.65 2.3638 7.6262
21.66 2.3744 7.6156
21.67 2.385 7.605
21.68 2.3956 7.5944
21.69 2.4062 7.5838
21.7 2.4168 7.5732
21.71 2.4274 7.5626
21.72 2.438 7.552
21.73 2.4486 7.5414
21.74 2.4592 7.5308
21.75 2.4698 7.5202
21.76 2.4804 7.5096
21.77 2.491 7.499
21.78 2.5016 7.4884
21.79 2.5122 7.4778
21.8 2.5228 7.4672
21.81 2.5334 7.4566
21.82 2.544 7.446
21.83 2.5546 7.4354
21.84 2.5652 7.4248
21.85 2.5758 7.4142
21.86 2.5864 7.4036
21.87 2.597 7.393
21.88 2.6076 7.3824
21.89 2.6182 7.3718
21.9 2.6288 7.3612
21.91 2.6394 7.3506
21.92 2.65 7.34
21.93 2.6606 7.3294
21.94 2.6712 7.3188
21.95 2.6818 7.3082
21.96 2.6924 7.2976
21.97 2.703 7.287
21.98 2.7136 7.2764
21.99 2.7242 7.2658
22.0 2.7348 7.2552
22.01 2.7454 7.2446
22.02 2.756 7.234
22.03 2.7666 7.2234
22.04 2.7772 7.2128
22.05 2.7878 7.2022
22.06 2.7984 7.1916
22.07 2.809 7.181
22.08 2.8196 7.1704
22.09 2.8302 7.1598
22.1 2.8408 7.1492
22.11 2.8514 7.1386
22.12 2.862 7.128
22.13 2.8726 7.1174
22.14 2.8832 7.1068
22.15 2.8938 7.0962
22.16 2.9044 7.0856
22.17 2.915 7.075
22.18 2.9256 7.0644
22.19 2.9362 7.0538
22.2 2.9468 7.0432
22.21 2.9574 7.0326
22.22 2.968 7.022
22.23 2.9786 7.0114
22.24 2.9892 7.0008
22.25 2.9998 6.9902
22.26 3.0104 6.9796
22.27 3.021 6.969
22.28 3.0316 6.9584
22.29 3.0422 6.9478
22.3 3.0528 6.9372
22.31 3.0634 6.9266
22.32 3.074 6.916
22.33 3.0846 6.9054
22.34 3.0952 6.8948
22.35 3.1058 6.8842
22.36 3.1164 6.8736
22.37 3.127 6.863
22.38 3.1376 6.8524
22.39 3.1482 6.8418
22.4 3.1588 6.8312
22.41 3.1694 6.8206
22.42 3.18 6.81
22.43 3.1906 6.7994
22.44 3.2012 6.7888
22.45 3.2118 6.7782
22.46 3.2224 6.7676
22.47 3.233 6.757
22.48 3.2436 6.7464
22.49 3.2542 6.7358
22.5 3.2648 6.7252
22.51 3.2754 6.7146
22.52 3.286 6.704
22.53 3.2966 6.6934
22.54 3.3072 6.6828
22.55 3.3178 6.6722
22.56 3.3284 6.6616
22.57 3.339 6.651
22.58 3.3496 6.6404
22.59 3.3602 6.6298
22.6 3.3708 6.6192
22.61 3.3814 6.6086
22.62 3.392 6.598
22.63 3.4026 6.5874
22.64 3.4132 6.5768
22.65 3.4238 6.5662
22.66 3.4344 6.5556
22.67 3.445 6.545
22.68 3.4556 6.5344
22.69 3.4662 6.5238
22.7 3.4768 6.5132
22.71 3.4874 6.5026
22.72 3.498 6.492
22.73 3.5086 6.4814
22.74 3.5192 6.4708
22.75 3.5298 6.4602
22.76 3.5404 6.4496
22.77 3.551 6.439
22.78 3.5616 6.4284
22.79 3.5722 6.4178
22.8 3.5828 6.4072
22.81 3.5934 6.3966
22.82 3.604 6.386
22.83 3.6146 6.3754
22.84 3.6252 6.3648
22.85 3.6358 6.3542
22.86 3.6464 6.3436
22.87 3.657 6.333
22.88 3.6676 6.3224
22.89 3.6782 6.3118
22.9 3.6888 6.3012
22.91 3.6994 6.2906
22.92 3.71 6.28
22.93 3.7206 6.2694
22.94 3.7312 6.2588
22.95 3.7418 6.2482
22.96 3.7524 6.2376
22.97 3.763 6.227
22.98 3.7736 6.2164
22.99 3.7842 6.2058
23.0 3.7948 6.1952
23.01 3.8054 6.1846
23.02 3.816 6.174
23.03 3.8266 6.1634
23.04 3.8372 6.1528
23.05 3.8478 6.1422
23.06 3.8584 6.1316
23.07 3.869 6.121
23.08 3.8796 6.1104
23.09 3.8902 6.0998
23.1 3.9008 6.0892
23.11 3.9114 6.0786
23.12 3.922 6.068
23.13 3.9326 6.0574
23.14 3.9432 6.0468
23.15 3.9538 6.0362
23.16 3.9644 6.0256
23.17 3.975 6.015
23.18 3.9856 6.0044
23.19 3.9962 5.9938
23.2 4.0068 5.9832
23.21 4.0174 5.9726
23.22 4.028 5.962
23.23 4.0386 5.9514
23.24 4.0492 5.9408
23.25 4.0598 5.9302
23.26 4.0704 5.9196
23.27 4.081 5.909
23.28 4.0916 5.8984
23.29 4.1022 5.8878
23.3 4.1128 5.8772
23.31 4.1234 5.8666
23.32 4.134 5.856
23.33 4.1446 5.8454
23.34 4.1552 5.8348
23.35 4.1658 5.8242
23.36 4.1764 5.8136
23.37 4.187 5.803
23.38 4.1976 5.7924
23.39 4.2082 5.7818
23.4 4.2188 5.7712
23.41 4.2294 5.7606
23.42 4.24 5.75
23.43 4.2506 5.7394
23.44 4.2612 5.7288
23.45 4.2718 5.7182
23.46 4.2824 5.7076
23.47 4.293 5.697
23.48 4.3036 5.6864
23.49 4.3142 5.6758
23.5 4.3248 5.6652
23.51 4.3354 5.6546
23.52 4.346 5.644
23.53 4.3566 5.6334
23.54 4.3672 5.6228
23.55 4.3778 5.6122
23.56 4.3884 5.6016
23.57 4.399 5.591
23.58 4.4096 5.5804
23.59 4.4202 5.5698
23.6 4.4308 5.5592
23.61 4.4414 5.5486
23.62 4.452 5.538
23.63 4.4626 5.5274
23.64 4.4732 5.5168
23.65 4.4838 5.5062
23.66 4.4944 5.4956
23.67 4.505 5.485
23.68 4.5156 5.4744
23.69 4.5262 5.4638
23.7 4.5368 5.4532
23.71 4.5474 5.4426
23.72 4.558 5.432
23.73 4.5686 5.4214
23.74 4.5792 5.4108
23.75 4.5898 5.4002
23.76 4.6004 5.3896
23.77 4.611 5.379
23.78 4.6216 5.3684
23.79 4.6322 5.3578
23.8 4.6428 5.3472
23.81 4.6534 5.3366
23.82 4.664 5.326
23.83 4.6746 5.3154
23.84 4.6852 5.3048
23.85 4.6958 5.2942
23.86 4.7064 5.2836
23.87 4.717 5.273
23.88 4.7276 5.2624
23.89 4.7382 5.2518
23.9 4.7488 5.2412
23.91 4.7594 5.2306
23.92 4.77 5.22
23.93 4.7806 5.2094
23.94 4.7912 5.1988
23.95 4.8018 5.1882
23.96 4.8124 5.1776
23.97 4.823 5.167
23.98 4.8336 5.1564
23.99 4.8442 5.1458
24.0 4.8548 5.1352
24.01 4.8654 5.1246
24.02 4.876 5.114
24.03 4.8866 5.1034
24.04 4.8972 5.0928
24.05 4.9078 5.0822
24.06 4.9184 5.0716
24.07 4.929 5.061
24.08 4.9396 5.0504
24.09 4.9502 5.0398
24.1 4.9608 5.0292
24.11 4.9714 5.0186
24.12 4.982 5.008
24.13 4.9926 4.9974
24.14 5.0032 4.9868
24.15 5.0138 4.9762
24.16 5.0244 4.9656
24.17 5.035 4.955
24.18 5.0456 4.9444
24.19 5.0562 4.9338
24.2 5.0668 4.9232
24.21 5.0774 4.9126
24.22 5.088 4.902
24.23 5.0986 4.8914
24.24 5.1092 4.8808
24.25 5.1198 4.8702
24.26 5.1304 4.8596
24.27 5.141 4.849
24.28 5.1516 4.8384
24.29 5.1622 4.8278
24.3 5.1728 4.8172
24.31 5.1834 4.8066
24.32 5.194 4.796
24.33 5.2046 4.7854
24.34 5.2152 4.7748
24.35 5.2258 4.7642
24.36 5.2364 4.7536
24.37 5.247 4.743
24.38 5.2576 4.7324
24.39 5.2682 4.7218
24.4 5.2788 4.7112
24.41 5.2894 4.7006
24.42 5.3 4.69
24.43 5.3106 4.6794
24.44 5.3212 4.6688
24.45 5.3318 4.6582
24.46 5.3424 4.6476
24.47 5.353 4.637
24.48 5.3636 4.6264
24.49 5.3742 4.6158
24.5 5.3848 4.6052
24.51 5.3954 4.5946
24.52 5.406 4.584
24.53 5.4166 4.5734
24.54 5.4272 4.5628
24.55 5.4378 4.5522
24.56 5.4484 4.5416
24.57 5.459 4.531
24.58 5.4696 4.5204
24.59 5.4802 4.5098
24.6 5.4908 4.4992
24.61 5.5014 4.4886
24.62 5.512 4.478
24.63 5.5226 4.4674
24.64 5.5332 4.4568
24.65 5.5438 4.4462
24.66 5.5544 4.4356
24.67 5.565 4.425
24.68 5.5756 4.4144
24.69 5.5862 4.4038
24.7 5.5968 4.3932
24.71 5.6074 4.3826
24.72 5.618 4.372
24.73 5.6286 4.3614
24.74 5.6392 4.3508
24.75 5.6498 4.3402
24.76 5.6604 4.3296
24.77 5.671 4.319
24.78 5.6816 4.3084
24.79 5.6922 4.2978
24.8 5.7028 4.2872
24.81 5.7134 4.2766
24.82 5.724 4.266
24.83 5.7346 4.2554
24.84 5.7452 4.2448
24.85 5.7558 4.2342
24.86 5.7664 4.2236
24.87 5.777 4.213
24.88 5.7876 4.2024
24.89 5.7982 4.1918
24.9 5.8088 4.1812
24.91 5.8194 4.1706
24.92 5.83 4.16
24.93 5.8406 4.1494
24.94 5.8512 4.1388
24.95 5.8618 4.1282
24.96 5.8724 4.1176
24.97 5.883 4.107
24.98 5.8936 4.0964
24.99 5.9042 4.0858
25.0 5.9148 4.0752
25.01 5.9254 4.0646
25.02 5.936 4.054
25.03 5.9466 4.0434
25.04 5.9572 4.0328
25.05 5.9678 4.0222
25.06 5.9784 4.0116
25.07 5.989 4.001
25.08 5.9996 3.9904
25.09 6.0102 3.9798
25.1 6.0208 3.9692
25.11 6.0314 3.9586
25.12 6.042 3.948
25.13 6.0526 3.9374
25.14 6.0632 3.9268
25.15 6.0738 3.9162
25.16 6.0844 3.9056
25.17 6.095 3.895
25.18 6.1056 3.8844
25.19 6.1162 3.8738
25.2 6.1268 3.8632
25.21 6.1374 3.8526
25.22 6.148 3.842
25.23 6.1586 3.8314
25.24 6.1692 3.8208
25.25 6.1798 3.8102
25.26 6.1904 3.7996
25.27 6.201 3.789
25.28 6.2116 3.7784
25.29 6.2222 3.7678
25.3 6.2328 3.7572
25.31 6.2434 3.7466
25.32 6.254 3.736
25.33 6.2646 3.7254
25.34 6.2752 3.7148
25.35 6.2858 3.7042
25.36 6.2964 3.6936
25.37 6.307 3.683
25.38 6.3176 3.6724
25.39 6.3282 3.6618
25.4 6.3388 3.6512
25.41 6.3494 3.6406
25.42 6.36 3.63
25.43 6.3706 3.6194
25.44 6.3812 3.6088
25.45 6.3918 3.5982
25.46 6.4024 3.5876
25.47 6.413 3.577
25.48 6.4236 3.5664
25.49 6.4342 3.5558
25.5 6.4448 3.5452
25.51 6.4554 3.5346
25.52 6.466 3.524
25.53 6.4766 3.5134
25.54 6.4872 3.5028
25.55 6.4978 3.4922
25.56 6.5084 3.4816
25.57 6.519 3.471
25.58 6.5296 3.4604
25.59 6.5402 3.4498
25.6 6.5508 3.4392
25.61 6.5614 3.4286
25.62 6.572 3.418
25.63 6.5826 3.4074
25.64 6.5932 3.3968
25.65 6.6038 3.3862
25.66 6.6144 3.3756
25.67 6.625 3.365
25.68 6.6356 3.3544
25.69 6.6462 3.3438
25.7 6.6568 3.3332
25.71 6.6674 3.3226
25.72 6.678 3.312
25.73 6.6886 3.3014
25.74 6.6992 3.2908
25.75 6.7098 3.2802
25.76 6.7204 3.2696
25.77 6.731 3.259
25.78 6.7416 3.2484
25.79 6.7522 3.2378
25.8 6.7628 3.2272
25.81 6.7734 3.2166
25.82 6.784 3.206
25.83 6.7946 3.1954
25.84 6.8052 3.1848
25.85 6.8158 3.1742
25.86 6.8264 3.1636
25.87 6.837 3.153
25.88 6.8476 3.1424
25.89 6.8582 3.1318
25.9 6.8688 3.1212
25.91 6.8794 3.1106
25.92 6.89 3.1
25.93 6.9006 3.0894
25.94 6.9112 3.0788
25.95 6.9218 3.0682
25.96 6.9324 3.0576
25.97 6.943 3.047
25.98 6.9536 3.0364
25.99 6.9642 3.0258
26.0 6.9748 3.0152
26.01 6.9854 3.0046
26.02 6.996 2.994
26.03 7.0066 2.9834
26.04 7.0172 2.9728
26.05 7.0278 2.9622
26.06 7.0384 2.9516
26.07 7.049 2.941
26.08 7.0596 2.9304
26.09 7.0702 2.9198
26.1 7.0808 2.9092
26.11 7.0914 2.8986
26.12 7.102 2.888
26.13 7.1126 2.8774
26.14 7.1232 2.8668
26.15 7.1338 2.8562
26.16 7.1444 2.8456
26.17 7.155 2.835
26.18 7.1656 2.8244
26.19 7.1762 2.8138
26.2 7.1868 2.8032
26.21 7.1974 2.7926
26.22 7.208 2.782
26.23 7.2186 2.7714
26.24 7.2292 2.7608
26.25 7.2398 2.7502
26.26 7.2504 2.7396
26.27 7.261 2.729
26.28 7.2716 2.7184
26.29 7.2822 2.7078
26.3 7.2928 2.6972
26.31 7.3034 2.6866
26.32 7.314 2.676
26.33 7.3246 2.6654
26.34 7.3352 2.6548
26.35 7.3458 2.6442
26.36 7.3564 2.6336
26.37 7.367 2.623
26.38 7.3776 2.6124
26.39 7.3882 2.6018
26.4 7.3988 2.5912
26.41 7.4094 2.5806
26.42 7.42 2.57
26.43 7.4306 2.5594
26.44 7.4412 2.5488
26.45 7.4518 2.5382
26.46 7.4624 2.5276
26.47 7.473 2.517
26.48 7.4836 2.5064
26.49 7.4942 2.4958
26.5 7.5048 2.4852
26.51 7.5154 2.4746
26.52 7.526 2.464
26.53 7.5366 2.4534
26.54 7.5472 2.4428
26.55 7.5578 2.4322
26.56 7.5684 2.4216
26.57 7.579 2.411
26.58 7.5896 2.4004
26.59 7.6002 2.3898
26.6 7.6108 2.3792
26.61 7.6214 2.3686
26.62 7.632 2.358
26.63 7.6426 2.3474
26.64 7.6532 2.3368
26.65 7.6638 2.3262
26.66 7.6744 2.3156
26.67 7.685 2.305
26.68 7.6956 2.2944
26.69 7.7062 2.2838
26.7 7.7168 2.2732
26.71 7.7274 2.2626
26.72 7.738 2.252
26.73 7.7486 2.2414
26.74 7.7592 2.2308
26.75 7.7698 2.2202
26.76 7.7804 2.2096
26.77 7.791 2.199
26.78 7.8016 2.1884
26.79 7.8122 2.1778
26.8 7.8228 2.1672
26.81 7.8334 2.1566
26.82 7.844 2.146
26.83 7.8546 2.1354
26.84 7.8652 2.1248
26.85 7.8758 2.1142
26.86 7.8864 2.1036
26.87 7.897 2.093
26.88 7.9076 2.0824
26.89 7.9182 2.0718
26.9 7.9288 2.0612
26.91 7.9394 2.0506
26.92 7.95 2.04
26.93 7.9606 2.0294
26.94 7.9712 2.0188
26.95 7.9818 2.0082
26.96 7.9924 1.9976
26.97 8.003 1.987
26.98 8.0136 1.9764
26.99 8.0242 1.9658
27.0 8.0348 1.9552
27.01 8.0454 1.9446
27.02 8.056 1.934
27.03 8.0666 1.9234
27.04 8.0772 1.9128
27.05 8.0878 1.9022
27.06 8.0984 1.8916
27.07 8.109 1.881
27.08 8.1196 1.8704
27.09 8.1302 1.8598
27.1 8.1408 1.8492
27.11 8.1514 1.8386
27.12 8.162 1.828
27.13 8.1726 1.8174
27.14 8.1832 1.8068
27.15 8.1938 1.7962
27.16 8.2044 1.7856
27.17 8.215 1.775
27.18 8.2256 1.7644
27.19 8.2362 1.7538
27.2 8.2468 1.7432
27.21 8.2574 1.7326
27.22 8.268 1.722
27.23 8.2786 1.7114
27.24 8.2892 1.7008
27.25 8.2998 1.6902
27.26 8.3104 1.6796
27.27 8.321 1.669
27.28 8.3316 1.6584
27.29 8.3422 1.6478
27.3 8.3528 1.6372
27.31 8.3634 1.6266
27.32 8.374 1.616
27.33 8.3846 1.6054
27.34 8.3952 1.5948
27.35 8.4058 1.5842
27.36 8.4164 1.5736
27.37 8.427 1.563
27.38 8.4376 1.5524
27.39 8.4482 1.5418
27.4 8.4588 1.5312
27.41 8.4694 1.5206
27.42 8.48 1.51
27.43 8.4906 1.4994
27.44 8.5012 1.4888
27.45 8.5118 1.4782
27.46 8.5224 1.4676
27.47 8.533 1.457
27.48 8.5436 1.4464
27.49 8.5542 1.4358
27.5 8.5648 1.4252
27.51 8.5754 1.4146
27.52 8.586 1.404
27.53 8.5966 1.3934
27.54 8.6072 1.3828
27.55 8.6178 1.3722
27.56 8.6284 1.3616
27.57 8.639 1.351
27.58 8.6496 1.3404
27.59 8.6602 1.3298
27.6 8.6708 1.3192
27.61 8.6814 1.3086
27.62 8.692 1.298
27.63 8.7026 1.2874
27.64 8.7132 1.2768
27.65 8.7238 1.2662
27.66 8.7344 1.2556
27.67 8.745 1.245
27.68 8.7556 1.2344
27.69 8.7662 1.2238
27.7 8.7768 1.2132
27.71 8.7874 1.2026
27.72 8.798 1.192
27.73 8.8086 1.1814
27.74 8.8192 1.1708
27.75 8.8298 1.1602
27.76 8.8404 1.1496
27.77 8.851 1.139
27.78 8.8616 1.1284
27.79 8.8722 1.1178
27.8 8.8828 1.1072
27.81 8.8934 1.0966
27.82 8.904 1.086
27.83 8.9146 1.0754
27.84 8.9252 1.0648
27.85 8.9358 1.0542
27.86 8.9464 1.0436
27.87 8.957 1.033
27.88 8.9676 1.0224
27.89 8.9782 1.0118
27.9 8.9888 1.0012
27.91 8.9994 0.9906
27.92 9.01 0.98
27.93 9.0206 0.9694
27.94 9.0312 0.9588
27.95 9.0418 0.9482
27.96 9.0524 0.9376
27.97 9.063 0.927
27.98 9.0736 0.9164
27.99 9.0842 0.9058
28.0 9.0948 0.8952
28.01 9.1054 0.8846
28.02 9.116 0.874
28.03 9.1266 0.8634
28.04 9.1372 0.8528
28.05 9.1478 0.8422
28.06 9.1584 0.8316
28.07 9.169 0.821
28.08 9.1796 0.8104
28.09 9.1902 0.7998
28.1 9.2008 0.7892
28.11 9.2114 0.7786
28.12 9.222 0.768
28.13 9.2326 0.7574
28.14 9.2432 0.7468
28.15 9.2538 0.7362
28.16 9.2644 0.7256
28.17 9.275 0.715
28.18 9.2856 0.7044
28.19 9.2962 0.6938
28.2 9.3068 0.6832
28.21 9.3174 0.6726
28.22 9.328 0.662
28.23 9.3386 0.6514
28.24 9.3492 0.6408
28.25 9.3598 0.6302
28.26 9.3704 0.6196
28.27 9.381 0.609
28.28 9.3916 0.5984
28.29 9.4022 0.5878
28.3 9.4128 0.5772
28.31 9.4234 0.5666
28.32 9.434 0.556
28.33 9.4446 0.5454
28.34 9.4552 0.5348
28.35 9.4658 0.5242
28.36 9.4764 0.5136
28.37 9.487 0.503
28.38 9.4976 0.4924
28.39 9.5082 0.4818
28.4 9.5188 0.4712
28.41 9.5294 0.4606
28.42 9.54 0.45
28.43 9.5506 0.4394
28.44 9.5612 0.4288
28.45 9.5718 0.4182
28.46 9.5824 0.4076
28.47 9.593 0.397
28.48 9.6036 0.3864
28.49 9.6142 0.3758
28.5 9.6248 0.3652
28.51 9.6354 0.3546
28.52 9.646 0.344
28.53 9.6566 0.3334
28.54 9.6672 0.3228
28.55 9.6778 0.3122
28.56 9.6884 0.3016
28.57 9.699 0.291
28.58 9.7096 0.2804
28.59 9.7202 0.2698
28.6 9.7308 0.2592
28.61 9.7414 0.2486
28.62 9.752 0.238
28.63 9.7626 0.2274
28.64 9.7732 0.2168
28.65 9.7838 0.2062
28.66 9.7944 0.1956
28.67 9.805 0.185
28.68 9.8156 0.1744
28.69 9.8262 0.1638
28.7 9.8368 0.1532
28.71 9.8474 0.1426
28.72 9.858 0.132
28.73 9.8686 0.1214
28.74 9.8792 0.1108
28.75 9.8898 0.1002
28.76 9.9004 0.0896
28.77 9.911 0.079
28.78 9.9216 0.0684
28.79 9.9322 0.0578
28.8 9.9428 0.0472
28.81 9.9534 0.0366
28.82 9.964 0.026
28.83 9.9746 0.0154
28.84 9.9852 0.0048
28.85 9.9958 -0.0058
28.86 9.9808 -0.0058
28.87 9.9658 -0.0058
28.88 9.9508 -0.0058
28.89 9.9358 -0.0058
28.9 9.9208 -0.0058
28.91 9.9058 -0.0058
28.92 9.8908 -0.0058
28.93 9.8758 -0.0058
28.94 9.8608 -0.0058
28.95 9.8458 -0.0058
28.96 9.8308 -0.0058
28.97 9.8158 -0.0058
28.98 9.8008 -0.0058
28.99 9.7858 -0.0058
29.0 9.7708 -0.0058
29.01 9.7558 -0.0058
29.02 9.7408 -0.0058
29.03 9.7258 -0.0058
29.04 9.7108 -0.0058
29.05 9.6958 -0.0058
29.06 9.6808 -0.0058
29.07 9.6658 -0.0058
29.08 9.6508 -0.0058
29.09 9.6358 -0.0058
29.1 9.6208 -0.0058
29.11 9.6058 -0.0058
29.12 9.5908 -0.0058
29.13 9.5758 -0.0058
29.14 9.5608 -0.0058
29.15 9.5458 -0.0058
29.16 9.5308 -0.0058
29.17 9.5158 -0.0058
29.18 9.5008 -0.0058
29.19 9.4858 -0.0058
29.2 9.4708 -0.0058
29.21 9.4558 -0.0058
29.22 9.4408 -0.0058
29.23 9.4258 -0.0058
29.24 9.4108 -0.0058
29.25 9.3958 -0.0058
29.26 9.3808 -0.0058
29.27 9.3658 -0.0058
29.28 9.3508 -0.0058
29.29 9.3358 -0.0058
29.3 9.3208 -0.0058
29.31 9.3058 -0.0058
29.32 9.2908 -0.0058
29.33 9.2758 -0.0058
29.34 9.2608 -0.0058
29.35 9.2458 -0.0058
29.36 9.2308 -0.0058
29.37 9.2158 -0.0058
29.38 9.2008 -0.0058
29.39 9.1858 -0.0058
29.4 9.1708 -0.0058
29.41 9.1558 -0.0058
29.42 9.1408 -0.0058
29.43 9.1258 -0.0058
29.44 9.1108 -0.0058
29.45 9.0958 -0.0058
29.46 9.0808 -0.0058
29.47 9.0658 -0.0058
29.48 9.0508 -0.0058
29.49 9.0358 -0.0058
29.5 9.0208 -0.0058
29.51 9.0058 -0.0058
29.52 8.9908 -0.0058
29.53 8.9758 -0.0058
29.54 8.9608 -0.0058
29.55 8.9458 -0.0058
29.56 8.9308 -0.0058
29.57 8.9158 -0.0058
29.58 8.9008 -0.0058
29.59 8.8858 -0.0058
29.6 8.8708 -0.0058
29.61 8.8558 -0.0058
29.62 8.8408 -0.0058
29.63 8.8258 -0.0058
29.64 8.8108 -0.0058
29.65 8.7958 -0.0058
29.66 8.7808 -0.0058
29.67 8.7658 -0.0058
29.68 8.7508 -0.0058
29.69 8.7358 -0.0058
29.7 8.7208 -0.0058
29.71 8.7058 -0.0058
29.72 8.6908 -0.0058
29.73 8.6758 -0.0058
29.74 8.6608 -0.0058
29.75 8.6458 -0.0058
29.76 8.6308 -0.0058
29.77 8.6158 -0.0058
29.78 8.6008 -0.0058
29.79 8.5858 -0.0058
29.8 8.5708 -0.0058
29.81 8.5558 -0.0058
29.82 8.5408 -0.0058
29.83 8.5258 -0.0058
29.84 8.5108 -0.0058
29.85 8.4958 -0.0058
29.86 8.4808 -0.0058
29.87 8.4658 -0.0058
29.88 8.4508 -0.0058
29.89 8.4358 -0.0058
29.9 8.4208 -0.0058
29.91 8.4058 -0.0058
29.92 8.3908 -0.0058
29.93 8.3758 -0.0058
29.94 8.3608 -0.0058
29.95 8.3458 -0.0058
29.96 8.3308 -0.0058
29.97 8.3158 -0.0058
29.98 8.3008 -0.0058
29.99 8.2858 -0.0058
30.0 8.2708 -0.0058
30.01 8.2558 -0.0058
30.02 8.2408 -0.0058
30.03 8.2258 -0.0058
30.04 8.2108 -0.0058
30.05 8.1958 -0.0058
30.06 8.1808 -0.0058
30.07 8.1658 -0.0058
30.08 8.1508 -0.0058
30.09 8.1358 -0.0058
30.1 8.1208 -0.0058
30.11 8.1058 -0.0058
30.12 8.0908 -0.0058
30.13 8.0758 -0.0058
30.14 8.0608 -0.0058
30.15 8.0458 -0.0058
30.16 8.0308 -0.0058
30.17 8.0158 -0.0058
30.18 8.0008 -0.0058
30.19 7.9858 -0.0058
30.2 7.9708 -0.0058
30.21 7.9558 -0.0058
30.22 7.9408 -0.0058
30.23 7.9258 -0.0058
30.24 7.9108 -0.0058
30.25 7.8958 -0.0058
30.26 7.8808 -0.0058
30.27 7.8658 -0.0058
30.28 7.8508 -0.0058
30.29 7.8358 -0.0058
30.3 7.8208 -0.0058
30.31 7.8058 -0.0058
30.32 7.7908 -0.0058
30.33 7.7758 -0.0058
30.34 7.7608 -0.0058
30.35 7.7458 -0.0058
30.36 7.7308 -0.0058
30.37 7.7158 -0.0058
30.38 7.7008 -0.0058
30.39 7.6858 -0.0058
30.4 7.6708 -0.0058
30.41 7.6558 -0.0058
30.42 7.6408 -0.0058
30.43 7.6258 -0.0058
30.44 7.6108 -0.0058
30.45 7.5958 -0.0058
30.46 7.5808 -0.0058
30.47 7.5658 -0.0058
30.48 7.5508 -0.0058
30.49 7.5358 -0.0058
30.5 7.5208 -0.0058
30.51 7.5058 -0.0058
30.52 7.4908 -0.0058
30.53 7.4758 -0.0058
30.54 7.4608 -0.0058
30.55 7.4458 -0.0058
30.56 7.4308 -0.0058
30.57 7.4158 -0.0058
30.58 7.4008 -0.0058
30.59 7.3858 -0.0058
30.6 7.3708 -0.0058
30.61 7.3558 -0.0058
30.62 7.3408 -0.0058
30.63 7.3258 -0.0058
30.64 7.3108 -0.0058
30.65 7.2958 -0.0058
30.66 7.2808 -0.0058
30.67 7.2658 -0.0058
30.68 7.2508 -0.0058
30.69 7.2358 -0.0058
30.7 7.2208 -0.0058
30.71 7.2058 -0.0058
30.72 7.1908 -0.0058
30.73 7.1758 -0.0058
30.74 7.1608 -0.0058
30.75 7.1458 -0.0058
30.76 7.1308 -0.0058
30.77 7.1158 -0.0058
30.78 7.1008 -0.0058
30.79 7.0858 -0.0058
30.8 7.0708 -0.0058
30.81 7.0558 -0.0058
30.82 7.0408 -0.0058
30.83 7.0258 -0.0058
30.84 7.0108 -0.0058
30.85 6.9958 -0.0058
30.86 6.9808 -0.0058
30.87 6.9658 -0.0058
30.88 6.9508 -0.0058
30.89 6.9358 -0.0058
30.9 6.9208 -0.0058
30.91 6.9058 -0.0058
30.92 6.8908 -0.0058
30.93 6.8758 -0.0058
30.94 6.8608 -0.0058
30.95 6.8458 -0.0058
30.96 6.8308 -0.0058
30.97 6.8158 -0.0058
30.98 6.8008 -0.0058
30.99 6.7858 -0.0058
31.0 6.7708 -0.0058
31.01 6.7558 -0.0058
31.02 6.7408 -0.0058
31.03 6.7258 -0.0058
31.04 6.7108 -0.0058
31.05 6.6958 -0.0058
31.06 6.6808 -0.0058
31.07 6.6658 -0.0058
31.08 6.6508 -0.0058
31.09 6.6358 -0.0058
31.1 6.6208 -0.0058
31.11 6.6058 -0.0058
31.12 6.5908 -0.0058
31.13 6.5758 -0.0058
31.14 6.5608 -0.0058
31.15 6.5458 -0.0058
31.16 6.5308 -0.0058
31.17 6.5158 -0.0058
31.18 6.5008 -0.0058
31.19 6.4858 -0.0058
31.2 6.4708 -0.0058
31.21 6.4558 -0.0058
31.22 6.4408 -0.0058
31.23 6.4258 -0.0058
31.24 6.4108 -0.0058
31.25 6.3958 -0.0058
31.26 6.3808 -0.0058
31.27 6.3658 -0.0058
31.28 6.3508 -0.0058
31.29 6.3358 -0.0058
31.3 6.3208 -0.0058
31.31 6.3058 -0.0058
31.32 6.2908 -0.0058
31.33 6.2758 -0.0058
31.34 6.2608 -0.0058
31.35 6.2458 -0.0058
31.36 6.2308 -0.0058
31.37 6.2158 -0.0058
31.38 6.2008 -0.0058
31.39 6.1858 -0.0058
31.4 6.1708 -0.0058
31.41 6.1558 -0.0058
31.42 6.1408 -0.0058
31.43 6.1258 -0.0058
31.44 6.1108 -0.0058
31.45 6.0958 -0.0058
31.46 6.0808 -0.0058
31.47 6.0658 -0.0058
31.48 6.0508 -0.0058
31.49 6.0358 -0.0058
31.5 6.0208 -0.0058
31.51 6.0058 -0.0058
31.52 5.9908 -0.0058
31.53 5.9758 -0.0058
31.54 5.9608 -0.0058
31.55 5.9458 -0.0058
31.56 5.9308 -0.0058
31.57 5.9158 -0.0058
31.58 5.9008 -0.0058
31.59 5.8858 -0.0058
31.6 5.8708 -0.0058
31.61 5.8558 -0.0058
31.62 5.8408 -0.0058
31.63 5.8258 -0.0058
31.64 5.8108 -0.0058
31.65 5.7958 -0.0058
31.66 5.7808 -0.0058
31.67 5.7658 -0.0058
31.68 5.7508 -0.0058
31.69 5.7358 -0.0058
31.7 5.7208 -0.0058
31.71 5.7058 -0.0058
31.72 5.6908 -0.0058
31.73 5.6758 -0.0058
31.74 5.6608 -0.0058
31.75 5.6458 -0.0058
31.76 5.6308 -0.0058
31.77 5.6158 -0.0058
31.78 5.6008 -0.0058
31.79 5.5858 -0.0058
31.8 5.5708 -0.0058
31.81 5.5558 -0.0058
31.82 5.5408 -0.0058
31.83 5.5258 -0.0058
31.84 5.5108 -0.0058
31.85 5.4958 -0.0058
31.86 5.4808 -0.0058
31.87 5.4658 -0.0058
31.88 5.4508 -0.0058
31.89 5.4358 -0.0058
31.9 5.4208 -0.0058
31.91 5.4058 -0.0058
31.92 5.3908 -0.0058
31.93 5.3758 -0.0058
31.94 5.3608 -0.0058
31.95 5.3458 -0.0058
31.96 5.3308 -0.0058
31.97 5.3158 -0.0058
31.98 5.3008 -0.0058
31.99 5.2858 -0.0058
32.0 5.2708 -0.0058
32.01 5.2558 -0.0058
32.02 5.2408 -0.0058
32.03 5.2258 -0.0058
32.04 5.2108 -0.0058
32.05 5.1958 -0.0058
32.06 5.1808 -0.0058
32.07 5.1658 -0.0058
32.08 5.1508 -0.0058
32.09 5.1358 -0.0058
32.1 5.1208 -0.0058
32.11 5.1058 -0.0058
32.12 5.0908 -0.0058
32.13 5.0758 -0.0058
32.14 5.0608 -0.0058
32.15 5.0458 -0.0058
32.16 5.0308 -0.0058
32.17 5.0158 -0.0058
32.18 5.0008 -0.0058
