name: 1 |Position : 0.0, 10.0 name: 4 |Position : 10.0, 0.019.44 0.0106 9.9894
19.45 0.0212 9.9788
19.46 0.0318 9.9682
19.47 0.0424 9.9576
19.48 0.053 9.947
19.49 0.0636 9.9364
19.5 0.0742 9.9258
19.51 0.0848 9.9152
19.52 0.0954 9.9046
19.53 0.106 9.894
19.54 0.1166 9.8834
19.55 0.1272 9.8728
19.56 0.1378 9.8622
19.57 0.1484 9.8516
19.58 0.159 9.841
19.59 0.1696 9.8304
19.6 0.1802 9.8198
19.61 0.1908 9.8092
19.62 0.2014 9.7986
19.63 0.212 9.788
19.64 0.2226 9.7774
19.65 0.2332 9.7668
19.66 0.2438 9.7562
19.67 0.2544 9.7456
19.68 0.265 9.735
19.69 0.2756 9.7244
19.7 0.2862 9.7138
19.71 0.2968 9.7032
19.72 0.3074 9.6926
19.73 0.318 9.682
19.74 0.3286 9.6714
19.75 0.3392 9.6608
19.76 0.3498 9.6502
19.77 0.3604 9.6396
19.78 0.371 9.629
19.79 0.3816 9.6184
19.8 0.3922 9.6078
19.81 0.4028 9.5972
19.82 0.4134 9.5866
19.83 0.424 9.576
19.84 0.4346 9.5654
19.85 0.4452 9.5548
19.86 0.4558 9.5442
19.87 0.4664 9.5336
19.88 0.477 9.523
19.89 0.4876 9.5124
19.9 0.4982 9.5018
19.91 0.5088 9.4912
19.92 0.5194 9.4806
19.93 0.53 9.47
19.94 0.5406 9.4594
19.95 0.5512 9.4488
19.96 0.5618 9.4382
19.97 0.5724 9.4276
19.98 0.583 9.417
19.99 0.5936 9.4064
20.0 0.6042 9.3958
20.01 0.6148 9.3852
20.02 0.6254 9.3746
20.03 0.636 9.364
20.04 0.6466 9.3534
20.05 0.6572 9.3428
20.06 0.6678 9.3322
20.07 0.6784 9.3216
20.08 0.689 9.311
20.09 0.6996 9.3004
20.1 0.7102 9.2898
20.11 0.7208 9.2792
20.12 0.7314 9.2686
20.13 0.742 9.258
20.14 0.7526 9.2474
20.15 0.7632 9.2368
20.16 0.7738 9.2262
20.17 0.7844 9.2156
20.18 0.795 9.205
20.19 0.8056 9.1944
20.2 0.8162 9.1838
20.21 0.8268 9.1732
20.22 0.8374 9.1626
20.23 0.848 9.152
20.24 0.8586 9.1414
20.25 0.8692 9.1308
20.26 0.8798 9.1202
20.27 0.8904 9.1096
20.28 0.901 9.099
20.29 0.9116 9.0884
20.3 0.9222 9.0778
20.31 0.9328 9.0672
20.32 0.9434 9.0566
20.33 0.954 9.046
20.34 0.9646 9.0354
20.35 0.9752 9.0248
20.36 0.9858 9.0142
20.37 0.9964 9.0036
20.38 1.007 8.993
20.39 1.0176 8.9824
20.4 1.0282 8.9718
20.41 1.0388 8.9612
20.42 1.0494 8.9506
20.43 1.06 8.94
20.44 1.0706 8.9294
20.45 1.0812 8.9188
20.46 1.0918 8.9082
20.47 1.1024 8.8976
20.48 1.113 8.887
20.49 1.1236 8.8764
20.5 1.1342 8.8658
20.51 1.1448 8.8552
20.52 1.1554 8.8446
20.53 1.166 8.834
20.54 1.1766 8.8234
20.55 1.1872 8.8128
20.56 1.1978 8.8022
20.57 1.2084 8.7916
20.58 1.219 8.781
20.59 1.2296 8.7704
20.6 1.2402 8.7598
20.61 1.2508 8.7492
20.62 1.2614 8.7386
20.63 1.272 8.728
20.64 1.2826 8.7174
20.65 1.2932 8.7068
20.66 1.3038 8.6962
20.67 1.3144 8.6856
20.68 1.325 8.675
20.69 1.3356 8.6644
20.7 1.3462 8.6538
20.71 1.3568 8.6432
20.72 1.3674 8.6326
20.73 1.378 8.622
20.74 1.3886 8.6114
20.75 1.3992 8.6008
20.76 1.4098 8.5902
20.77 1.4204 8.5796
20.78 1.431 8.569
20.79 1.4416 8.5584
20.8 1.4522 8.5478
20.81 1.4628 8.5372
20.82 1.4734 8.5266
20.83 1.484 8.516
20.84 1.4946 8.5054
20.85 1.5052 8.4948
20.86 1.5158 8.4842
20.87 1.5264 8.4736
20.88 1.537 8.463
20.89 1.5476 8.4524
20.9 1.5582 8.4418
20.91 1.5688 8.4312
20.92 1.5794 8.4206
20.93 1.59 8.41
20.94 1.6006 8.3994
20.95 1.6112 8.3888
20.96 1.6218 8.3782
20.97 1.6324 8.3676
20.98 1.643 8.357
20.99 1.6536 8.3464
21.0 1.6642 8.3358
21.01 1.6748 8.3252
21.02 1.6854 8.3146
21.03 1.696 8.304
21.04 1.7066 8.2934
21.05 1.7172 8.2828
21.06 1.7278 8.2722
21.07 1.7384 8.2616
21.08 1.749 8.251
21.09 1.7596 8.2404
21.1 1.7702 8.2298
21.11 1.7808 8.2192
21.12 1.7914 8.2086
21.13 1.802 8.198
21.14 1.8126 8.1874
21.15 1.8232 8.1768
21.16 1.8338 8.1662
21.17 1.8444 8.1556
21.18 1.855 8.145
21.19 1.8656 8.1344
21.2 1.8762 8.1238
21.21 1.8868 8.1132
21.22 1.8974 8.1026
21.23 1.908 8.092
21.24 1.9186 8.0814
21.25 1.9292 8.0708
21.26 1.9398 8.0602
21.27 1.9504 8.0496
21.28 1.961 8.039
21.29 1.9716 8.0284
21.3 1.9822 8.0178
21.31 1.9928 8.0072
21.32 2.0034 7.9966
21.33 2.014 7.986
21.34 2.0246 7.9754
21.35 2.0352 7.9648
21.36 2.0458 7.9542
21.37 2.0564 7.9436
21.38 2.067 7.933
21.39 2.0776 7.9224
21.4 2.0882 7.9118
21.41 2.0988 7.9012
21.42 2.1094 7.8906
21.43 2.12 7.88
21.44 2.1306 7.8694
21.45 2.1412 7.8588
21.46 2.1518 7.8482
21.47 2.1624 7.8376
21.48 2.173 7.827
21.49 2.1836 7.8164
21.5 2.1942 7.8058
21.51 2.2048 7.7952
21.52 2.2154 7.7846
21.53 2.226 7.774
21.54 2.2366 7.7634
21.55 2.2472 7.7528
21.56 2.2578 7.7422
21.57 2.2684 7.7316
21.58 2.279 7.721
21.59 2.2896 7.7104
21.6 2.3002 7.6998
21.61 2.3108 7.6892
21.62 2.3214 7.6786
21.63 2.332 7.668
21.64 2.3426 7.6574
21.65 2.3532 7.6468
21.66 2.3638 7.6362
21.67 2.3744 7.6256
21.68 2.385 7.615
21.69 2.3956 7.6044
21.7 2.4062 7.5938
21.71 2.4168 7.5832
21.72 2.4274 7.5726
21.73 2.438 7.562
21.74 2.4486 7.5514
21.75 2.4592 7.5408
21.76 2.4698 7.5302
21.77 2.4804 7.5196
21.78 2.491 7.509
21.79 2.5016 7.4984
21.8 2.5122 7.4878
21.81 2.5228 7.4772
21.82 2.5334 7.4666
21.83 2.544 7.456
21.84 2.5546 7.4454
21.85 2.5652 7.4348
21.86 2.5758 7.4242
21.87 2.5864 7.4136
21.88 2.597 7.403
21.89 2.6076 7.3924
21.9 2.6182 7.3818
21.91 2.6288 7.3712
21.92 2.6394 7.3606
21.93 2.65 7.35
21.94 2.6606 7.3394
21.95 2.6712 7.3288
21.96 2.6818 7.3182
21.97 2.6924 7.3076
21.98 2.703 7.297
21.99 2.7136 7.2864
22.0 2.7242 7.2758
22.01 2.7348 7.2652
22.02 2.7454 7.2546
22.03 2.756 7.244
22.04 2.7666 7.2334
22.05 2.7772 7.2228
22.06 2.7878 7.2122
22.07 2.7984 7.2016
22.08 2.809 7.191
22.09 2.8196 7.1804
22.1 2.8302 7.1698
22.11 2.8408 7.1592
22.12 2.8514 7.1486
22.13 2.862 7.138
22.14 2.8726 7.1274
22.15 2.8832 7.1168
22.16 2.8938 7.1062
22.17 2.9044 7.0956
22.18 2.915 7.085
22.19 2.9256 7.0744
22.2 2.9362 7.0638
22.21 2.9468 7.0532
22.22 2.9574 7.0426
22.23 2.968 7.032
22.24 2.9786 7.0214
22.25 2.9892 7.0108
22.26 2.9998 7.0002
22.27 3.0104 6.9896
22.28 3.021 6.979
22.29 3.0316 6.9684
22.3 3.0422 6.9578
22.31 3.0528 6.9472
22.32 3.0634 6.9366
22.33 3.074 6.926
22.34 3.0846 6.9154
22.35 3.0952 6.9048
22.36 3.1058 6.8942
22.37 3.1164 6.8836
22.38 3.127 6.873
22.39 3.1376 6.8624
22.4 3.1482 6.8518
22.41 3.1588 6.8412
22.42 3.1694 6.8306
22.43 3.18 6.82
22.44 3.1906 6.8094
22.45 3.2012 6.7988
22.46 3.2118 6.7882
22.47 3.2224 6.7776
22.48 3.233 6.767
22.49 3.2436 6.7564
22.5 3.2542 6.7458
22.51 3.2648 6.7352
22.52 3.2754 6.7246
22.53 3.286 6.714
22.54 3.2966 6.7034
22.55 3.3072 6.6928
22.56 3.3178 6.6822
22.57 3.3284 6.6716
22.58 3.339 6.661
22.59 3.3496 6.6504
22.6 3.3602 6.6398
22.61 3.3708 6.6292
22.62 3.3814 6.6186
22.63 3.392 6.608
22.64 3.4026 6.5974
22.65 3.4132 6.5868
22.66 3.4238 6.5762
22.67 3.4344 6.5656
22.68 3.445 6.555
22.69 3.4556 6.5444
22.7 3.4662 6.5338
22.71 3.4768 6.5232
22.72 3.4874 6.5126
22.73 3.498 6.502
22.74 3.5086 6.4914
22.75 3.5192 6.4808
22.76 3.5298 6.4702
22.77 3.5404 6.4596
22.78 3.551 6.449
22.79 3.5616 6.4384
22.8 3.5722 6.4278
22.81 3.5828 6.4172
22.82 3.5934 6.4066
22.83 3.604 6.396
22.84 3.6146 6.3854
22.85 3.6252 6.3748
22.86 3.6358 6.3642
22.87 3.6464 6.3536
22.88 3.657 6.343
22.89 3.6676 6.3324
22.9 3.6782 6.3218
22.91 3.6888 6.3112
22.92 3.6994 6.3006
22.93 3.71 6.29
22.94 3.7206 6.2794
22.95 3.7312 6.2688
22.96 3.7418 6.2582
22.97 3.7524 6.2476
22.98 3.763 6.237
22.99 3.7736 6.2264
23.0 3.7842 6.2158
23.01 3.7948 6.2052
23.02 3.8054 6.1946
23.03 3.816 6.184
23.04 3.8266 6.1734
23.05 3.8372 6.1628
23.06 3.8478 6.1522
23.07 3.8584 6.1416
23.08 3.869 6.131
23.09 3.8796 6.1204
23.1 3.8902 6.1098
23.11 3.9008 6.0992
23.12 3.9114 6.0886
23.13 3.922 6.078
23.14 3.9326 6.0674
23.15 3.9432 6.0568
23.16 3.9538 6.0462
23.17 3.9644 6.0356
23.18 3.975 6.025
23.19 3.9856 6.0144
23.2 3.9962 6.0038
23.21 4.0068 5.9932
23.22 4.0174 5.9826
23.23 4.028 5.972
23.24 4.0386 5.9614
23.25 4.0492 5.9508
23.26 4.0598 5.9402
23.27 4.0704 5.9296
23.28 4.081 5.919
23.29 4.0916 5.9084
23.3 4.1022 5.8978
23.31 4.1128 5.8872
23.32 4.1234 5.8766
23.33 4.134 5.866
23.34 4.1446 5.8554
23.35 4.1552 5.8448
23.36 4.1658 5.8342
23.37 4.1764 5.8236
23.38 4.187 5.813
23.39 4.1976 5.8024
23.4 4.2082 5.7918
23.41 4.2188 5.7812
23.42 4.2294 5.7706
23.43 4.24 5.76
23.44 4.2506 5.7494
23.45 4.2612 5.7388
23.46 4.2718 5.7282
23.47 4.2824 5.7176
23.48 4.293 5.707
23.49 4.3036 5.6964
23.5 4.3142 5.6858
23.51 4.3248 5.6752
23.52 4.3354 5.6646
23.53 4.346 5.654
23.54 4.3566 5.6434
23.55 4.3672 5.6328
23.56 4.3778 5.6222
23.57 4.3884 5.6116
23.58 4.399 5.601
23.59 4.4096 5.5904
23.6 4.4202 5.5798
23.61 4.4308 5.5692
23.62 4.4414 5.5586
23.63 4.452 5.548
23.64 4.4626 5.5374
23.65 4.4732 5.5268
23.66 4.4838 5.5162
23.67 4.4944 5.5056
23.68 4.505 5.495
23.69 4.5156 5.4844
23.7 4.5262 5.4738
23.71 4.5368 5.4632
23.72 4.5474 5.4526
23.73 4.558 5.442
23.74 4.5686 5.4314
23.75 4.5792 5.4208
23.76 4.5898 5.4102
23.77 4.6004 5.3996
23.78 4.611 5.389
23.79 4.6216 5.3784
23.8 4.6322 5.3678
23.81 4.6428 5.3572
23.82 4.6534 5.3466
23.83 4.664 5.336
23.84 4.6746 5.3254
23.85 4.6852 5.3148
23.86 4.6958 5.3042
23.87 4.7064 5.2936
23.88 4.717 5.283
23.89 4.7276 5.2724
23.9 4.7382 5.2618
23.91 4.7488 5.2512
23.92 4.7594 5.2406
23.93 4.77 5.23
23.94 4.7806 5.2194
23.95 4.7912 5.2088
23.96 4.8018 5.1982
23.97 4.8124 5.1876
23.98 4.823 5.177
23.99 4.8336 5.1664
24.0 4.8442 5.1558
24.01 4.8548 5.1452
24.02 4.8654 5.1346
24.03 4.876 5.124
24.04 4.8866 5.1134
24.05 4.8972 5.1028
24.06 4.9078 5.0922
24.07 4.9184 5.0816
24.08 4.929 5.071
24.09 4.9396 5.0604
24.1 4.9502 5.0498
24.11 4.9608 5.0392
24.12 4.9714 5.0286
24.13 4.982 5.018
24.14 4.9926 5.0074
24.15 5.0032 4.9968
24.16 5.0138 4.9862
24.17 5.0244 4.9756
24.18 5.035 4.965
24.19 5.0456 4.9544
24.2 5.0562 4.9438
24.21 5.0668 4.9332
24.22 5.0774 4.9226
24.23 5.088 4.912
24.24 5.0986 4.9014
24.25 5.1092 4.8908
24.26 5.1198 4.8802
24.27 5.1304 4.8696
24.28 5.141 4.859
24.29 5.1516 4.8484
24.3 5.1622 4.8378
24.31 5.1728 4.8272
24.32 5.1834 4.8166
24.33 5.194 4.806
24.34 5.2046 4.7954
24.35 5.2152 4.7848
24.36 5.2258 4.7742
24.37 5.2364 4.7636
24.38 5.247 4.753
24.39 5.2576 4.7424
24.4 5.2682 4.7318
24.41 5.2788 4.7212
24.42 5.2894 4.7106
24.43 5.3 4.7
24.44 5.3106 4.6894
24.45 5.3212 4.6788
24.46 5.3318 4.6682
24.47 5.3424 4.6576
24.48 5.353 4.647
24.49 5.3636 4.6364
24.5 5.3742 4.6258
24.51 5.3848 4.6152
24.52 5.3954 4.6046
24.53 5.406 4.594
24.54 5.4166 4.5834
24.55 5.4272 4.5728
24.56 5.4378 4.5622
24.57 5.4484 4.5516
24.58 5.459 4.541
24.59 5.4696 4.5304
24.6 5.4802 4.5198
24.61 5.4908 4.5092
24.62 5.5014 4.4986
24.63 5.512 4.488
24.64 5.5226 4.4774
24.65 5.5332 4.4668
24.66 5.5438 4.4562
24.67 5.5544 4.4456
24.68 5.565 4.435
24.69 5.5756 4.4244
24.7 5.5862 4.4138
24.71 5.5968 4.4032
24.72 5.6074 4.3926
24.73 5.618 4.382
24.74 5.6286 4.3714
24.75 5.6392 4.3608
24.76 5.6498 4.3502
24.77 5.6604 4.3396
24.78 5.671 4.329
24.79 5.6816 4.3184
24.8 5.6922 4.3078
24.81 5.7028 4.2972
24.82 5.7134 4.2866
24.83 5.724 4.276
24.84 5.7346 4.2654
24.85 5.7452 4.2548
24.86 5.7558 4.2442
24.87 5.7664 4.2336
24.88 5.777 4.223
24.89 5.7876 4.2124
24.9 5.7982 4.2018
24.91 5.8088 4.1912
24.92 5.8194 4.1806
24.93 5.83 4.17
24.94 5.8406 4.1594
24.95 5.8512 4.1488
24.96 5.8618 4.1382
24.97 5.8724 4.1276
24.98 5.883 4.117
24.99 5.8936 4.1064
25.0 5.9042 4.0958
25.01 5.9148 4.0852
25.02 5.9254 4.0746
25.03 5.936 4.064
25.04 5.9466 4.0534
25.05 5.9572 4.0428
25.06 5.9678 4.0322
25.07 5.9784 4.0216
25.08 5.989 4.011
25.09 5.9996 4.0004
25.1 6.0102 3.9898
25.11 6.0208 3.9792
25.12 6.0314 3.9686
25.13 6.042 3.958
25.14 6.0526 3.9474
25.15 6.0632 3.9368
25.16 6.0738 3.9262
25.17 6.0844 3.9156
25.18 6.095 3.905
25.19 6.1056 3.8944
25.2 6.1162 3.8838
25.21 6.1268 3.8732
25.22 6.1374 3.8626
25.23 6.148 3.852
25.24 6.1586 3.8414
25.25 6.1692 3.8308
25.26 6.1798 3.8202
25.27 6.1904 3.8096
25.28 6.201 3.799
25.29 6.2116 3.7884
25.3 6.2222 3.7778
25.31 6.2328 3.7672
25.32 6.2434 3.7566
25.33 6.254 3.746
25.34 6.2646 3.7354
25.35 6.2752 3.7248
25.36 6.2858 3.7142
25.37 6.2964 3.7036
25.38 6.307 3.693
25.39 6.3176 3.6824
25.4 6.3282 3.6718
25.41 6.3388 3.6612
25.42 6.3494 3.6506
25.43 6.36 3.64
25.44 6.3706 3.6294
25.45 6.3812 3.6188
25.46 6.3918 3.6082
25.47 6.4024 3.5976
25.48 6.413 3.587
25.49 6.4236 3.5764
25.5 6.4342 3.5658
25.51 6.4448 3.5552
25.52 6.4554 3.5446
25.53 6.466 3.534
25.54 6.4766 3.5234
25.55 6.4872 3.5128
25.56 6.4978 3.5022
25.57 6.5084 3.4916
25.58 6.519 3.481
25.59 6.5296 3.4704
25.6 6.5402 3.4598
25.61 6.5508 3.4492
25.62 6.5614 3.4386
25.63 6.572 3.428
25.64 6.5826 3.4174
25.65 6.5932 3.4068
25.66 6.6038 3.3962
25.67 6.6144 3.3856
25.68 6.625 3.375
25.69 6.6356 3.3644
25.7 6.6462 3.3538
25.71 6.6568 3.3432
25.72 6.6674 3.3326
25.73 6.678 3.322
25.74 6.6886 3.3114
25.75 6.6992 3.3008
25.76 6.7098 3.2902
25.77 6.7204 3.2796
25.78 6.731 3.269
25.79 6.7416 3.2584
25.8 6.7522 3.2478
25.81 6.7628 3.2372
25.82 6.7734 3.2266
25.83 6.784 3.216
25.84 6.7946 3.2054
25.85 6.8052 3.1948
25.86 6.8158 3.1842
25.87 6.8264 3.1736
25.88 6.837 3.163
25.89 6.8476 3.1524
25.9 6.8582 3.1418
25.91 6.8688 3.1312
25.92 6.8794 3.1206
25.93 6.89 3.11
25.94 6.9006 3.0994
25.95 6.9112 3.0888
25.96 6.9218 3.0782
25.97 6.9324 3.0676
25.98 6.943 3.057
25.99 6.9536 3.0464
26.0 6.9642 3.0358
26.01 6.9748 3.0252
26.02 6.9854 3.0146
26.03 6.996 3.004
26.04 7.0066 2.9934
26.05 7.0172 2.9828
26.06 7.0278 2.9722
26.07 7.0384 2.9616
26.08 7.049 2.951
26.09 7.0596 2.9404
26.1 7.0702 2.9298
26.11 7.0808 2.9192
26.12 7.0914 2.9086
26.13 7.102 2.898
26.14 7.1126 2.8874
26.15 7.1232 2.8768
26.16 7.1338 2.8662
26.17 7.1444 2.8556
26.18 7.155 2.845
26.19 7.1656 2.8344
26.2 7.1762 2.8238
26.21 7.1868 2.8132
26.22 7.1974 2.8026
26.23 7.208 2.792
26.24 7.2186 2.7814
26.25 7.2292 2.7708
26.26 7.2398 2.7602
26.27 7.2504 2.7496
26.28 7.261 2.739
26.29 7.2716 2.7284
26.3 7.2822 2.7178
26.31 7.2928 2.7072
26.32 7.3034 2.6966
26.33 7.314 2.686
26.34 7.3246 2.6754
26.35 7.3352 2.6648
26.36 7.3458 2.6542
26.37 7.3564 2.6436
26.38 7.367 2.633
26.39 7.3776 2.6224
26.4 7.3882 2.6118
26.41 7.3988 2.6012
26.42 7.4094 2.5906
26.43 7.42 2.58
26.44 7.4306 2.5694
26.45 7.4412 2.5588
26.46 7.4518 2.5482
26.47 7.4624 2.5376
26.48 7.473 2.527
26.49 7.4836 2.5164
26.5 7.4942 2.5058
26.51 7.5048 2.4952
26.52 7.5154 2.4846
26.53 7.526 2.474
26.54 7.5366 2.4634
26.55 7.5472 2.4528
26.56 7.5578 2.4422
26.57 7.5684 2.4316
26.58 7.579 2.421
26.59 7.5896 2.4104
26.6 7.6002 2.3998
26.61 7.6108 2.3892
26.62 7.6214 2.3786
26.63 7.632 2.368
26.64 7.6426 2.3574
26.65 7.6532 2.3468
26.66 7.6638 2.3362
26.67 7.6744 2.3256
26.68 7.685 2.315
26.69 7.6956 2.3044
26.7 7.7062 2.2938
26.71 7.7168 2.2832
26.72 7.7274 2.2726
26.73 7.738 2.262
26.74 7.7486 2.2514
26.75 7.7592 2.2408
26.76 7.7698 2.2302
26.77 7.7804 2.2196
26.78 7.791 2.209
26.79 7.8016 2.1984
26.8 7.8122 2.1878
26.81 7.8228 2.1772
26.82 7.8334 2.1666
26.83 7.844 2.156
26.84 7.8546 2.1454
26.85 7.8652 2.1348
26.86 7.8758 2.1242
26.87 7.8864 2.1136
26.88 7.897 2.103
26.89 7.9076 2.0924
26.9 7.9182 2.0818
26.91 7.9288 2.0712
26.92 7.9394 2.0606
26.93 7.95 2.05
26.94 7.9606 2.0394
26.95 7.9712 2.0288
26.96 7.9818 2.0182
26.97 7.9924 2.0076
26.98 8.003 1.997
26.99 8.0136 1.9864
27.0 8.0242 1.9758
27.01 8.0348 1.9652
27.02 8.0454 1.9546
27.03 8.056 1.944
27.04 8.0666 1.9334
27.05 8.0772 1.9228
27.06 8.0878 1.9122
27.07 8.0984 1.9016
27.08 8.109 1.891
27.09 8.1196 1.8804
27.1 8.1302 1.8698
27.11 8.1408 1.8592
27.12 8.1514 1.8486
27.13 8.162 1.838
27.14 8.1726 1.8274
27.15 8.1832 1.8168
27.16 8.1938 1.8062
27.17 8.2044 1.7956
27.18 8.215 1.785
27.19 8.2256 1.7744
27.2 8.2362 1.7638
27.21 8.2468 1.7532
27.22 8.2574 1.7426
27.23 8.268 1.732
27.24 8.2786 1.7214
27.25 8.2892 1.7108
27.26 8.2998 1.7002
27.27 8.3104 1.6896
27.28 8.321 1.679
27.29 8.3316 1.6684
27.3 8.3422 1.6578
27.31 8.3528 1.6472
27.32 8.3634 1.6366
27.33 8.374 1.626
27.34 8.3846 1.6154
27.35 8.3952 1.6048
27.36 8.4058 1.5942
27.37 8.4164 1.5836
27.38 8.427 1.573
27.39 8.4376 1.5624
27.4 8.4482 1.5518
27.41 8.4588 1.5412
27.42 8.4694 1.5306
27.43 8.48 1.52
27.44 8.4906 1.5094
27.45 8.5012 1.4988
27.46 8.5118 1.4882
27.47 8.5224 1.4776
27.48 8.533 1.467
27.49 8.5436 1.4564
27.5 8.5542 1.4458
27.51 8.5648 1.4352
27.52 8.5754 1.4246
27.53 8.586 1.414
27.54 8.5966 1.4034
27.55 8.6072 1.3928
27.56 8.6178 1.3822
27.57 8.6284 1.3716
27.58 8.639 1.361
27.59 8.6496 1.3504
27.6 8.6602 1.3398
27.61 8.6708 1.3292
27.62 8.6814 1.3186
27.63 8.692 1.308
27.64 8.7026 1.2974
27.65 8.7132 1.2868
27.66 8.7238 1.2762
27.67 8.7344 1.2656
27.68 8.745 1.255
27.69 8.7556 1.2444
27.7 8.7662 1.2338
27.71 8.7768 1.2232
27.72 8.7874 1.2126
27.73 8.798 1.202
27.74 8.8086 1.1914
27.75 8.8192 1.1808
27.76 8.8298 1.1702
27.77 8.8404 1.1596
27.78 8.851 1.149
27.79 8.8616 1.1384
27.8 8.8722 1.1278
27.81 8.8828 1.1172
27.82 8.8934 1.1066
27.83 8.904 1.096
27.84 8.9146 1.0854
27.85 8.9252 1.0748
27.86 8.9358 1.0642
27.87 8.9464 1.0536
27.88 8.957 1.043
27.89 8.9676 1.0324
27.9 8.9782 1.0218
27.91 8.9888 1.0112
27.92 8.9994 1.0006
27.93 9.01 0.99
27.94 9.0206 0.9794
27.95 9.0312 0.9688
27.96 9.0418 0.9582
27.97 9.0524 0.9476
27.98 9.063 0.937
27.99 9.0736 0.9264
28.0 9.0842 0.9158
28.01 9.0948 0.9052
28.02 9.1054 0.8946
28.03 9.116 0.884
28.04 9.1266 0.8734
28.05 9.1372 0.8628
28.06 9.1478 0.8522
28.07 9.1584 0.8416
28.08 9.169 0.831
28.09 9.1796 0.8204
28.1 9.1902 0.8098
28.11 9.2008 0.7992
28.12 9.2114 0.7886
28.13 9.222 0.778
28.14 9.2326 0.7674
28.15 9.2432 0.7568
28.16 9.2538 0.7462
28.17 9.2644 0.7356
28.18 9.275 0.725
28.19 9.2856 0.7144
28.2 9.2962 0.7038
28.21 9.3068 0.6932
28.22 9.3174 0.6826
28.23 9.328 0.672
28.24 9.3386 0.6614
28.25 9.3492 0.6508
28.26 9.3598 0.6402
28.27 9.3704 0.6296
28.28 9.381 0.619
28.29 9.3916 0.6084
28.3 9.4022 0.5978
28.31 9.4128 0.5872
28.32 9.4234 0.5766
28.33 9.434 0.566
28.34 9.4446 0.5554
28.35 9.4552 0.5448
28.36 9.4658 0.5342
28.37 9.4764 0.5236
28.38 9.487 0.513
28.39 9.4976 0.5024
28.4 9.5082 0.4918
28.41 9.5188 0.4812
28.42 9.5294 0.4706
28.43 9.54 0.46
28.44 9.5506 0.4494
28.45 9.5612 0.4388
28.46 9.5718 0.4282
28.47 9.5824 0.4176
28.48 9.593 0.407
28.49 9.6036 0.3964
28.5 9.6142 0.3858
28.51 9.6248 0.3752
28.52 9.6354 0.3646
28.53 9.646 0.354
28.54 9.6566 0.3434
28.55 9.6672 0.3328
28.56 9.6778 0.3222
28.57 9.6884 0.3116
28.58 9.699 0.301
28.59 9.7096 0.2904
28.6 9.7202 0.2798
28.61 9.7308 0.2692
28.62 9.7414 0.2586
28.63 9.752 0.248
28.64 9.7626 0.2374
28.65 9.7732 0.2268
28.66 9.7838 0.2162
28.67 9.7944 0.2056
28.68 9.805 0.195
28.69 9.8156 0.1844
28.7 9.8262 0.1738
28.71 9.8368 0.1632
28.72 9.8474 0.1526
28.73 9.858 0.142
28.74 9.8686 0.1314
28.75 9.8792 0.1208
28.76 9.8898 0.1102
28.77 9.9004 0.0996
28.78 9.911 0.089
28.79 9.9216 0.0784
28.8 9.9322 0.0678
28.81 9.9428 0.0572
28.82 9.9534 0.0466
28.83 9.964 0.036
28.84 9.9746 0.0254
28.85 9.9852 0.0148
28.86 9.9958 0.0042
