name: 3 |Position : 0.0, 0.0 name: 6 |Position : 5.0, 0.026.89 0.0 0.015
26.9 0.0 0.03
26.91 0.0 0.045
26.92 0.0 0.06
26.93 0.0 0.075
26.94 0.0 0.09
26.95 0.0 0.105
26.96 0.0 0.12
26.97 0.0 0.135
26.98 0.0 0.15
26.99 0.0 0.165
27.0 0.0 0.18
27.01 0.0 0.195
27.02 0.0 0.21
27.03 0.0 0.225
27.04 0.0 0.24
27.05 0.0 0.255
27.06 0.0 0.27
27.07 0.0 0.285
27.08 0.0 0.3
27.09 0.0 0.315
27.1 0.0 0.33
27.11 0.0 0.345
27.12 0.0 0.36
27.13 0.0 0.375
27.14 0.0 0.39
27.15 0.0 0.405
27.16 0.0 0.42
27.17 0.0 0.435
27.18 0.0 0.45
27.19 0.0 0.465
27.2 0.0 0.48
27.21 0.0 0.495
27.22 0.0 0.51
27.23 0.0 0.525
27.24 0.0 0.54
27.25 0.0 0.555
27.26 0.0 0.57
27.27 0.0 0.585
27.28 0.0 0.6
27.29 0.0 0.615
27.3 0.0 0.63
27.31 0.0 0.645
27.32 0.0 0.66
27.33 0.0 0.675
27.34 0.0 0.69
27.35 0.0 0.705
27.36 0.0 0.72
27.37 0.0 0.735
27.38 0.0 0.75
27.39 0.0 0.765
27.4 0.0 0.78
27.41 0.0 0.795
27.42 0.0 0.81
27.43 0.0 0.825
27.44 0.0 0.84
27.45 0.0 0.855
27.46 0.0 0.87
27.47 0.0 0.885
27.48 0.0 0.9
27.49 0.0 0.915
27.5 0.0 0.93
27.51 0.0 0.945
27.52 0.0 0.96
27.53 0.0 0.975
27.54 0.0 0.99
27.55 0.0 1.005
27.56 0.0 1.02
27.57 0.0 1.035
27.58 0.0 1.05
27.59 0.0 1.065
27.6 0.0 1.08
27.61 0.0 1.095
27.62 0.0 1.11
27.63 0.0 1.125
27.64 0.0 1.14
27.65 0.0 1.155
27.66 0.0 1.17
27.67 0.0 1.185
27.68 0.0 1.2
27.69 0.0 1.215
27.7 0.0 1.23
27.71 0.0 1.245
27.72 0.0 1.26
27.73 0.0 1.275
27.74 0.0 1.29
27.75 0.0 1.305
27.76 0.0 1.32
27.77 0.0 1.335
27.78 0.0 1.35
27.79 0.0 1.365
27.8 0.0 1.38
27.81 0.0 1.395
27.82 0.0 1.41
27.83 0.0 1.425
27.84 0.0 1.44
27.85 0.0 1.455
27.86 0.0 1.47
27.87 0.0 1.485
27.88 0.0 1.5
27.89 0.0 1.515
27.9 0.0 1.53
27.91 0.0 1.545
27.92 0.0 1.56
27.93 0.0 1.575
27.94 0.0 1.59
27.95 0.0 1.605
27.96 0.0 1.62
27.97 0.0 1.635
27.98 0.0 1.65
27.99 0.0 1.665
28.0 0.0 1.68
28.01 0.0 1.695
28.02 0.0 1.71
28.03 0.0 1.725
28.04 0.0 1.74
28.05 0.0 1.755
28.06 0.0 1.77
28.07 0.0 1.785
28.08 0.0 1.8
28.09 0.0 1.815
28.1 0.0 1.83
28.11 0.0 1.845
28.12 0.0 1.86
28.13 0.0 1.875
28.14 0.0 1.89
28.15 0.0 1.905
28.16 0.0 1.92
28.17 0.0 1.935
28.18 0.0 1.95
28.19 0.0 1.965
28.2 0.0 1.98
28.21 0.0 1.995
28.22 0.0 2.01
28.23 0.0 2.025
28.24 0.0 2.04
28.25 0.0 2.055
28.26 0.0 2.07
28.27 0.0 2.085
28.28 0.0 2.1
28.29 0.0 2.115
28.3 0.0 2.13
28.31 0.0 2.145
28.32 0.0 2.16
28.33 0.0 2.175
28.34 0.0 2.19
28.35 0.0 2.205
28.36 0.0 2.22
28.37 0.0 2.235
28.38 0.0 2.25
28.39 0.0 2.265
28.4 0.0 2.28
28.41 0.0 2.295
28.42 0.0 2.31
28.43 0.0 2.325
28.44 0.0 2.34
28.45 0.0 2.355
28.46 0.0 2.37
28.47 0.0 2.385
28.48 0.0 2.4
28.49 0.0 2.415
28.5 0.0 2.43
28.51 0.0 2.445
28.52 0.0 2.46
28.53 0.0 2.475
28.54 0.0 2.49
28.55 0.0 2.505
28.56 0.0 2.52
28.57 0.0 2.535
28.58 0.0 2.55
28.59 0.0 2.565
28.6 0.0 2.58
28.61 0.0 2.595
28.62 0.0 2.61
28.63 0.0 2.625
28.64 0.0 2.64
28.65 0.0 2.655
28.66 0.0 2.67
28.67 0.0 2.685
28.68 0.0 2.7
28.69 0.0 2.715
28.7 0.0 2.73
28.71 0.0 2.745
28.72 0.0 2.76
28.73 0.0 2.775
28.74 0.0 2.79
28.75 0.0 2.805
28.76 0.0 2.82
28.77 0.0 2.835
28.78 0.0 2.85
28.79 0.0 2.865
28.8 0.0 2.88
28.81 0.0 2.895
28.82 0.0 2.91
28.83 0.0 2.925
28.84 0.0 2.94
28.85 0.0 2.955
28.86 0.0 2.97
28.87 0.0 2.985
28.88 0.0 3.0
28.89 0.0 3.015
28.9 0.0 3.03
28.91 0.0 3.045
28.92 0.0 3.06
28.93 0.0 3.075
28.94 0.0 3.09
28.95 0.0 3.105
28.96 0.0 3.12
28.97 0.0 3.135
28.98 0.0 3.15
28.99 0.0 3.165
29.0 0.0 3.18
29.01 0.0 3.195
29.02 0.0 3.21
29.03 0.0 3.225
29.04 0.0 3.24
29.05 0.0 3.255
29.06 0.0 3.27
29.07 0.0 3.285
29.08 0.0 3.3
29.09 0.0 3.315
29.1 0.0 3.33
29.11 0.0 3.345
29.12 0.0 3.36
29.13 0.0 3.375
29.14 0.0 3.39
29.15 0.0 3.405
29.16 0.0 3.42
29.17 0.0 3.435
29.18 0.0 3.45
29.19 0.0 3.465
29.2 0.0 3.48
29.21 0.0 3.495
29.22 0.0 3.51
29.23 0.0 3.525
29.24 0.0 3.54
29.25 0.0 3.555
29.26 0.0 3.57
29.27 0.0 3.585
29.28 0.0 3.6
29.29 0.0 3.615
29.3 0.0 3.63
29.31 0.0 3.645
29.32 0.0 3.66
29.33 0.0 3.675
29.34 0.0 3.69
29.35 0.0 3.705
29.36 0.0 3.72
29.37 0.0 3.735
29.38 0.0 3.75
29.39 0.0 3.765
29.4 0.0 3.78
29.41 0.0 3.795
29.42 0.0 3.81
29.43 0.0 3.825
29.44 0.0 3.84
29.45 0.0 3.855
29.46 0.0 3.87
29.47 0.0 3.885
29.48 0.0 3.9
29.49 0.0 3.915
29.5 0.0 3.93
29.51 0.0 3.945
29.52 0.0 3.96
29.53 0.0 3.975
29.54 0.0 3.99
29.55 0.0 4.005
29.56 0.0 4.02
29.57 0.0 4.035
29.58 0.0 4.05
29.59 0.0 4.065
29.6 0.0 4.08
29.61 0.0 4.095
29.62 0.0 4.11
29.63 0.0 4.125
29.64 0.0 4.14
29.65 0.0 4.155
29.66 0.0 4.17
29.67 0.0 4.185
29.68 0.0 4.2
29.69 0.0 4.215
29.7 0.0 4.23
29.71 0.0 4.245
29.72 0.0 4.26
29.73 0.0 4.275
29.74 0.0 4.29
29.75 0.0 4.305
29.76 0.0 4.32
29.77 0.0 4.335
29.78 0.0 4.35
29.79 0.0 4.365
29.8 0.0 4.38
29.81 0.0 4.395
29.82 0.0 4.41
29.83 0.0 4.425
29.84 0.0 4.44
29.85 0.0 4.455
29.86 0.0 4.47
29.87 0.0 4.485
29.88 0.0 4.5
29.89 0.0 4.515
29.9 0.0 4.53
29.91 0.0 4.545
29.92 0.0 4.56
29.93 0.0 4.575
29.94 0.0 4.59
29.95 0.0 4.605
29.96 0.0 4.62
29.97 0.0 4.635
29.98 0.0 4.65
29.99 0.0 4.665
30.0 0.0 4.68
30.01 0.0 4.695
30.02 0.0 4.71
30.03 0.0 4.725
30.04 0.0 4.74
30.05 0.0 4.755
30.06 0.0 4.77
30.07 0.0 4.785
30.08 0.0 4.8
30.09 0.0 4.815
30.1 0.0 4.83
30.11 0.0 4.845
30.12 0.0 4.86
30.13 0.0 4.875
30.14 0.0 4.89
30.15 0.0 4.905
30.16 0.0 4.92
30.17 0.0 4.935
30.18 0.0 4.95
30.19 0.0 4.965
30.2 0.0 4.98
30.21 0.0 4.995
30.22 0.0 5.01
30.23 0.0 5.025
30.24 0.0 5.04
30.25 0.0 5.055
30.26 0.0 5.07
30.27 0.0 5.085
30.28 0.0 5.1
30.29 0.0 5.115
30.3 0.0 5.13
30.31 0.0 5.145
30.32 0.0 5.16
30.33 0.0 5.175
30.34 0.0 5.19
30.35 0.0 5.205
30.36 0.0 5.22
30.37 0.0 5.235
30.38 0.0 5.25
30.39 0.0 5.265
30.4 0.0 5.28
30.41 0.0 5.295
30.42 0.0 5.31
30.43 0.0 5.325
30.44 0.0 5.34
30.45 0.0 5.355
30.46 0.0 5.37
30.47 0.0 5.385
30.48 0.0 5.4
30.49 0.0 5.415
30.5 0.0 5.43
30.51 0.0 5.445
30.52 0.0 5.46
30.53 0.0 5.475
30.54 0.0 5.49
30.55 0.0 5.505
30.56 0.0 5.52
30.57 0.0 5.535
30.58 0.0 5.55
30.59 0.0 5.565
30.6 0.0 5.58
30.61 0.0 5.595
30.62 0.0 5.61
30.63 0.0 5.625
30.64 0.0 5.64
30.65 0.0 5.655
30.66 0.0 5.67
30.67 0.0 5.685
30.68 0.0 5.7
30.69 0.0 5.715
30.7 0.0 5.73
30.71 0.0 5.745
30.72 0.0 5.76
30.73 0.0 5.775
30.74 0.0 5.79
30.75 0.0 5.805
30.76 0.0 5.82
30.77 0.0 5.835
30.78 0.0 5.85
30.79 0.0 5.865
30.8 0.0 5.88
30.81 0.0 5.895
30.82 0.0 5.91
30.83 0.0 5.925
30.84 0.0 5.94
30.85 0.0 5.955
30.86 0.0 5.97
30.87 0.0 5.985
30.88 0.0 6.0
30.89 0.0 6.015
30.9 0.0 6.03
30.91 0.0 6.045
30.92 0.0 6.06
30.93 0.0 6.075
30.94 0.0 6.09
30.95 0.0 6.105
30.96 0.0 6.12
30.97 0.0 6.135
30.98 0.0 6.15
30.99 0.0 6.165
31.0 0.0 6.18
31.01 0.0 6.195
31.02 0.0 6.21
31.03 0.0 6.225
31.04 0.0 6.24
31.05 0.0 6.255
31.06 0.0 6.27
31.07 0.0 6.285
31.08 0.0 6.3
31.09 0.0 6.315
31.1 0.0 6.33
31.11 0.0 6.345
31.12 0.0 6.36
31.13 0.0 6.375
31.14 0.0 6.39
31.15 0.0 6.405
31.16 0.0 6.42
31.17 0.0 6.435
31.18 0.0 6.45
31.19 0.0 6.465
31.2 0.0 6.48
31.21 0.0 6.495
31.22 0.0 6.51
31.23 0.0 6.525
31.24 0.0 6.54
31.25 0.0 6.555
31.26 0.0 6.57
31.27 0.0 6.585
31.28 0.0 6.6
31.29 0.0 6.615
31.3 0.0 6.63
31.31 0.0 6.645
31.32 0.0 6.66
31.33 0.0 6.675
31.34 0.0 6.69
31.35 0.0 6.705
31.36 0.0 6.72
31.37 0.0 6.735
31.38 0.0 6.75
31.39 0.0 6.765
31.4 0.0 6.78
31.41 0.0 6.795
31.42 0.0 6.81
31.43 0.0 6.825
31.44 0.0 6.84
31.45 0.0 6.855
31.46 0.0 6.87
31.47 0.0 6.885
31.48 0.0 6.9
31.49 0.0 6.915
31.5 0.0 6.93
31.51 0.0 6.945
31.52 0.0 6.96
31.53 0.0 6.975
31.54 0.0 6.99
31.55 0.0 7.005
31.56 0.0 7.02
31.57 0.0 7.035
31.58 0.0 7.05
31.59 0.0 7.065
31.6 0.0 7.08
31.61 0.0 7.095
31.62 0.0 7.11
31.63 0.0 7.125
31.64 0.0 7.14
31.65 0.0 7.155
31.66 0.0 7.17
31.67 0.0 7.185
31.68 0.0 7.2
31.69 0.0 7.215
31.7 0.0 7.23
31.71 0.0 7.245
31.72 0.0 7.26
31.73 0.0 7.275
31.74 0.0 7.29
31.75 0.0 7.305
31.76 0.0 7.32
31.77 0.0 7.335
31.78 0.0 7.35
31.79 0.0 7.365
31.8 0.0 7.38
31.81 0.0 7.395
31.82 0.0 7.41
31.83 0.0 7.425
31.84 0.0 7.44
31.85 0.0 7.455
31.86 0.0 7.47
31.87 0.0 7.485
31.88 0.0 7.5
31.89 0.0 7.515
31.9 0.0 7.53
31.91 0.0 7.545
31.92 0.0 7.56
31.93 0.0 7.575
31.94 0.0 7.59
31.95 0.0 7.605
31.96 0.0 7.62
31.97 0.0 7.635
31.98 0.0 7.65
31.99 0.0 7.665
32.0 0.0 7.68
32.01 0.0 7.695
32.02 0.0 7.71
32.03 0.0 7.725
32.04 0.0 7.74
32.05 0.0 7.755
32.06 0.0 7.77
32.07 0.0 7.785
32.08 0.0 7.8
32.09 0.0 7.815
32.1 0.0 7.83
32.11 0.0 7.845
32.12 0.0 7.86
32.13 0.0 7.875
32.14 0.0 7.89
32.15 0.0 7.905
32.16 0.0 7.92
32.17 0.0 7.935
32.18 0.0 7.95
32.19 0.0 7.965
32.2 0.0 7.98
32.21 0.0 7.995
32.22 0.0 8.01
32.23 0.0 8.025
32.24 0.0 8.04
32.25 0.0 8.055
32.26 0.0 8.07
32.27 0.0 8.085
32.28 0.0 8.1
32.29 0.0 8.115
32.3 0.0 8.13
32.31 0.0 8.145
32.32 0.0 8.16
32.33 0.0 8.175
32.34 0.0 8.19
32.35 0.0 8.205
32.36 0.0 8.22
32.37 0.0 8.235
32.38 0.0 8.25
32.39 0.0 8.265
32.4 0.0 8.28
32.41 0.0 8.295
32.42 0.0 8.31
32.43 0.0 8.325
32.44 0.0 8.34
32.45 0.0 8.355
32.46 0.0 8.37
32.47 0.0 8.385
32.48 0.0 8.4
32.49 0.0 8.415
32.5 0.0 8.43
32.51 0.0 8.445
32.52 0.0 8.46
32.53 0.0 8.475
32.54 0.0 8.49
32.55 0.0 8.505
32.56 0.0 8.52
32.57 0.0 8.535
32.58 0.0 8.55
32.59 0.0 8.565
32.6 0.0 8.58
32.61 0.0 8.595
32.62 0.0 8.61
32.63 0.0 8.625
32.64 0.0 8.64
32.65 0.0 8.655
32.66 0.0 8.67
32.67 0.0 8.685
32.68 0.0 8.7
32.69 0.0 8.715
32.7 0.0 8.73
32.71 0.0 8.745
32.72 0.0 8.76
32.73 0.0 8.775
32.74 0.0 8.79
32.75 0.0 8.805
32.76 0.0 8.82
32.77 0.0 8.835
32.78 0.0 8.85
32.79 0.0 8.865
32.8 0.0 8.88
32.81 0.0 8.895
32.82 0.0 8.91
32.83 0.0 8.925
32.84 0.0 8.94
32.85 0.0 8.955
32.86 0.0 8.97
32.87 0.0 8.985
32.88 0.0 9.0
32.89 0.0 9.015
32.9 0.0 9.03
32.91 0.0 9.045
32.92 0.0 9.06
32.93 0.0 9.075
32.94 0.0 9.09
32.95 0.0 9.105
32.96 0.0 9.12
32.97 0.0 9.135
32.98 0.0 9.15
32.99 0.0 9.165
33.0 0.0 9.18
33.01 0.0 9.195
33.02 0.0 9.21
33.03 0.0 9.225
33.04 0.0 9.24
33.05 0.0 9.255
33.06 0.0 9.27
33.07 0.0 9.285
33.08 0.0 9.3
33.09 0.0 9.315
33.1 0.0 9.33
33.11 0.0 9.345
33.12 0.0 9.36
33.13 0.0 9.375
33.14 0.0 9.39
33.15 0.0 9.405
33.16 0.0 9.42
33.17 0.0 9.435
33.18 0.0 9.45
33.19 0.0 9.465
33.2 0.0 9.48
33.21 0.0 9.495
33.22 0.0 9.51
33.23 0.0 9.525
33.24 0.0 9.54
33.25 0.0 9.555
33.26 0.0 9.57
33.27 0.0 9.585
33.28 0.0 9.6
33.29 0.0 9.615
33.3 0.0 9.63
33.31 0.0 9.645
33.32 0.0 9.66
33.33 0.0 9.675
33.34 0.0 9.69
33.35 0.0 9.705
33.36 0.0 9.72
33.37 0.0 9.735
33.38 0.0 9.75
33.39 0.0 9.765
33.4 0.0 9.78
33.41 0.0 9.795
33.42 0.0 9.81
33.43 0.0 9.825
33.44 0.0 9.84
33.45 0.0 9.855
33.46 0.0 9.87
33.47 0.0 9.885
33.48 0.0 9.9
33.49 0.0 9.915
33.5 0.0 9.93
33.51 0.0 9.945
33.52 0.0 9.96
33.53 0.0 9.975
33.54 0.0 9.99
33.55 0.0106 9.9794
33.56 0.0212 9.9688
33.57 0.0318 9.9582
33.58 0.0424 9.9476
33.59 0.053 9.937
33.6 0.0636 9.9264
33.61 0.0742 9.9158
33.62 0.0848 9.9052
33.63 0.0954 9.8946
33.64 0.106 9.884
33.65 0.1166 9.8734
33.66 0.1272 9.8628
33.67 0.1378 9.8522
33.68 0.1484 9.8416
33.69 0.159 9.831
33.7 0.1696 9.8204
33.71 0.1802 9.8098
33.72 0.1908 9.7992
33.73 0.2014 9.7886
33.74 0.212 9.778
33.75 0.2226 9.7674
33.76 0.2332 9.7568
33.77 0.2438 9.7462
33.78 0.2544 9.7356
33.79 0.265 9.725
33.8 0.2756 9.7144
33.81 0.2862 9.7038
33.82 0.2968 9.6932
33.83 0.3074 9.6826
33.84 0.318 9.672
33.85 0.3286 9.6614
33.86 0.3392 9.6508
33.87 0.3498 9.6402
33.88 0.3604 9.6296
33.89 0.371 9.619
33.9 0.3816 9.6084
33.91 0.3922 9.5978
33.92 0.4028 9.5872
33.93 0.4134 9.5766
33.94 0.424 9.566
33.95 0.4346 9.5554
33.96 0.4452 9.5448
33.97 0.4558 9.5342
33.98 0.4664 9.5236
33.99 0.477 9.513
34.0 0.4876 9.5024
34.01 0.4982 9.4918
34.02 0.5088 9.4812
34.03 0.5194 9.4706
34.04 0.53 9.46
34.05 0.5406 9.4494
34.06 0.5512 9.4388
34.07 0.5618 9.4282
34.08 0.5724 9.4176
34.09 0.583 9.407
34.1 0.5936 9.3964
34.11 0.6042 9.3858
34.12 0.6148 9.3752
34.13 0.6254 9.3646
34.14 0.636 9.354
34.15 0.6466 9.3434
34.16 0.6572 9.3328
34.17 0.6678 9.3222
34.18 0.6784 9.3116
34.19 0.689 9.301
34.2 0.6996 9.2904
34.21 0.7102 9.2798
34.22 0.7208 9.2692
34.23 0.7314 9.2586
34.24 0.742 9.248
34.25 0.7526 9.2374
34.26 0.7632 9.2268
34.27 0.7738 9.2162
34.28 0.7844 9.2056
34.29 0.795 9.195
34.3 0.8056 9.1844
34.31 0.8162 9.1738
34.32 0.8268 9.1632
34.33 0.8374 9.1526
34.34 0.848 9.142
34.35 0.8586 9.1314
34.36 0.8692 9.1208
34.37 0.8798 9.1102
34.38 0.8904 9.0996
34.39 0.901 9.089
34.4 0.9116 9.0784
34.41 0.9222 9.0678
34.42 0.9328 9.0572
34.43 0.9434 9.0466
34.44 0.954 9.036
34.45 0.9646 9.0254
34.46 0.9752 9.0148
34.47 0.9858 9.0042
34.48 0.9964 8.9936
34.49 1.007 8.983
34.5 1.0176 8.9724
34.51 1.0282 8.9618
34.52 1.0388 8.9512
34.53 1.0494 8.9406
34.54 1.06 8.93
34.55 1.0706 8.9194
34.56 1.0812 8.9088
34.57 1.0918 8.8982
34.58 1.1024 8.8876
34.59 1.113 8.877
34.6 1.1236 8.8664
34.61 1.1342 8.8558
34.62 1.1448 8.8452
34.63 1.1554 8.8346
34.64 1.166 8.824
34.65 1.1766 8.8134
34.66 1.1872 8.8028
34.67 1.1978 8.7922
34.68 1.2084 8.7816
34.69 1.219 8.771
34.7 1.2296 8.7604
34.71 1.2402 8.7498
34.72 1.2508 8.7392
34.73 1.2614 8.7286
34.74 1.272 8.718
34.75 1.2826 8.7074
34.76 1.2932 8.6968
34.77 1.3038 8.6862
34.78 1.3144 8.6756
34.79 1.325 8.665
34.8 1.3356 8.6544
34.81 1.3462 8.6438
34.82 1.3568 8.6332
34.83 1.3674 8.6226
34.84 1.378 8.612
34.85 1.3886 8.6014
34.86 1.3992 8.5908
34.87 1.4098 8.5802
34.88 1.4204 8.5696
34.89 1.431 8.559
34.9 1.4416 8.5484
34.91 1.4522 8.5378
34.92 1.4628 8.5272
34.93 1.4734 8.5166
34.94 1.484 8.506
34.95 1.4946 8.4954
34.96 1.5052 8.4848
34.97 1.5158 8.4742
34.98 1.5264 8.4636
34.99 1.537 8.453
35.0 1.5476 8.4424
35.01 1.5582 8.4318
35.02 1.5688 8.4212
35.03 1.5794 8.4106
35.04 1.59 8.4
35.05 1.6006 8.3894
35.06 1.6112 8.3788
35.07 1.6218 8.3682
35.08 1.6324 8.3576
35.09 1.643 8.347
35.1 1.6536 8.3364
35.11 1.6642 8.3258
35.12 1.6748 8.3152
35.13 1.6854 8.3046
35.14 1.696 8.294
35.15 1.7066 8.2834
35.16 1.7172 8.2728
35.17 1.7278 8.2622
35.18 1.7384 8.2516
35.19 1.749 8.241
35.2 1.7596 8.2304
35.21 1.7702 8.2198
35.22 1.7808 8.2092
35.23 1.7914 8.1986
35.24 1.802 8.188
35.25 1.8126 8.1774
35.26 1.8232 8.1668
35.27 1.8338 8.1562
35.28 1.8444 8.1456
35.29 1.855 8.135
35.3 1.8656 8.1244
35.31 1.8762 8.1138
35.32 1.8868 8.1032
35.33 1.8974 8.0926
35.34 1.908 8.082
35.35 1.9186 8.0714
35.36 1.9292 8.0608
35.37 1.9398 8.0502
35.38 1.9504 8.0396
35.39 1.961 8.029
35.4 1.9716 8.0184
35.41 1.9822 8.0078
35.42 1.9928 7.9972
35.43 2.0034 7.9866
35.44 2.014 7.976
35.45 2.0246 7.9654
35.46 2.0352 7.9548
35.47 2.0458 7.9442
35.48 2.0564 7.9336
35.49 2.067 7.923
35.5 2.0776 7.9124
35.51 2.0882 7.9018
35.52 2.0988 7.8912
35.53 2.1094 7.8806
35.54 2.12 7.87
35.55 2.1306 7.8594
35.56 2.1412 7.8488
35.57 2.1518 7.8382
35.58 2.1624 7.8276
35.59 2.173 7.817
35.6 2.1836 7.8064
35.61 2.1942 7.7958
35.62 2.2048 7.7852
35.63 2.2154 7.7746
35.64 2.226 7.764
35.65 2.2366 7.7534
35.66 2.2472 7.7428
35.67 2.2578 7.7322
35.68 2.2684 7.7216
35.69 2.279 7.711
35.7 2.2896 7.7004
35.71 2.3002 7.6898
35.72 2.3108 7.6792
35.73 2.3214 7.6686
35.74 2.332 7.658
35.75 2.3426 7.6474
35.76 2.3532 7.6368
35.77 2.3638 7.6262
35.78 2.3744 7.6156
35.79 2.385 7.605
35.8 2.3956 7.5944
35.81 2.4062 7.5838
35.82 2.4168 7.5732
35.83 2.4274 7.5626
35.84 2.438 7.552
35.85 2.4486 7.5414
35.86 2.4592 7.5308
35.87 2.4698 7.5202
35.88 2.4804 7.5096
35.89 2.491 7.499
35.9 2.5016 7.4884
35.91 2.5122 7.4778
35.92 2.5228 7.4672
35.93 2.5334 7.4566
35.94 2.544 7.446
35.95 2.5546 7.4354
35.96 2.5652 7.4248
35.97 2.5758 7.4142
35.98 2.5864 7.4036
35.99 2.597 7.393
36.0 2.6076 7.3824
36.01 2.6182 7.3718
36.02 2.6288 7.3612
36.03 2.6394 7.3506
36.04 2.65 7.34
36.05 2.6606 7.3294
36.06 2.6712 7.3188
36.07 2.6818 7.3082
36.08 2.6924 7.2976
36.09 2.703 7.287
36.1 2.7136 7.2764
36.11 2.7242 7.2658
36.12 2.7348 7.2552
36.13 2.7454 7.2446
36.14 2.756 7.234
36.15 2.7666 7.2234
36.16 2.7772 7.2128
36.17 2.7878 7.2022
36.18 2.7984 7.1916
36.19 2.809 7.181
36.2 2.8196 7.1704
36.21 2.8302 7.1598
36.22 2.8408 7.1492
36.23 2.8514 7.1386
36.24 2.862 7.128
36.25 2.8726 7.1174
36.26 2.8832 7.1068
36.27 2.8938 7.0962
36.28 2.9044 7.0856
36.29 2.915 7.075
36.3 2.9256 7.0644
36.31 2.9362 7.0538
36.32 2.9468 7.0432
36.33 2.9574 7.0326
36.34 2.968 7.022
36.35 2.9786 7.0114
36.36 2.9892 7.0008
36.37 2.9998 6.9902
36.38 3.0104 6.9796
36.39 3.021 6.969
36.4 3.0316 6.9584
36.41 3.0422 6.9478
36.42 3.0528 6.9372
36.43 3.0634 6.9266
36.44 3.074 6.916
36.45 3.0846 6.9054
36.46 3.0952 6.8948
36.47 3.1058 6.8842
36.48 3.1164 6.8736
36.49 3.127 6.863
36.5 3.1376 6.8524
36.51 3.1482 6.8418
36.52 3.1588 6.8312
36.53 3.1694 6.8206
36.54 3.18 6.81
36.55 3.1906 6.7994
36.56 3.2012 6.7888
36.57 3.2118 6.7782
36.58 3.2224 6.7676
36.59 3.233 6.757
36.6 3.2436 6.7464
36.61 3.2542 6.7358
36.62 3.2648 6.7252
36.63 3.2754 6.7146
36.64 3.286 6.704
36.65 3.2966 6.6934
36.66 3.3072 6.6828
36.67 3.3178 6.6722
36.68 3.3284 6.6616
36.69 3.339 6.651
36.7 3.3496 6.6404
36.71 3.3602 6.6298
36.72 3.3708 6.6192
36.73 3.3814 6.6086
36.74 3.392 6.598
36.75 3.4026 6.5874
36.76 3.4132 6.5768
36.77 3.4238 6.5662
36.78 3.4344 6.5556
36.79 3.445 6.545
36.8 3.4556 6.5344
36.81 3.4662 6.5238
36.82 3.4768 6.5132
36.83 3.4874 6.5026
36.84 3.498 6.492
36.85 3.5086 6.4814
36.86 3.5192 6.4708
36.87 3.5298 6.4602
36.88 3.5404 6.4496
36.89 3.551 6.439
36.9 3.5616 6.4284
36.91 3.5722 6.4178
36.92 3.5828 6.4072
36.93 3.5934 6.3966
36.94 3.604 6.386
36.95 3.6146 6.3754
36.96 3.6252 6.3648
36.97 3.6358 6.3542
36.98 3.6464 6.3436
36.99 3.657 6.333
37.0 3.6676 6.3224
37.01 3.6782 6.3118
37.02 3.6888 6.3012
37.03 3.6994 6.2906
37.04 3.71 6.28
37.05 3.7206 6.2694
37.06 3.7312 6.2588
37.07 3.7418 6.2482
37.08 3.7524 6.2376
37.09 3.763 6.227
37.1 3.7736 6.2164
37.11 3.7842 6.2058
37.12 3.7948 6.1952
37.13 3.8054 6.1846
37.14 3.816 6.174
37.15 3.8266 6.1634
37.16 3.8372 6.1528
37.17 3.8478 6.1422
37.18 3.8584 6.1316
37.19 3.869 6.121
37.2 3.8796 6.1104
37.21 3.8902 6.0998
37.22 3.9008 6.0892
37.23 3.9114 6.0786
37.24 3.922 6.068
37.25 3.9326 6.0574
37.26 3.9432 6.0468
37.27 3.9538 6.0362
37.28 3.9644 6.0256
37.29 3.975 6.015
37.3 3.9856 6.0044
37.31 3.9962 5.9938
37.32 4.0068 5.9832
37.33 4.0174 5.9726
37.34 4.028 5.962
37.35 4.0386 5.9514
37.36 4.0492 5.9408
37.37 4.0598 5.9302
37.38 4.0704 5.9196
37.39 4.081 5.909
37.4 4.0916 5.8984
37.41 4.1022 5.8878
37.42 4.1128 5.8772
37.43 4.1234 5.8666
37.44 4.134 5.856
37.45 4.1446 5.8454
37.46 4.1552 5.8348
37.47 4.1658 5.8242
37.48 4.1764 5.8136
37.49 4.187 5.803
37.5 4.1976 5.7924
37.51 4.2082 5.7818
37.52 4.2188 5.7712
37.53 4.2294 5.7606
37.54 4.24 5.75
37.55 4.2506 5.7394
37.56 4.2612 5.7288
37.57 4.2718 5.7182
37.58 4.2824 5.7076
37.59 4.293 5.697
37.6 4.3036 5.6864
37.61 4.3142 5.6758
37.62 4.3248 5.6652
37.63 4.3354 5.6546
37.64 4.346 5.644
37.65 4.3566 5.6334
37.66 4.3672 5.6228
37.67 4.3778 5.6122
37.68 4.3884 5.6016
37.69 4.399 5.591
37.7 4.4096 5.5804
37.71 4.4202 5.5698
37.72 4.4308 5.5592
37.73 4.4414 5.5486
37.74 4.452 5.538
37.75 4.4626 5.5274
37.76 4.4732 5.5168
37.77 4.4838 5.5062
37.78 4.4944 5.4956
37.79 4.505 5.485
37.8 4.5156 5.4744
37.81 4.5262 5.4638
37.82 4.5368 5.4532
37.83 4.5474 5.4426
37.84 4.558 5.432
37.85 4.5686 5.4214
37.86 4.5792 5.4108
37.87 4.5898 5.4002
37.88 4.6004 5.3896
37.89 4.611 5.379
37.9 4.6216 5.3684
37.91 4.6322 5.3578
37.92 4.6428 5.3472
37.93 4.6534 5.3366
37.94 4.664 5.326
37.95 4.6746 5.3154
37.96 4.6852 5.3048
37.97 4.6958 5.2942
37.98 4.7064 5.2836
37.99 4.717 5.273
38.0 4.7276 5.2624
38.01 4.7382 5.2518
38.02 4.7488 5.2412
38.03 4.7594 5.2306
38.04 4.77 5.22
38.05 4.7806 5.2094
38.06 4.7912 5.1988
38.07 4.8018 5.1882
38.08 4.8124 5.1776
38.09 4.823 5.167
38.1 4.8336 5.1564
38.11 4.8442 5.1458
38.12 4.8548 5.1352
38.13 4.8654 5.1246
38.14 4.876 5.114
38.15 4.8866 5.1034
38.16 4.8972 5.0928
38.17 4.9078 5.0822
38.18 4.9184 5.0716
38.19 4.929 5.061
38.2 4.9396 5.0504
38.21 4.9502 5.0398
38.22 4.9608 5.0292
38.23 4.9714 5.0186
38.24 4.982 5.008
38.25 4.9926 4.9974
38.26 5.0032 4.9868
38.27 5.0138 4.9762
38.28 5.0244 4.9656
38.29 5.035 4.955
38.3 5.0456 4.9444
38.31 5.0562 4.9338
38.32 5.0668 4.9232
38.33 5.0774 4.9126
38.34 5.088 4.902
38.35 5.0986 4.8914
38.36 5.1092 4.8808
38.37 5.1198 4.8702
38.38 5.1304 4.8596
38.39 5.141 4.849
38.4 5.1516 4.8384
38.41 5.1622 4.8278
38.42 5.1728 4.8172
38.43 5.1834 4.8066
38.44 5.194 4.796
38.45 5.2046 4.7854
38.46 5.2152 4.7748
38.47 5.2258 4.7642
38.48 5.2364 4.7536
38.49 5.247 4.743
38.5 5.2576 4.7324
38.51 5.2682 4.7218
38.52 5.2788 4.7112
38.53 5.2894 4.7006
38.54 5.3 4.69
38.55 5.3106 4.6794
38.56 5.3212 4.6688
38.57 5.3318 4.6582
38.58 5.3424 4.6476
38.59 5.353 4.637
38.6 5.3636 4.6264
38.61 5.3742 4.6158
38.62 5.3848 4.6052
38.63 5.3954 4.5946
38.64 5.406 4.584
38.65 5.4166 4.5734
38.66 5.4272 4.5628
38.67 5.4378 4.5522
38.68 5.4484 4.5416
38.69 5.459 4.531
38.7 5.4696 4.5204
38.71 5.4802 4.5098
38.72 5.4908 4.4992
38.73 5.5014 4.4886
38.74 5.512 4.478
38.75 5.5226 4.4674
38.76 5.5332 4.4568
38.77 5.5438 4.4462
38.78 5.5544 4.4356
38.79 5.565 4.425
38.8 5.5756 4.4144
38.81 5.5862 4.4038
38.82 5.5968 4.3932
38.83 5.6074 4.3826
38.84 5.618 4.372
38.85 5.6286 4.3614
38.86 5.6392 4.3508
38.87 5.6498 4.3402
38.88 5.6604 4.3296
38.89 5.671 4.319
38.9 5.6816 4.3084
38.91 5.6922 4.2978
38.92 5.7028 4.2872
38.93 5.7134 4.2766
38.94 5.724 4.266
38.95 5.7346 4.2554
38.96 5.7452 4.2448
38.97 5.7558 4.2342
38.98 5.7664 4.2236
38.99 5.777 4.213
39.0 5.7876 4.2024
39.01 5.7982 4.1918
39.02 5.8088 4.1812
39.03 5.8194 4.1706
39.04 5.83 4.16
39.05 5.8406 4.1494
39.06 5.8512 4.1388
39.07 5.8618 4.1282
39.08 5.8724 4.1176
39.09 5.883 4.107
39.1 5.8936 4.0964
39.11 5.9042 4.0858
39.12 5.9148 4.0752
39.13 5.9254 4.0646
39.14 5.936 4.054
39.15 5.9466 4.0434
39.16 5.9572 4.0328
39.17 5.9678 4.0222
39.18 5.9784 4.0116
39.19 5.989 4.001
39.2 5.9996 3.9904
39.21 6.0102 3.9798
39.22 6.0208 3.9692
39.23 6.0314 3.9586
39.24 6.042 3.948
39.25 6.0526 3.9374
39.26 6.0632 3.9268
39.27 6.0738 3.9162
39.28 6.0844 3.9056
39.29 6.095 3.895
39.3 6.1056 3.8844
39.31 6.1162 3.8738
39.32 6.1268 3.8632
39.33 6.1374 3.8526
39.34 6.148 3.842
39.35 6.1586 3.8314
39.36 6.1692 3.8208
39.37 6.1798 3.8102
39.38 6.1904 3.7996
39.39 6.201 3.789
39.4 6.2116 3.7784
39.41 6.2222 3.7678
39.42 6.2328 3.7572
39.43 6.2434 3.7466
39.44 6.254 3.736
39.45 6.2646 3.7254
39.46 6.2752 3.7148
39.47 6.2858 3.7042
39.48 6.2964 3.6936
39.49 6.307 3.683
39.5 6.3176 3.6724
39.51 6.3282 3.6618
39.52 6.3388 3.6512
39.53 6.3494 3.6406
39.54 6.36 3.63
39.55 6.3706 3.6194
39.56 6.3812 3.6088
39.57 6.3918 3.5982
39.58 6.4024 3.5876
39.59 6.413 3.577
39.6 6.4236 3.5664
39.61 6.4342 3.5558
39.62 6.4448 3.5452
39.63 6.4554 3.5346
39.64 6.466 3.524
39.65 6.4766 3.5134
39.66 6.4872 3.5028
39.67 6.4978 3.4922
39.68 6.5084 3.4816
39.69 6.519 3.471
39.7 6.5296 3.4604
39.71 6.5402 3.4498
39.72 6.5508 3.4392
39.73 6.5614 3.4286
39.74 6.572 3.418
39.75 6.5826 3.4074
39.76 6.5932 3.3968
39.77 6.6038 3.3862
39.78 6.6144 3.3756
39.79 6.625 3.365
39.8 6.6356 3.3544
39.81 6.6462 3.3438
39.82 6.6568 3.3332
39.83 6.6674 3.3226
39.84 6.678 3.312
39.85 6.6886 3.3014
39.86 6.6992 3.2908
39.87 6.7098 3.2802
39.88 6.7204 3.2696
39.89 6.731 3.259
39.9 6.7416 3.2484
39.91 6.7522 3.2378
39.92 6.7628 3.2272
39.93 6.7734 3.2166
39.94 6.784 3.206
39.95 6.7946 3.1954
39.96 6.8052 3.1848
39.97 6.8158 3.1742
39.98 6.8264 3.1636
39.99 6.837 3.153
40.0 6.8476 3.1424
40.01 6.8582 3.1318
40.02 6.8688 3.1212
40.03 6.8794 3.1106
40.04 6.89 3.1
40.05 6.9006 3.0894
40.06 6.9112 3.0788
40.07 6.9218 3.0682
40.08 6.9324 3.0576
40.09 6.943 3.047
40.1 6.9536 3.0364
40.11 6.9642 3.0258
40.12 6.9748 3.0152
40.13 6.9854 3.0046
40.14 6.996 2.994
40.15 7.0066 2.9834
40.16 7.0172 2.9728
40.17 7.0278 2.9622
40.18 7.0384 2.9516
40.19 7.049 2.941
40.2 7.0596 2.9304
40.21 7.0702 2.9198
40.22 7.0808 2.9092
40.23 7.0914 2.8986
40.24 7.102 2.888
40.25 7.1126 2.8774
40.26 7.1232 2.8668
40.27 7.1338 2.8562
40.28 7.1444 2.8456
40.29 7.155 2.835
40.3 7.1656 2.8244
40.31 7.1762 2.8138
40.32 7.1868 2.8032
40.33 7.1974 2.7926
40.34 7.208 2.782
40.35 7.2186 2.7714
40.36 7.2292 2.7608
40.37 7.2398 2.7502
40.38 7.2504 2.7396
40.39 7.261 2.729
40.4 7.2716 2.7184
40.41 7.2822 2.7078
40.42 7.2928 2.6972
40.43 7.3034 2.6866
40.44 7.314 2.676
40.45 7.3246 2.6654
40.46 7.3352 2.6548
40.47 7.3458 2.6442
40.48 7.3564 2.6336
40.49 7.367 2.623
40.5 7.3776 2.6124
40.51 7.3882 2.6018
40.52 7.3988 2.5912
40.53 7.4094 2.5806
40.54 7.42 2.57
40.55 7.4306 2.5594
40.56 7.4412 2.5488
40.57 7.4518 2.5382
40.58 7.4624 2.5276
40.59 7.473 2.517
40.6 7.4836 2.5064
40.61 7.4942 2.4958
40.62 7.5048 2.4852
40.63 7.5154 2.4746
40.64 7.526 2.464
40.65 7.5366 2.4534
40.66 7.5472 2.4428
40.67 7.5578 2.4322
40.68 7.5684 2.4216
40.69 7.579 2.411
40.7 7.5896 2.4004
40.71 7.6002 2.3898
40.72 7.6108 2.3792
40.73 7.6214 2.3686
40.74 7.632 2.358
40.75 7.6426 2.3474
40.76 7.6532 2.3368
40.77 7.6638 2.3262
40.78 7.6744 2.3156
40.79 7.685 2.305
40.8 7.6956 2.2944
40.81 7.7062 2.2838
40.82 7.7168 2.2732
40.83 7.7274 2.2626
40.84 7.738 2.252
40.85 7.7486 2.2414
40.86 7.7592 2.2308
40.87 7.7698 2.2202
40.88 7.7804 2.2096
40.89 7.791 2.199
40.9 7.8016 2.1884
40.91 7.8122 2.1778
40.92 7.8228 2.1672
40.93 7.8334 2.1566
40.94 7.844 2.146
40.95 7.8546 2.1354
40.96 7.8652 2.1248
40.97 7.8758 2.1142
40.98 7.8864 2.1036
40.99 7.897 2.093
41.0 7.9076 2.0824
41.01 7.9182 2.0718
41.02 7.9288 2.0612
41.03 7.9394 2.0506
41.04 7.95 2.04
41.05 7.9606 2.0294
41.06 7.9712 2.0188
41.07 7.9818 2.0082
41.08 7.9924 1.9976
41.09 8.003 1.987
41.1 8.0136 1.9764
41.11 8.0242 1.9658
41.12 8.0348 1.9552
41.13 8.0454 1.9446
41.14 8.056 1.934
41.15 8.0666 1.9234
41.16 8.0772 1.9128
41.17 8.0878 1.9022
41.18 8.0984 1.8916
41.19 8.109 1.881
41.2 8.1196 1.8704
41.21 8.1302 1.8598
41.22 8.1408 1.8492
41.23 8.1514 1.8386
41.24 8.162 1.828
41.25 8.1726 1.8174
41.26 8.1832 1.8068
41.27 8.1938 1.7962
41.28 8.2044 1.7856
41.29 8.215 1.775
41.3 8.2256 1.7644
41.31 8.2362 1.7538
41.32 8.2468 1.7432
41.33 8.2574 1.7326
41.34 8.268 1.722
41.35 8.2786 1.7114
41.36 8.2892 1.7008
41.37 8.2998 1.6902
41.38 8.3104 1.6796
41.39 8.321 1.669
41.4 8.3316 1.6584
41.41 8.3422 1.6478
41.42 8.3528 1.6372
41.43 8.3634 1.6266
41.44 8.374 1.616
41.45 8.3846 1.6054
41.46 8.3952 1.5948
41.47 8.4058 1.5842
41.48 8.4164 1.5736
41.49 8.427 1.563
41.5 8.4376 1.5524
41.51 8.4482 1.5418
41.52 8.4588 1.5312
41.53 8.4694 1.5206
41.54 8.48 1.51
41.55 8.4906 1.4994
41.56 8.5012 1.4888
41.57 8.5118 1.4782
41.58 8.5224 1.4676
41.59 8.533 1.457
41.6 8.5436 1.4464
41.61 8.5542 1.4358
41.62 8.5648 1.4252
41.63 8.5754 1.4146
41.64 8.586 1.404
41.65 8.5966 1.3934
41.66 8.6072 1.3828
41.67 8.6178 1.3722
41.68 8.6284 1.3616
41.69 8.639 1.351
41.7 8.6496 1.3404
41.71 8.6602 1.3298
41.72 8.6708 1.3192
41.73 8.6814 1.3086
41.74 8.692 1.298
41.75 8.7026 1.2874
41.76 8.7132 1.2768
41.77 8.7238 1.2662
41.78 8.7344 1.2556
41.79 8.745 1.245
41.8 8.7556 1.2344
41.81 8.7662 1.2238
41.82 8.7768 1.2132
41.83 8.7874 1.2026
41.84 8.798 1.192
41.85 8.8086 1.1814
41.86 8.8192 1.1708
41.87 8.8298 1.1602
41.88 8.8404 1.1496
41.89 8.851 1.139
41.9 8.8616 1.1284
41.91 8.8722 1.1178
41.92 8.8828 1.1072
41.93 8.8934 1.0966
41.94 8.904 1.086
41.95 8.9146 1.0754
41.96 8.9252 1.0648
41.97 8.9358 1.0542
41.98 8.9464 1.0436
41.99 8.957 1.033
42.0 8.9676 1.0224
42.01 8.9782 1.0118
42.02 8.9888 1.0012
42.03 8.9994 0.9906
42.04 9.01 0.98
42.05 9.0206 0.9694
42.06 9.0312 0.9588
42.07 9.0418 0.9482
42.08 9.0524 0.9376
42.09 9.063 0.927
42.1 9.0736 0.9164
42.11 9.0842 0.9058
42.12 9.0948 0.8952
42.13 9.1054 0.8846
42.14 9.116 0.874
42.15 9.1266 0.8634
42.16 9.1372 0.8528
42.17 9.1478 0.8422
42.18 9.1584 0.8316
42.19 9.169 0.821
42.2 9.1796 0.8104
42.21 9.1902 0.7998
42.22 9.2008 0.7892
42.23 9.2114 0.7786
42.24 9.222 0.768
42.25 9.2326 0.7574
42.26 9.2432 0.7468
42.27 9.2538 0.7362
42.28 9.2644 0.7256
42.29 9.275 0.715
42.3 9.2856 0.7044
42.31 9.2962 0.6938
42.32 9.3068 0.6832
42.33 9.3174 0.6726
42.34 9.328 0.662
42.35 9.3386 0.6514
42.36 9.3492 0.6408
42.37 9.3598 0.6302
42.38 9.3704 0.6196
42.39 9.381 0.609
42.4 9.3916 0.5984
42.41 9.4022 0.5878
42.42 9.4128 0.5772
42.43 9.4234 0.5666
42.44 9.434 0.556
42.45 9.4446 0.5454
42.46 9.4552 0.5348
42.47 9.4658 0.5242
42.48 9.4764 0.5136
42.49 9.487 0.503
42.5 9.4976 0.4924
42.51 9.5082 0.4818
42.52 9.5188 0.4712
42.53 9.5294 0.4606
42.54 9.54 0.45
42.55 9.5506 0.4394
42.56 9.5612 0.4288
42.57 9.5718 0.4182
42.58 9.5824 0.4076
42.59 9.593 0.397
42.6 9.6036 0.3864
42.61 9.6142 0.3758
42.62 9.6248 0.3652
42.63 9.6354 0.3546
42.64 9.646 0.344
42.65 9.6566 0.3334
42.66 9.6672 0.3228
42.67 9.6778 0.3122
42.68 9.6884 0.3016
42.69 9.699 0.291
42.7 9.7096 0.2804
42.71 9.7202 0.2698
42.72 9.7308 0.2592
42.73 9.7414 0.2486
42.74 9.752 0.238
42.75 9.7626 0.2274
42.76 9.7732 0.2168
42.77 9.7838 0.2062
42.78 9.7944 0.1956
42.79 9.805 0.185
42.8 9.8156 0.1744
42.81 9.8262 0.1638
42.82 9.8368 0.1532
42.83 9.8474 0.1426
42.84 9.858 0.132
42.85 9.8686 0.1214
42.86 9.8792 0.1108
42.87 9.8898 0.1002
42.88 9.9004 0.0896
42.89 9.911 0.079
42.9 9.9216 0.0684
42.91 9.9322 0.0578
42.92 9.9428 0.0472
42.93 9.9534 0.0366
42.94 9.964 0.026
42.95 9.9746 0.0154
42.96 9.9852 0.0048
42.97 9.9958 -0.0058
42.98 9.9808 -0.0058
42.99 9.9658 -0.0058
43.0 9.9508 -0.0058
43.01 9.9358 -0.0058
43.02 9.9208 -0.0058
43.03 9.9058 -0.0058
43.04 9.8908 -0.0058
43.05 9.8758 -0.0058
43.06 9.8608 -0.0058
43.07 9.8458 -0.0058
43.08 9.8308 -0.0058
43.09 9.8158 -0.0058
43.1 9.8008 -0.0058
43.11 9.7858 -0.0058
43.12 9.7708 -0.0058
43.13 9.7558 -0.0058
43.14 9.7408 -0.0058
43.15 9.7258 -0.0058
43.16 9.7108 -0.0058
43.17 9.6958 -0.0058
43.18 9.6808 -0.0058
43.19 9.6658 -0.0058
43.2 9.6508 -0.0058
43.21 9.6358 -0.0058
43.22 9.6208 -0.0058
43.23 9.6058 -0.0058
43.24 9.5908 -0.0058
43.25 9.5758 -0.0058
43.26 9.5608 -0.0058
43.27 9.5458 -0.0058
43.28 9.5308 -0.0058
43.29 9.5158 -0.0058
43.3 9.5008 -0.0058
43.31 9.4858 -0.0058
43.32 9.4708 -0.0058
43.33 9.4558 -0.0058
43.34 9.4408 -0.0058
43.35 9.4258 -0.0058
43.36 9.4108 -0.0058
43.37 9.3958 -0.0058
43.38 9.3808 -0.0058
43.39 9.3658 -0.0058
43.4 9.3508 -0.0058
43.41 9.3358 -0.0058
43.42 9.3208 -0.0058
43.43 9.3058 -0.0058
43.44 9.2908 -0.0058
43.45 9.2758 -0.0058
43.46 9.2608 -0.0058
43.47 9.2458 -0.0058
43.48 9.2308 -0.0058
43.49 9.2158 -0.0058
43.5 9.2008 -0.0058
43.51 9.1858 -0.0058
43.52 9.1708 -0.0058
43.53 9.1558 -0.0058
43.54 9.1408 -0.0058
43.55 9.1258 -0.0058
43.56 9.1108 -0.0058
43.57 9.0958 -0.0058
43.58 9.0808 -0.0058
43.59 9.0658 -0.0058
43.6 9.0508 -0.0058
43.61 9.0358 -0.0058
43.62 9.0208 -0.0058
43.63 9.0058 -0.0058
43.64 8.9908 -0.0058
43.65 8.9758 -0.0058
43.66 8.9608 -0.0058
43.67 8.9458 -0.0058
43.68 8.9308 -0.0058
43.69 8.9158 -0.0058
43.7 8.9008 -0.0058
43.71 8.8858 -0.0058
43.72 8.8708 -0.0058
43.73 8.8558 -0.0058
43.74 8.8408 -0.0058
43.75 8.8258 -0.0058
43.76 8.8108 -0.0058
43.77 8.7958 -0.0058
43.78 8.7808 -0.0058
43.79 8.7658 -0.0058
43.8 8.7508 -0.0058
43.81 8.7358 -0.0058
43.82 8.7208 -0.0058
43.83 8.7058 -0.0058
43.84 8.6908 -0.0058
43.85 8.6758 -0.0058
43.86 8.6608 -0.0058
43.87 8.6458 -0.0058
43.88 8.6308 -0.0058
43.89 8.6158 -0.0058
43.9 8.6008 -0.0058
43.91 8.5858 -0.0058
43.92 8.5708 -0.0058
43.93 8.5558 -0.0058
43.94 8.5408 -0.0058
43.95 8.5258 -0.0058
43.96 8.5108 -0.0058
43.97 8.4958 -0.0058
43.98 8.4808 -0.0058
43.99 8.4658 -0.0058
44.0 8.4508 -0.0058
44.01 8.4358 -0.0058
44.02 8.4208 -0.0058
44.03 8.4058 -0.0058
44.04 8.3908 -0.0058
44.05 8.3758 -0.0058
44.06 8.3608 -0.0058
44.07 8.3458 -0.0058
44.08 8.3308 -0.0058
44.09 8.3158 -0.0058
44.1 8.3008 -0.0058
44.11 8.2858 -0.0058
44.12 8.2708 -0.0058
44.13 8.2558 -0.0058
44.14 8.2408 -0.0058
44.15 8.2258 -0.0058
44.16 8.2108 -0.0058
44.17 8.1958 -0.0058
44.18 8.1808 -0.0058
44.19 8.1658 -0.0058
44.2 8.1508 -0.0058
44.21 8.1358 -0.0058
44.22 8.1208 -0.0058
44.23 8.1058 -0.0058
44.24 8.0908 -0.0058
44.25 8.0758 -0.0058
44.26 8.0608 -0.0058
44.27 8.0458 -0.0058
44.28 8.0308 -0.0058
44.29 8.0158 -0.0058
44.3 8.0008 -0.0058
44.31 7.9858 -0.0058
44.32 7.9708 -0.0058
44.33 7.9558 -0.0058
44.34 7.9408 -0.0058
44.35 7.9258 -0.0058
44.36 7.9108 -0.0058
44.37 7.8958 -0.0058
44.38 7.8808 -0.0058
44.39 7.8658 -0.0058
44.4 7.8508 -0.0058
44.41 7.8358 -0.0058
44.42 7.8208 -0.0058
44.43 7.8058 -0.0058
44.44 7.7908 -0.0058
44.45 7.7758 -0.0058
44.46 7.7608 -0.0058
44.47 7.7458 -0.0058
44.48 7.7308 -0.0058
44.49 7.7158 -0.0058
44.5 7.7008 -0.0058
44.51 7.6858 -0.0058
44.52 7.6708 -0.0058
44.53 7.6558 -0.0058
44.54 7.6408 -0.0058
44.55 7.6258 -0.0058
44.56 7.6108 -0.0058
44.57 7.5958 -0.0058
44.58 7.5808 -0.0058
44.59 7.5658 -0.0058
44.6 7.5508 -0.0058
44.61 7.5358 -0.0058
44.62 7.5208 -0.0058
44.63 7.5058 -0.0058
44.64 7.4908 -0.0058
44.65 7.4758 -0.0058
44.66 7.4608 -0.0058
44.67 7.4458 -0.0058
44.68 7.4308 -0.0058
44.69 7.4158 -0.0058
44.7 7.4008 -0.0058
44.71 7.3858 -0.0058
44.72 7.3708 -0.0058
44.73 7.3558 -0.0058
44.74 7.3408 -0.0058
44.75 7.3258 -0.0058
44.76 7.3108 -0.0058
44.77 7.2958 -0.0058
44.78 7.2808 -0.0058
44.79 7.2658 -0.0058
44.8 7.2508 -0.0058
44.81 7.2358 -0.0058
44.82 7.2208 -0.0058
44.83 7.2058 -0.0058
44.84 7.1908 -0.0058
44.85 7.1758 -0.0058
44.86 7.1608 -0.0058
44.87 7.1458 -0.0058
44.88 7.1308 -0.0058
44.89 7.1158 -0.0058
44.9 7.1008 -0.0058
44.91 7.0858 -0.0058
44.92 7.0708 -0.0058
44.93 7.0558 -0.0058
44.94 7.0408 -0.0058
44.95 7.0258 -0.0058
44.96 7.0108 -0.0058
44.97 6.9958 -0.0058
44.98 6.9808 -0.0058
44.99 6.9658 -0.0058
45.0 6.9508 -0.0058
45.01 6.9358 -0.0058
45.02 6.9208 -0.0058
45.03 6.9058 -0.0058
45.04 6.8908 -0.0058
45.05 6.8758 -0.0058
45.06 6.8608 -0.0058
45.07 6.8458 -0.0058
45.08 6.8308 -0.0058
45.09 6.8158 -0.0058
45.1 6.8008 -0.0058
45.11 6.7858 -0.0058
45.12 6.7708 -0.0058
45.13 6.7558 -0.0058
45.14 6.7408 -0.0058
45.15 6.7258 -0.0058
45.16 6.7108 -0.0058
45.17 6.6958 -0.0058
45.18 6.6808 -0.0058
45.19 6.6658 -0.0058
45.2 6.6508 -0.0058
45.21 6.6358 -0.0058
45.22 6.6208 -0.0058
45.23 6.6058 -0.0058
45.24 6.5908 -0.0058
45.25 6.5758 -0.0058
45.26 6.5608 -0.0058
45.27 6.5458 -0.0058
45.28 6.5308 -0.0058
45.29 6.5158 -0.0058
45.3 6.5008 -0.0058
45.31 6.4858 -0.0058
45.32 6.4708 -0.0058
45.33 6.4558 -0.0058
45.34 6.4408 -0.0058
45.35 6.4258 -0.0058
45.36 6.4108 -0.0058
45.37 6.3958 -0.0058
45.38 6.3808 -0.0058
45.39 6.3658 -0.0058
45.4 6.3508 -0.0058
45.41 6.3358 -0.0058
45.42 6.3208 -0.0058
45.43 6.3058 -0.0058
45.44 6.2908 -0.0058
45.45 6.2758 -0.0058
45.46 6.2608 -0.0058
45.47 6.2458 -0.0058
45.48 6.2308 -0.0058
45.49 6.2158 -0.0058
45.5 6.2008 -0.0058
45.51 6.1858 -0.0058
45.52 6.1708 -0.0058
45.53 6.1558 -0.0058
45.54 6.1408 -0.0058
45.55 6.1258 -0.0058
45.56 6.1108 -0.0058
45.57 6.0958 -0.0058
45.58 6.0808 -0.0058
45.59 6.0658 -0.0058
45.6 6.0508 -0.0058
45.61 6.0358 -0.0058
45.62 6.0208 -0.0058
45.63 6.0058 -0.0058
45.64 5.9908 -0.0058
45.65 5.9758 -0.0058
45.66 5.9608 -0.0058
45.67 5.9458 -0.0058
45.68 5.9308 -0.0058
45.69 5.9158 -0.0058
45.7 5.9008 -0.0058
45.71 5.8858 -0.0058
45.72 5.8708 -0.0058
45.73 5.8558 -0.0058
45.74 5.8408 -0.0058
45.75 5.8258 -0.0058
45.76 5.8108 -0.0058
45.77 5.7958 -0.0058
45.78 5.7808 -0.0058
45.79 5.7658 -0.0058
45.8 5.7508 -0.0058
45.81 5.7358 -0.0058
45.82 5.7208 -0.0058
45.83 5.7058 -0.0058
45.84 5.6908 -0.0058
45.85 5.6758 -0.0058
45.86 5.6608 -0.0058
45.87 5.6458 -0.0058
45.88 5.6308 -0.0058
45.89 5.6158 -0.0058
45.9 5.6008 -0.0058
45.91 5.5858 -0.0058
45.92 5.5708 -0.0058
45.93 5.5558 -0.0058
45.94 5.5408 -0.0058
45.95 5.5258 -0.0058
45.96 5.5108 -0.0058
45.97 5.4958 -0.0058
45.98 5.4808 -0.0058
45.99 5.4658 -0.0058
46.0 5.4508 -0.0058
46.01 5.4358 -0.0058
46.02 5.4208 -0.0058
46.03 5.4058 -0.0058
46.04 5.3908 -0.0058
46.05 5.3758 -0.0058
46.06 5.3608 -0.0058
46.07 5.3458 -0.0058
46.08 5.3308 -0.0058
46.09 5.3158 -0.0058
46.1 5.3008 -0.0058
46.11 5.2858 -0.0058
46.12 5.2708 -0.0058
46.13 5.2558 -0.0058
46.14 5.2408 -0.0058
46.15 5.2258 -0.0058
46.16 5.2108 -0.0058
46.17 5.1958 -0.0058
46.18 5.1808 -0.0058
46.19 5.1658 -0.0058
46.2 5.1508 -0.0058
46.21 5.1358 -0.0058
46.22 5.1208 -0.0058
46.23 5.1058 -0.0058
46.24 5.0908 -0.0058
46.25 5.0758 -0.0058
46.26 5.0608 -0.0058
46.27 5.0458 -0.0058
46.28 5.0308 -0.0058
46.29 5.0158 -0.0058
46.3 5.0008 -0.0058
