0.7707437852565466 
0.8326824593649783 
1.5096421259497927 
0.9766315806567472 
1.5954627230318914 
1.292066422093216 
1.6309110979552313 
1.3572839197990092 
0.9690385229852784 
1.08723742272248 
1.7095915981754428 
0.48032383289974856 
0.20740095815667736 
0.32162008467424974 
0.4670869451424674 
0.03461067638152593 
1.2451100953401126 
-0.5543968303754361 
1.1982365043811056 
1.039514221841621 
0.7020033163318481 
-0.24743466890975285 
-0.1613178199864127 
1.2959455330050735 
0.5946291088015948 
1.8219620634600497 
1.7701104907847705 
0.9784395644371608 
0.8146792445062765 
0.600211507058133 
-0.3329221849220467 
1.5779449673218409 
1.2755667941170603 
1.161119347225162 
-0.23447349293122444 
0.4975351542840337 
2.2287726179352294 
0.5815839749445811 
-0.10725475006804142 
1.4232602061532547 
0.864264061383948 
1.02045371025891 
1.3854796131217217 
0.2771850825922473 
1.517689337271113 
1.6370849044633613 
0.273115963824769 
1.1065204637938415 
0.2828390953727149 
0.3803181462086559 
2.0598073890824296 
1.4842061573754433 
-0.7198378859128833 
0.6561751470707635 
0.7496837886779724 
1.6291376957479653 
0.059314776021423876 
0.3362815907868626 
2.099685396138539 
1.0449188319311753 
1.724640806433904 
1.439938159826172 
0.1554184528421827 
0.7261093479590552 
0.8925229073301917 
0.8514588197203588 
2.038201476865672 
1.8790993040694683 
1.2938719745953902 
0.9498369233606511 
1.3050363037939672 
1.474142785660161 
1.449497195253954 
1.1288586833833163 
0.3600913331726209 
-0.37384511333568793 
0.7488491190486468 
1.1163634024986586 
0.7202283117833692 
1.2166425094699662 
0.8814399568793893 
0.16914082289289134 
2.2175207736853437 
1.3360638536912166 
1.0356879161525592 
0.1367633474821729 
2.0866252171569006 
0.16493426109873632 
1.425701859430389 
0.643626028689151 
0.7895566944190004 
0.10779051662786865 
1.0410127210772788 
1.421887307382303 
0.33347153325789713 
2.3005256534575445 
0.7010743856153703 
0.49559102780464626 
1.9141529797522514 
1.3175450590725437 
1.196968797192315 
0.9445580546485814 
2.402098750539335 
1.315240894528186 
0.4058682463171982 
0.5925393469799509 
0.923297443595179 
1.404120808718079 
-0.32580642251738556 
-0.17250353025892706 
1.8241497931823742 
1.114531578020252 
1.5868109268387185 
0.41645233804094695 
1.316051593288979 
-1.009684447978846 
1.1755693952665047 
1.3002319550077897 
-0.14389877084612546 
1.5395929697730537 
0.8594673008285877 
0.6513799733434551 
-0.3421592915538356 
0.8019485224078394 
0.9900841566386589 
1.834819253099691 
2.6595963232176674 
0.1668545067246303 
0.04639201244019964 
2.0590833715137853 
1.3879699721148955 
1.142305797253 
2.1686994641104214 
2.3248207113426136 
-0.049631094055223146 
0.4188808622651936 
0.1900998356962782 
0.5979891558452239 
0.8312137553260546 
0.879973835285248 
1.4406276998415872 
1.3173979220106962 
-0.5960650601855213 
0.9403614990710717 
1.4364267226130756 
0.6356823668595208 
-0.27409055260237203 
1.3595133568734084 
2.432905771557474 
1.2894472264954262 
1.9405722572824415 
0.7083969062738553 
1.5412790856187204 
0.9767013047139557 
1.3680552841820741 
1.785703390580843 
2.0096323077250444 
1.1705106694227028 
2.627179703609304 
0.17417570778213476 
1.4420430352049498 
-0.23444711564405574 
1.630675055534688 
1.3751159184488648 
0.9354749765043913 
1.2959851888799232 
0.3903958613240953 
2.633436049351781 
1.322205581677363 
1.3532016683093193 
0.3152346252777237 
1.6950781474926941 
0.20606267799834577 
0.9102534906231172 
1.7427077555703998 
0.7196727508237247 
0.41525451759639365 
2.212628365706684 
1.5574403622943205 
0.39210012366147595 
0.7082519407745024 
0.7182274977772876 
0.43477591350938993 
2.027225369895631 
1.1837335788527337 
-0.0204820870361484 
3.083171304659226 
1.5844355934122767 
0.730301877755491 
1.3838748354186492 
1.1916779351732512 
1.7778812324426734 
1.6416860107484368 
2.83162122375983 
2.084249043391641 
0.6849052846142099 
0.3763625278772422 
1.6368490727579703 
1.833168056146412 
1.0260186225239236 
0.19058497189973467 
1.2187360159293923 
0.7796927796422933 
0.8165740366438795 
0.017058800599452972 
0.09893261545399534 
0.39440889587196104 
1.2306517057215347 
0.8390591031003032 
1.5297063365723012 
1.0376147047625133 
0.026131192491480104 
0.4632616604430171 
1.1546654355435595 
0.9022714214827785 
1.5949939216413673 
1.4243987681576626 
1.1392363289021454 
1.3964520095843689 
0.02352872513750348 
1.4437747758773958 
0.707285821857839 
-0.12413896357620446 
0.8454409482664913 
-0.03254848104791774 
2.104565984909195 
0.7365962015959358 
0.9720764875152855 
1.1511156593271896 
0.9947079493229334 
0.8494332383679959 
1.205318657375223 
0.650754058169372 
-0.058078691851716435 
1.1428034950383084 
0.834955305135253 
0.39358534456864647 
0.31410749614551015 
0.8138549206055232 
2.551763720097928 
1.1078201789449023 
-0.7650455188499765 
0.8300874258862435 
1.1106663508018053 
1.9132586179453075 
0.8861602278190223 
1.639176514175419 
1.2632105608813728 
0.12840580014242675 
0.5163078009249225 
1.1775831661586624 
0.6476832616464838 
-0.07029807799842214 
1.5458907003442302 
2.188873683726417 
0.5617787590053158 
1.3758471369656324 
0.9863574511391391 
0.5901913520646859 
2.305016833793961 
0.58307084582501 
-0.6682856504341435 
0.5944692888685774 
0.170207722685499 
2.1571380984438875 
0.9329212965109259 
1.1954653345595445 
1.7994212385171726 
0.4770606932382171 
1.2296806664852384 
1.3597617805264037 
1.686157296478052 
1.677693332831839 
2.3775324356630936 
1.4271364811126441 
0.42588901437619586 
0.717658224664665 
2.4086336932906045 
0.7070536110359879 
0.2979875347846498 
0.7591586747632934 
0.11228256076929144 
-0.022064027881057324 
1.2638320472159674 
0.6408800433043569 
1.966481215709571 
0.5721006435749849 
1.125375216599885 
1.0582107879613831 
-1.4618249478848533 
2.0427451082898584 
1.2329683697368208 
1.9860565471174016 
1.1053389831053502 
0.8187521337337825 
1.0192595112434362 
3.147661383568275 
0.6392188069576544 
1.7709822452199537 
1.3397093319290065 
1.9952051746831743 
0.4833506320583286 
1.5635000206518326 
0.4423208273651065 
0.8921503629169898 
0.648812415797009 
0.7560935595421011 
0.20763474425674888 
0.1123474663779761 
1.22129962793975 
1.3014256003860747 
1.073996498961768 
0.9318199967074589 
1.1020292910597667 
1.0243232417921535 
1.5868561731956587 
2.1824214192008187 
0.6776486648932469 
0.5589117166118038 
0.3232794951621286 
2.264558344137912 
0.9601176638862465 
-0.603899176513784 
0.9103919471609093 
1.2289414823745186 
1.5579816549081769 
1.221981402262086 
-1.1990251461744754 
1.5039786814119254 
-0.004231728893765885 
0.5184529229969135 
0.5929695584184411 
1.3304144774968454 
0.5822237267976706 
1.9386963422967431 
0.4121143972845501 
2.002893672589889 
0.3924353512847564 
1.1179080679209903 
1.4726461264553141 
0.19215602403357834 
1.142698694769347 
1.633830174755381 
1.7843891675327646 
0.5249957482083588 
0.4811948623949309 
1.9145189541945413 
0.7612302585996893 
0.010271108666599416 
0.5409128758905355 
1.1683932073795993 
0.5589659995967193 
1.067793726496277 
1.8622652612128379 
-0.1307516495000114 
2.0398305435626964 
1.0696942353181933 
0.805479255009941 
1.23620552885533 
1.3522838647206497 
-0.2557505066786754 
-1.1618238157694738 
1.6697081284990265 
0.7119808855350713 
1.3115652249934429 
1.996616938470375 
1.4692459765170458 
0.5696966312317586 
0.7154549403346291 
1.2949686271067238 
0.23875906664108693 
0.96520937633161 
0.9687190112798983 
0.5291180294562146 
0.883261040290758 
1.5566109180188374 
0.31246766178815133 
1.157397073579713 
0.9756885375337767 
0.5506854388053253 
1.7560927214418478 
1.4630771241569855 
0.6050524329043244 
0.9018001203504884 
1.2910628306954788 
1.252194706964377 
0.6933509501388999 
0.12385388084106796 
2.5663518151270246 
0.10021927244823758 
0.6431349307389247 
-0.177142983409891 
2.00125770116846 
0.49694653486142537 
-0.46696716087923584 
0.8904624722447891 
2.297174026449534 
1.5897593606761804 
1.0757107429415336 
0.9734525278113618 
-0.08153719600046894 
1.5126673122907746 
-0.18333498406141557 
0.968809805341822 
2.3877201436802222 
2.8200839674637472 
1.3299319132969794 
0.6761915695597251 
0.07261057492211265 
1.6177270246953555 
1.265909117754827 
0.09264574269542325 
0.449493775866624 
1.6447169496823855 
1.4475776496586827 
1.004221331496707 
0.31583977824226916 
0.9891626912925906 
1.6564932911264014 
0.4245327739345133 
1.6966549917920317 
1.344903164197547 
1.2152757255715332 
1.0781815962832888 
0.22691471300076294 
0.43298891938514306 
0.42936361731820816 
0.3412163879353163 
0.021057287424636417 
-0.0011967182881946758 
0.9964924971198232 
1.323858786402862 
1.5228200380900185 
1.1363919375551386 
-0.3526729177095853 
0.3271502488735347 
2.142407691591319 
1.1905679097027577 
1.0049128254944018 
0.20292502462170336 
0.9011098206893274 
0.3195440974786936 
1.4758170393901944 
1.7129470373332767 
0.9374673136388312 
0.41926524611021176 
0.5754852321854046 
0.7392801277726643 
1.2974998740867736 
1.1598078124641462 
0.06322746756285202 
1.7457434798983358 
0.43774494924995433 
1.9476547385662588 
0.9805215216161932 
0.14718784569968646 
2.233180170159498 
0.8834156980191663 
1.3034196978908605 
1.6803188505668147 
-0.6795261699168533 
2.175588986457532 
0.44273510320045006 
0.5015889440498784 
1.4318001293077267 
0.769869218873956 
1.0040491444495678 
0.017354156483624816 
0.27022490903417273 
1.112679423926445 
1.4082306817918813 
0.2507096697334973 
1.0350429628736504 
1.3267776077823288 
0.9605436090695323 
1.485001097352942 
0.0533542811109905 
0.36118208822319176 
1.4095635746668012 
0.964465301400567 
0.992794923184849 
0.09508456623911277 
0.3403217002896678 
1.0820207004214426 
0.5126500029005032 
0.37704800652283954 
1.981645028191924 
0.6205148008269461 
0.9373585227217698 
0.4230331766597569 
1.2129373348450856 
0.8396036171719508 
1.2792108940658868 
0.9235395671503656 
0.37937152909040806 
2.1910944066388054 
1.0459606755103577 
-0.44119554848505094 
0.23404944952619966 
0.9940113639202051 
2.606251459832035 
1.575777958311313 
1.6495323381566704 
1.2185434753389346 
0.8718336350973964 
2.4023679632301214 
0.13817766723724456 
0.7513141717177334 
0.0929179491694948 
-0.023162195545553654 
1.0414567687714007 
1.6816886736669003 
1.1887170002777936 
1.3137204882433764 
0.08876444037020026 
0.8378451913103058 
0.7420722131505435 
0.36952252113010675 
0.8910123662274221 
0.1988582940980652 
0.6765618102515352 
0.30009577839422386 
0.19820802943546567 
0.6483930433286438 
1.4973734852772047 
2.0517159259035376 
0.4476391993876919 
-0.22484608596890654 
-0.03448613073476969 
1.0738783864786376 
0.43651362197574195 
1.9903912096753347 
1.3631672794798517 
1.6300246717790872 
0.8933281007869356 
1.2985626955151017 
1.2872066742100072 
0.8778528923552227 
0.6136462555924961 
1.467957500823772 
1.5389225867039946 
0.42374731728436077 
1.3691212481132118 
0.7224790148847529 
0.13438193470228454 
0.11149344217639634 
0.9761626431447903 
0.6525675086964831 
1.8418136529965285 
0.64537735133914 
1.4938155985536479 
-0.25679147294007176 
1.8368397485832393 
0.23234834548619987 
0.3214644399997668 
0.6106635263839937 
-0.6382144909247984 
0.20584808386501852 
1.8024118126143391 
0.565017411301296 
0.8117478697178251 
0.5873147324145644 
1.860421848575243 
0.6972766228769802 
1.0909258556396537 
1.0350017102322875 
1.1256183661988677 
0.7168602021483641 
1.1373258273936566 
0.9418227540475432 
2.0338871533620955 
1.655591238811978 
0.8928238208637347 
0.148565380265279 
0.2997178704163035 
0.45142452576059 
1.1135120408659036 
1.2230041061661696 
-0.4944826590467515 
-0.010747744221983213 
1.0526098423161587 
0.6931647127488013 
1.0078653183260782 
0.9414788634314325 
-0.22574779829515812 
1.5891677837271658 
1.1080322814936139 
0.12424247235447039 
1.2618315661718753 
1.7323942769291536 
1.7776142167157243 
2.3157941682698135 
1.0521616093293678 
0.1592914305604185 
1.1305845329476325 
1.5665516837545765 
-0.2024271811470435 
0.6412420670203804 
0.6063186547468875 
0.7953412922806947 
0.5202782924550677 
1.2564880718337406 
2.06507508237019 
0.7134940800055135 
0.3823843763683934 
0.650118447167368 
0.2681747477823826 
0.2587920020784723 
1.3285610198290603 
1.2945142913848748 
1.4461649677494983 
1.5982529562732912 
1.1709202576018598 
1.0836287924097223 
0.029066495780603496 
1.7060815910195553 
0.7131012359514919 
2.5879635142262813 
0.8917080785762316 
1.701768478284726 
-0.48196243749668466 
0.9722499743484165 
1.9756584206422378 
-0.7076565675857764 
0.4245710233455331 
0.46484010930726327 
1.7807431291546574 
0.8798901923470887 
-0.05393282142294953 
1.1681664039759398 
0.20437616288496596 
1.2077098058747926 
2.2420273668967248 
0.6470440857354502 
1.1235238939233916 
1.3641960320822732 
1.365810257554391 
0.6314857676196599 
1.4803980387244406 
1.6552680871792145 
1.2084777199271528 
0.5713011974628558 
0.21490668667526047 
1.154586328677141 
0.10548170101326171 
0.4317993740935153 
0.5751267061867273 
0.41923593632780787 
1.714958262141593 
1.1960303424751793 
0.19347648347161261 
1.3208425677804452 
1.8986952347056731 
0.13392329498992372 
1.699207493014641 
1.1158301694499748 
1.5596170948121713 
-0.021767068347500196 
0.27710373299965496 
0.6822279418820926 
0.9409507608194934 
1.5503623216443345 
1.4469563702913835 
1.3600365661511318 
1.2044422902695797 
0.2220598759460487 
0.9327084359198173 
2.5425377148455706 
1.0985366864772244 
0.39119924782838755 
1.169387016715651 
1.3395824578144158 
1.6623308511968793 
0.7469447760064549 
1.320134068232037 
1.4696385038640523 
1.1244409771271422 
1.1752801132169297 
2.1524892323654354 
0.7926795156474908 
0.6603481494972967 
0.8245822648855792 
1.407001008398231 
1.5658216439693096 
1.1084848132849623 
1.0334071150999418 
0.2827374759013316 
0.7216876921260478 
0.8179734524964442 
0.647276266090457 
0.9220247311558015 
0.42836748313810746 
0.8679478397914382 
-0.44750570705729475 
1.1907466891364729 
1.255746176714355 
1.6392358889245147 
0.6138908222815016 
0.794379126483673 
1.7582448307073524 
0.9273742049573842 
1.3194870790784816 
1.125499792293078 
2.2117131592542227 
0.684498899750143 
1.2365982774958577 
1.3751565152721104 
-0.15828992615674653 
1.4239197444018097 
1.547587796276985 
0.40504274352528136 
0.42278327823581396 
0.8777368560255636 
1.6645483071874256 
0.3693261778861928 
1.0446820709123017 
1.0040169420615088 
-0.03943798940058718 
1.8201154658030116 
1.2709515268679805 
-0.797531533535623 
2.098794432610604 
1.177232266359537 
-0.2610889395656588 
-0.1232372908208974 
2.0111678287767987 
1.393776545589939 
1.2965304861021543 
-1.0779422485372159 
1.2927089384511854 
1.2387084376603568 
0.5763602642161338 
1.435794597456351 
0.7152870797006611 
0.7549266392580298 
1.439543441407043 
-0.35030264452506743 
1.8935802482338104 
0.32513792855362544 
2.4895878562855733 
2.448617769178979 
0.5016803824171433 
0.23199315543505572 
0.4700632686986189 
0.4733275283861711 
0.6180426064932463 
1.464459454559995 
0.8870606147584681 
1.635226831481719 
0.8997094199068985 
0.882347390349524 
0.2679781369741966 
0.6409870481976607 
1.3264695044360197 
0.7717363456299403 
0.6183196946080487 
1.4964490455553552 
0.39071122894232 
1.5521961070033297 
1.3336012102621153 
1.7662766573208803 
0.9576486460016607 
1.278080007736327 
0.061281829194582804 
1.1394271086627552 
2.758461293603159 
2.2844906108515506 
1.323978328736917 
1.5349412022695015 
0.18187456464901042 
1.7630229702794957 
1.0749967050802343 
1.1119068173951756 
1.625099813840839 
1.2144945098714917 
1.3320842360350942 
2.0182816590003663 
1.2186886228285758 
1.6911166822005255 
0.47096330771602435 
0.42051257336888637 
0.08136048879893032 
0.28306594180195543 
1.3040590110118533 
0.502625925486303 
1.1823103403033906 
0.564590894202211 
0.5754519855525584 
1.9476111049138032 
1.6571798737001466 
1.102343347437804 
0.49144822596471716 
1.3565732320861876 
1.097244807405691 
1.2399166443711913 
1.0249267853736352 
1.548517017333109 
0.3225919365187898 
0.868001181852469 
0.9695421286737524 
1.0742073552920648 
0.858759742487808 
-0.19787782086962946 
1.743372305052174 
0.36699382037798023 
1.3047377319669198 
1.9317691957330645 
0.9157718483985671 
0.7911471768457103 
1.3129557041211957 
1.6591196249654518 
0.9003498245763435 
0.7443703766927651 
0.7249127847946598 
1.2973294899851917 
1.917383839772318 
1.0564614112202024 
1.186011677934921 
1.822746150294404 
1.2850937911002416 
0.7354489312384567 
2.0245323737074443 
1.2082496086409218 
1.3495728313651179 
-0.42695688050230896 
1.1853477056583055 
1.4810194987309346 
1.1176156069186167 
2.45325568918526 
1.1596092954254038 
1.5964452435343128 
1.9146015686805455 
1.7129875594912212 
0.3387567583745924 
1.7813824269796148 
0.1291992196568983 
1.7553895079684683 
0.8493002241433223 
1.280157516858488 
2.5059420288345056 
0.693085744435259 
1.3791757575435615 
0.8478397324307982 
0.7944425449182602 
1.0213774822553756 
0.4715262092067779 
1.3189326307950555 
0.723459880193038 
0.04456608180838484 
1.71879396600856 
1.5442133809489447 
1.207830086260576 
2.0552492241668263 
1.74085762656083 
1.9379243315543737 
1.517191546219828 
1.48833412705267 
0.9412314118035509 
0.49990399683721265 
2.5480720027107235 
1.7786861932096496 
-0.015014934812736636 
1.7529663590701385 
0.9982913625183396 
1.6534103730680325 
1.1358398002912644 
1.280999563506383 
0.9522134854281376 
1.941568386396633 
1.754076009492348 
1.4692108076773782 
0.7188518104714632 
2.068275267655615 
1.456951765667029 
1.0256458486003424 
1.518822972296247 
0.9022012302434406 
1.4274550489709124 
1.6043324192702633 
1.6360589591110968 
0.36605843282425143 
-0.10310125023092476 
0.8032213319252356 
-0.8129529475381954 
1.547944592181103 
0.6618925750775168 
-0.5807258775961635 
0.5112457428279488 
0.5959577764639825 
1.5027033087191597 
0.6330613528908685 
1.5665336077718468 
1.0712571509169273 
0.9455689173835519 
1.9608220431786498 
1.3004210675680048 
1.46465612712931 
2.0142378412056408 
1.732412348111911 
-0.34990606551418413 
1.1866813216718324 
0.46169058729403734 
1.4093539173975795 
1.6344756124354263 
0.7432799181405011 
0.8014464731108615 
1.7416801666457709 
1.5982407405758015 
1.2641583980692346 
1.1763502969543822 
1.344380360538946 
0.681923173197845 
0.653011469138588 
-0.1710214398096337 
1.727613857406538 
1.2898297682303914 
-0.0664316990770708 
0.7852275779643114 
2.012905835079408 
1.1637423079571514 
0.6552253496750952 
-0.11354340854619838 
2.2599432732136275 
0.8371251159614175 
0.48628407473558366 
0.7048536895642552 
1.7590557122481694 
1.3602920534755116 
0.15884320699746102 
2.033520408554148 
1.8889370209262604 
1.752871274074408 
1.0385767630583964 
1.120145642925048 
2.028562482934271 
1.2721049599234073 
1.0331667061412675 
1.180397823045084 
-0.006755734907349931 
0.7388318422157684 
1.919573738422438 
0.9867966283471608 
3.1420120211883256 
0.9150098273983096 
0.46664845989554926 
1.206898686744137 
0.7372417425638689 
1.316384613908368 
0.6916996904291918 
0.6685469559424964 
1.5969701578243434 
0.3293776212601992 
0.5202962133988012 
1.8093991905672517 
-0.01998308389460024 
1.079211036379682 
0.8341138477580349 
0.5440707809964109 
1.3254334508932584 
0.5067345173621992 
1.4763871739762564 
1.5362012436591779 
1.264284835074625 
1.6569711567539098 
0.8176446837328464 
1.7438104758306854 
0.741573619580477 
0.9951829651567653 
0.6914206931913036 
1.0566784123929374 
0.76878595316388 
0.8425490996403397 
-0.7359402292122383 
1.6031694196599187 
0.6725054306061392 
1.504070837727428 
2.8723125068577025 
2.4230119382888446 
1.2376472860195686 
1.2866481907537062 
1.8758173468592365 
1.053451391723921 
-0.30392251876210663 
1.3087947531477893 
-0.09533307177186412 
1.8475588825421096 
0.5171855028065417 
2.3266128197935183 
1.5882116339875054 
1.138685370336987 
1.4296042047099962 
2.241703967742497 
-0.39537845988887965 
1.0487120339756513 
1.0276609250900421 
1.1397258811550122 
1.2702535612062191 
1.8299633373602235 
0.6316214084823255 
1.134172640062974 
