3.5343243584121735 
3.0087056004095776 
2.8679256628545224 
2.6108935025471656 
3.1516336669149863 
4.208077321381428 
2.3467189232159082 
3.1066371852227053 
2.95997376142626 
3.721175045370924 
2.452983284591562 
2.520248824439773 
1.7334090139273404 
3.0993439391907356 
2.507968851867944 
3.9855424642707558 
3.316778287942137 
2.4744115622280414 
3.2484700034521423 
2.615838467699453 
2.8061381384985067 
2.7825523060776636 
2.8223328439558935 
2.8147853923690334 
3.5146313631520822 
3.4188805786495005 
2.8580878345380687 
3.144697067373854 
2.581798464532077 
2.7936265470279933 
1.9795926165087525 
3.398047661957058 
2.643911094715432 
3.1284889459836354 
3.096390679397266 
2.500672378401641 
2.7407907594727607 
3.913778033180039 
3.140245500186485 
2.421406626370802 
3.127897264412101 
2.4272568926352505 
3.371222129497472 
2.666239082217751 
3.0416330180140747 
3.4732933078815185 
3.190980906609313 
2.688129829206874 
2.5892296208537298 
3.1745155297562757 
2.720623872581335 
3.40109956067639 
3.4611122456006584 
3.4325193367517053 
2.912231782478554 
3.182902453226721 
2.887159630573889 
3.4557673112680494 
3.208855711613802 
3.2335949400941804 
3.2257596760292517 
4.034371396363895 
2.7200544579644816 
2.897434142521207 
3.105704941732851 
2.1980273649509305 
3.3785848866386146 
2.1447945350996056 
4.032953980635928 
3.390049800069575 
2.2923084212904867 
3.5855834776584983 
2.671814820284559 
3.149840256553875 
3.622301680169904 
3.0749879938214693 
3.4712723978296895 
2.820009002523373 
3.0479720702291386 
2.788217665846155 
3.1590326354219673 
3.6750573310376353 
2.3398848738806493 
3.1218827047825712 
3.3781977925513322 
2.5866490840784886 
3.2964283242128367 
2.2654420089998633 
3.2598492286496166 
3.0917570977116853 
3.0034846540169853 
2.63651558316042 
2.6885388187523604 
2.9969361497695775 
2.996578719885151 
3.3256054552731023 
2.8132657681339204 
3.1327833573397745 
2.4280108372250724 
3.304094166753484 
2.821164521851774 
3.358693334353111 
2.4793266803237355 
2.628682088295094 
2.750769557964037 
1.6723156733718487 
3.397883841149426 
2.794503138656049 
2.2245919803858323 
2.680617960666154 
2.9861762956592224 
2.6184512167564344 
3.106254400904172 
1.689702034832201 
3.06085556187431 
2.6500305327063964 
3.298160922407289 
2.6362208699882066 
3.2949793457667607 
2.636973134888787 
2.5232545643194895 
3.304156031606962 
2.9077564349998597 
3.070361390448609 
3.789217351457389 
3.2525390246560106 
4.89209392369897 
3.5097262176581943 
2.148927797745108 
2.7000733570754587 
3.432850078110571 
3.387259052274924 
2.890938161448471 
3.4410591515428774 
2.9938420030983193 
3.019526153326501 
3.1983784462063 
2.781643520932186 
4.170287985380292 
2.6515530501162288 
2.8519674194090903 
3.1994372068595975 
2.869675540496956 
2.775757405413256 
3.6864269969473824 
2.2450006167505308 
2.907766056693816 
2.5658407226406146 
2.8930822002301175 
3.023116224460314 
3.3899028364317143 
3.497259771698534 
3.0331074211089653 
2.763142674844579 
2.607706985515696 
3.2825800590366727 
1.8973143707378732 
3.1689300991342493 
2.265955999205024 
2.573678432141565 
3.2471856210520955 
2.7001714754355763 
2.86436942792941 
3.7367607752417586 
2.454349736577161 
3.583987738142785 
3.203586052179474 
2.258719422369692 
3.1279797441858506 
2.770385783263615 
2.456477081856185 
3.7232893611628524 
2.308751963569795 
2.5505176203464206 
2.9231736333374796 
3.000099223467811 
2.9300092744337314 
2.5585836614140214 
2.7242002532137213 
2.3948069441897486 
2.595624012555077 
3.3066243691969532 
3.331798215278975 
3.0933316674102813 
2.595883054668028 
2.5595585684093543 
2.7609841084112468 
2.6253691900580125 
3.971855443011106 
3.219865447598326 
3.7667400461603417 
2.8437432505787585 
2.4015660922355404 
3.56679652941754 
2.230589050728516 
2.7485617018841833 
3.2088290800872246 
3.600437482008818 
2.302252359371977 
2.5754630955081517 
3.867673395007395 
3.8479291658801094 
2.974787008440256 
3.6323925969392588 
3.3559746049903083 
2.996966306967154 
2.909301889877564 
1.6824037951089057 
3.6631889315112067 
2.554217516937446 
2.6843243816736275 
2.9689231380787446 
3.9888095703425095 
3.1381612168365876 
2.6448072408949983 
2.4576199360356554 
2.7138164989081845 
2.5977329210102473 
2.5942108217559756 
2.499950804592358 
3.217117037636007 
3.0670230922662323 
3.799666929903103 
3.4250494458589227 
3.0101244056206036 
2.2834657659152136 
3.8799344352820575 
2.6861450340941264 
3.541789522145282 
3.353813754077648 
3.6156225073349955 
2.6908985757858406 
2.1444435115201568 
2.81856563292437 
2.8824889067603063 
3.014897531033859 
3.3304724059066273 
3.0366488278543002 
3.86404264522688 
3.470694789379508 
2.983888053156917 
3.178438872544938 
3.4259004976011744 
2.8609935597584992 
2.3451627807567763 
2.7327955145517655 
2.584559223019255 
3.0958427212579096 
2.277590084566651 
2.7043072828381964 
2.828623015746604 
3.8094936675847326 
3.1470774182049106 
2.8338702215053533 
3.305879446973206 
3.82367846281013 
2.415566143410854 
2.251421121878211 
3.1446308989596203 
2.4834953865347367 
3.073829388116814 
3.051465179490133 
1.6741645329963573 
3.3368500431833787 
2.6663530797255017 
2.6508081897707907 
2.257092952572326 
3.2934528442874904 
2.7999358835119654 
3.323944407879158 
2.556201546967682 
3.2392986715735144 
3.3411620211349047 
3.731070867564619 
3.4151739039416786 
2.932142655919933 
3.1786258820124393 
3.156565130165597 
2.597993983918737 
3.5012269039309967 
3.188424550481961 
2.811799724829691 
1.9753139515456792 
3.402010355256615 
2.760532723623629 
3.3154608320566186 
2.789790539868584 
2.7830737939869405 
2.727810674793866 
2.602399348550516 
2.832086457556004 
2.2133634398824023 
3.691531015135233 
2.7140908013396756 
2.741422735545736 
3.3766136789824115 
2.9138815089685814 
3.5958668176734316 
2.8006602302032526 
3.9170856590399987 
2.7302493674875072 
3.560385442183311 
2.8713125349036246 
2.636628686955617 
3.0811290292378475 
3.7806809722704884 
3.259095761111973 
2.067817930156661 
3.337626972064335 
3.9981844354347142 
2.7253363690263046 
2.375471930156573 
3.39938916535926 
3.355470425758009 
2.1568252196762208 
3.1156193100449254 
2.9001933729326423 
2.590633508112373 
3.3960355404805447 
3.4446341545167516 
2.891974539974677 
3.386890965136904 
3.3874498838954046 
3.5820525936549474 
3.4433386052364408 
3.114070629091425 
3.634645094914953 
2.8224913698807277 
2.8125437809498397 
2.9093988118833107 
2.684160441435511 
2.428989959631966 
3.1495256986026656 
2.703150518551154 
2.8286410116952583 
2.382241925365925 
2.786846050191803 
3.8633183604013315 
2.499053625348305 
2.6866492288217327 
3.1359607637425344 
3.453207896513512 
2.183502451820138 
3.5104682579980513 
3.3652222677943886 
2.9682870280428153 
2.772556727474557 
3.446934392433695 
3.8581501624324552 
3.5399878666353692 
3.5047413714211237 
2.806108447406108 
3.7272956077904684 
2.8247954324776896 
3.75377579345618 
2.7961233633317817 
2.4928567445568266 
3.3712009423486284 
2.977350470490797 
2.972249856391852 
2.716772560608588 
2.547245374598109 
3.0465156949193766 
2.640243285958056 
3.628868186803437 
3.1139541318127564 
2.8459184585826423 
3.4562589210308445 
3.1468731868829645 
2.646032381439575 
2.6170360463951963 
2.937160839220878 
3.3778720596119625 
3.296715253063558 
3.342442140257367 
2.7873253135717406 
2.6818036054777488 
2.1967029248312 
2.9708827475780373 
2.43217568344971 
3.0342102503395765 
2.9714139344831376 
2.768298872504031 
3.3685566814735264 
3.1003584322189877 
3.7708288909264 
2.4703950965768304 
2.266719373961951 
3.3411318276079083 
2.9713373412271373 
2.981794251782892 
2.273809345860152 
2.2534841741042446 
2.9862287672901084 
2.9368216543969394 
2.885660220250907 
2.500018157421016 
3.4067925887363097 
3.534062792930718 
2.9909200461683203 
3.2352852619967454 
2.984240123026685 
2.508298205561811 
3.3411938995489794 
3.4556114642857305 
2.511732337778787 
3.2135900839731226 
2.6628879907560945 
3.4172808584629024 
2.3933887216325336 
3.308393334961935 
3.1079105338590507 
3.203420438621955 
3.8463768135171934 
2.8934874479142088 
2.478874427865973 
3.1801148679370272 
2.231573791460021 
2.822431462818684 
2.928184130095557 
4.305477449001395 
4.111235724522879 
3.061176848811946 
2.6744154865156675 
3.656858931986408 
3.5362629422820566 
3.291014786773975 
2.8144540440935715 
3.514135897440587 
3.6183319417171322 
2.067132148354914 
3.4566925181380057 
2.703786298401328 
2.483027308061582 
3.1074062595829695 
4.190257316662209 
2.6802276271934513 
3.7250552923763687 
2.672340185364213 
2.4486038462507196 
3.064006513743359 
3.6936393406880237 
3.2973118427881056 
3.4814111464269497 
3.6940483095581724 
2.386221659145437 
2.34212422356748 
2.466750974428482 
1.944969271304743 
2.670159694278592 
2.328559777611031 
3.2149170449590776 
2.6527632167516524 
3.0827427731008714 
3.1385215968289595 
3.318075925096417 
4.234470335993063 
2.6076144969048145 
2.2443214567269347 
3.4150957430528104 
2.065745427529726 
3.3813257089452624 
2.9839480884540444 
2.313932207018841 
2.6700046994319533 
2.388472898745177 
2.3260036677540334 
2.9184393937613122 
3.006890468311611 
2.632482676137302 
3.464921173003554 
3.675060963599181 
2.6793343370453258 
2.9288262012404713 
2.9095977756501408 
2.435494563123707 
3.4195138565943717 
2.021253470329016 
3.4455606725124026 
2.417725373922572 
3.217299775820238 
2.8343624818867803 
2.4687856166180846 
3.1258945348036065 
2.511294080411104 
3.116770040283549 
3.7439341290395602 
3.5616688897555786 
3.4750760537618004 
3.321162278267803 
3.166125722526247 
3.117807990534453 
2.4982787533391413 
3.0900066695036768 
2.7228386480020155 
1.887921128943836 
2.775807883812573 
3.387124883508157 
3.099687629969717 
3.01995183400975 
2.0146356096993596 
3.097684809546617 
2.7802735707052872 
2.7276582324900485 
2.505224387923475 
3.099681192982714 
2.805673073496421 
3.4659712707033075 
4.081561233651586 
3.339340001656835 
3.5071963794975463 
3.3225588786112286 
2.579605512967012 
2.923815276520116 
2.4576548140362084 
2.9975861319719757 
2.8519097880181175 
3.804247884567391 
2.974693868806389 
3.2126854268924157 
2.8368646186234834 
3.6911294039739584 
2.922934414669573 
2.9579309871808688 
2.814051333095705 
3.554898779607754 
2.266010628874068 
2.971914311557022 
3.2842827188309 
2.8831440835572986 
2.9638182818487193 
3.3407938935097543 
2.4372197128541027 
2.2483970266382407 
2.7848647059364158 
2.6786943224291253 
3.346197115792652 
2.945817183983804 
2.6077759938610665 
3.3173356357636457 
3.756657723062763 
3.0379332447757057 
2.3367389994849868 
3.302405195972896 
2.4407991593309277 
2.410230332190707 
3.8032722339719167 
2.3141138048551397 
2.940258477280763 
3.060702274107309 
2.8376074110911045 
4.626061458155064 
2.817141804185856 
3.133852082321302 
2.553787122459865 
3.2993373060267097 
3.367257701324983 
2.330550756447109 
2.8303056190446854 
2.6094404532573656 
2.8400668597730587 
2.530610662511834 
2.595831972128972 
2.763921135931312 
3.2970154797776194 
2.8872489179161045 
2.9716723121593156 
2.478474628548695 
2.84971167903652 
2.7181881435367305 
3.3656786956172318 
3.4241010110580126 
2.73807599929 
2.016919453014279 
3.0905897421633646 
2.3278232096521143 
2.933051144632352 
3.2630027263937964 
3.2456243368729463 
3.6930802667620153 
3.27576071030954 
2.7856340480225468 
3.166409993926923 
2.9938012555558045 
3.15104131964529 
2.549315914220284 
2.830569809858805 
3.652303399359268 
3.668978503950701 
3.4365599904896618 
3.0873815738759145 
3.679295936879301 
2.735158369252574 
3.1710889653302887 
2.361282499979223 
2.198156256376068 
3.1669656039293907 
3.2199435441121116 
3.1090409624201603 
2.8297016339697225 
2.30903956038234 
3.032583714112373 
2.8370471365651366 
3.157222827499558 
3.466263116563119 
1.8112108179318904 
3.0461167635475412 
2.6913640948994226 
2.4716589450092963 
3.0058000153155375 
3.7293147350911884 
3.1299335033557396 
1.8670324173741608 
3.2740687898540175 
2.4025928168457895 
2.2183497738661764 
2.6372456614172366 
2.501721280615974 
3.2493649365440866 
2.3564159421786615 
3.5303447291063983 
2.5154982759611806 
3.2867142560086213 
3.113851691163827 
3.121871082786273 
2.6336796169366434 
2.8662837344558505 
2.915628308635927 
2.206622358529581 
2.6172705799450915 
3.301793800104625 
2.9311457070844926 
2.6523437250266886 
2.194917518894093 
3.393993071064333 
3.312147786556989 
2.613016811966986 
2.310744868531022 
3.723699281804379 
2.353647961239448 
2.8308208228743177 
2.5121996005912113 
3.2821664163889603 
3.541448737938895 
3.3063087936959112 
2.8094101952011425 
3.798795225233281 
3.0778235953919877 
3.034570608769675 
4.153957231192759 
3.2384570483503112 
3.6710371437199503 
2.8076284424645883 
2.481529081571577 
3.555753368457247 
2.577881807636663 
3.8226032851178835 
3.201614402169072 
2.815921274285945 
2.4412373881397373 
4.033792106799913 
3.254642119842322 
2.6297680382672417 
2.7929659566995557 
4.062455338798415 
3.7443539704838633 
2.495577022632035 
3.7005776993024417 
3.051167039031075 
2.3402613718729786 
2.788159730723072 
3.8338230890013607 
3.7051019077377942 
2.7473211378093483 
2.416342234209218 
2.5783418690419997 
3.397630905218998 
2.2867651548896797 
2.645405000824662 
3.049226458661181 
3.8979027521491965 
3.2657498131665568 
2.7572660046528013 
3.9321915726614898 
3.6511277145130214 
3.138332307827468 
3.854455847411218 
3.096189006694757 
2.915806652088184 
1.8124795044959658 
3.657161354849138 
2.8778181034775336 
3.8042196785840177 
2.823493830684969 
3.6077334922994657 
4.053874203041578 
2.7211695146879213 
2.864451606620932 
2.2551852569829762 
3.470258793559697 
2.8503902358859823 
2.6711918634434126 
3.512827527274254 
2.5844771069698456 
2.1505577730254077 
3.0780431939341253 
3.1296724404642053 
2.5604651682016946 
2.8853515731926263 
3.937937721852017 
3.3769502255490815 
3.1032247867163227 
3.15709090238702 
2.5089051388400456 
2.6046251009116235 
3.202325279037524 
2.7550868868034435 
2.577591318953164 
2.510103478045628 
3.3135455288680298 
3.163054232137073 
2.1081470113032195 
3.0727504157231307 
2.7814242209871862 
3.375119385702428 
3.277310146088807 
3.865631994199852 
3.733137671805706 
2.7771062635943817 
3.4600589661601897 
2.500233835964372 
2.654099370663361 
3.4726298372839874 
3.4328672989131372 
2.8926693416193787 
3.384975027444449 
2.4315533613350437 
2.660770471479265 
3.716963783670466 
3.0988370051014758 
2.742726263501105 
3.6784360596732837 
2.931963386304951 
3.219536125380983 
2.083706891147954 
3.1034671871535737 
3.1908633849189427 
2.909671757967876 
2.6615687853744054 
3.3863830201024396 
2.756696596125442 
2.4616125289356443 
4.046619301214181 
2.8014479763230584 
3.191035825134993 
3.028579653749049 
3.5795268331140027 
2.528453380803821 
2.8586439860512733 
2.309011491296796 
3.4234280760761315 
3.714076936667839 
3.825577567062836 
3.903562362931722 
2.289527006404719 
3.243641534716853 
2.465814989743645 
3.1630536402452445 
2.0099639308096733 
2.2241204796485796 
2.6461608909849064 
3.5446188900621505 
3.284453149936154 
2.9179964484787035 
2.2582339920632104 
2.676564695795669 
3.6172105401211176 
1.5729660526022375 
2.702768803425846 
3.4766752947357644 
3.048592334388144 
3.1635858871042024 
3.1498689067534515 
3.013279045740902 
2.978222723040848 
3.367860649805535 
2.4155296671472097 
2.483188010534013 
2.748629385749902 
2.795719582504851 
2.8589156529106394 
3.022714114215648 
3.6057010554747677 
2.4984132351239374 
3.300410293780233 
2.6058773300800713 
2.9470065253942983 
2.694331325956874 
2.2552742794942717 
2.943799055881099 
2.4327277299767656 
3.0896727081231035 
2.7315026071314517 
1.7395013135436905 
2.8183582329131704 
3.0700536462184234 
3.4342494172016833 
3.5678078312505854 
2.7091257829091204 
2.646617505683316 
2.181683489596627 
3.244498284147007 
2.876834248860235 
3.066380452018826 
3.247792378684286 
2.5309001619623226 
2.633327034662301 
2.244694838712826 
3.6804896030813303 
1.564218235197245 
2.940586439409426 
3.031390197963006 
2.5330788228111354 
2.7028243996598684 
3.3648247483715985 
2.5395172664950785 
2.8293177330237786 
4.018056874589988 
2.9127637587656783 
2.750446365201517 
2.6085812909236554 
3.349310859080963 
3.2353883496744547 
2.277767258382272 
2.681850697068616 
2.462713181786696 
2.692463666625428 
3.565325653293087 
2.45565275796267 
3.6572803013023387 
2.9659895767401827 
2.6846862050163147 
3.1546887581030942 
2.62492570993696 
2.4246441438365993 
2.7510541331460043 
3.908224378202412 
2.5569145053657536 
3.588121409896642 
2.8046726610821864 
2.6135729656385998 
2.8674264511903766 
3.327697714024641 
3.810846102298351 
3.273176136349868 
4.134563968445487 
2.804364112353115 
3.136523754431332 
3.451935048214839 
2.5123710816767453 
2.901908964979714 
3.2945215193092547 
3.099803494845704 
2.5350821445634315 
3.09414814572632 
2.8244923739411902 
2.6099886455519217 
2.5179333488240703 
3.6174862639615735 
3.4817278078141833 
2.9446004554746814 
2.7892282852335875 
2.793520170271806 
3.4256825832292455 
3.3118823581384924 
2.9735099466179054 
2.903242186347704 
3.2714851350508023 
2.3852041026478097 
3.4447042587975196 
2.9064969340237505 
2.751803436514555 
2.9193520967734057 
2.6251608750705513 
2.6599861099127606 
2.881162925758775 
2.3841441424107104 
3.6826374716936305 
2.6716949104895362 
1.8036182501425368 
2.4263484295374274 
2.3884386372838375 
2.9272468479834663 
2.9899610677580792 
2.77822369997891 
3.340808603373148 
3.1145657580903516 
2.9185085787900915 
2.106413416057766 
3.175305755754886 
3.2765606026341723 
3.4867666920864746 
3.6956944448381397 
3.6449799044158615 
3.29564875826523 
2.7360432893425446 
2.691952610252026 
3.602724630334227 
3.602843718358655 
2.593248269531654 
2.758098503159358 
2.9588504429045357 
1.9347293603002704 
2.2634452853996656 
2.4321263233607633 
1.9835502536228027 
3.7303042514497746 
3.32748281005637 
2.823958361086479 
2.342047288310737 
3.2388597333321028 
2.5217924354509513 
3.260266340988596 
4.0869508965595625 
3.4076595587795935 
3.1598065957629524 
2.586022981670806 
3.1534619952219898 
3.0207262144296374 
2.5445744077541956 
3.1073457943840928 
2.6288040008705105 
2.4833746608188307 
2.9299539372958106 
2.389784354362522 
2.24517614380276 
2.650880810306894 
2.9385605845050025 
2.9193120765818907 
3.2147723794893266 
2.706364951559651 
3.722675055098371 
2.5152542779600577 
3.6923297621966817 
4.045230343785356 
3.248383246775253 
2.4612257818604837 
2.5798109010943495 
2.3386828409251863 
2.697476806016439 
3.1464737336337802 
2.290751649575609 
2.973171395049229 
2.306122161077435 
2.1716551702854994 
3.180615311659982 
3.497465586361446 
3.2194962417781405 
3.079194605435908 
3.51244807752488 
2.5777181500809863 
3.3386696681592163 
1.5021963828148164 
3.114880824225618 
2.85471873398474 
3.728365251457122 
2.439791720733683 
3.193789826469572 
2.897427274385429 
2.586902091281505 
2.7120473338842412 
2.5605629349823005 
2.8846182655969392 
3.2704309763605264 
2.3957498891788784 
3.0851954169928386 
3.1699889631863702 
2.5559970103733978 
3.2440399279735157 
3.2391016743214376 
3.0890701552104853 
2.427840837766029 
2.419334880187092 
3.710958586095222 
2.5836548759317663 
2.3724455024790854 
2.6141160145840754 
2.9977539692199526 
3.666452668955617 
2.670756549849942 
2.8025439570723667 
3.44506036086341 
2.3579004794883223 
3.7724442846908213 
2.5123670526343447 
2.186739699951179 
2.9166223041599086 
3.000636808670341 
3.723107643654555 
3.462002211520488 
