1.5244100205528208 
1.616212963569887 
1.3990909723799436 
1.2364860173909795 
1.579134581919979 
1.7682660987037782 
1.5980078175452794 
1.2085554530837235 
1.4879107003248857 
1.2500924719576014 
1.3050320687288572 
1.5471925444941186 
1.385192125320329 
1.5096082957508954 
1.4590589364772657 
1.554398098621765 
1.3756719388805154 
1.470340479866355 
1.436503796919244 
1.244938188167752 
1.3937937126514006 
1.2711357438581903 
1.4221144059777775 
1.7056532915980995 
1.461210440791183 
1.6352360345405645 
1.5962421272763343 
1.4821685790870278 
1.651045881445878 
1.75565002701291 
1.6063510605024107 
1.427029133527423 
1.5883079419922828 
1.3737030877229934 
1.4833872248275997 
1.6552602084823007 
1.6659131459768612 
1.5494979174491632 
1.6524461555804122 
1.0829895930944118 
1.5152659764742336 
1.1914602893146657 
1.0532866726013896 
1.5297381788348767 
1.1041381319587926 
1.5714539878438591 
1.3425477826259875 
1.5587272435557895 
1.7545678596140233 
1.7689017593792054 
1.4742734251953995 
1.7841925147243658 
1.4995099423468077 
1.7536181589266082 
1.3733478034639495 
1.6685993143413624 
1.554179204237489 
1.6917015675681397 
1.6008788552087259 
1.7083952470807575 
1.861427168518048 
1.123928374649096 
1.9178775277943259 
1.4308332382950855 
1.4830222912757114 
1.4122289419814327 
1.0279229766305353 
1.84410007727672 
1.5050625890175882 
1.4103227460480197 
1.3612539224435498 
1.5010590342183179 
1.516360341886043 
1.7490472921158844 
1.902666959363351 
1.2296894678713006 
1.8151718450543683 
1.4649610948778715 
1.625737627306902 
1.8389902842246326 
1.2389723125896626 
1.3944350922562732 
1.5304406720412926 
1.6419801267449063 
1.27668999180837 
1.531191105640857 
1.5108029616484329 
1.5535915851367321 
1.3864666567912063 
1.4204149007797633 
1.328696956235444 
1.4935061400538845 
1.742587689371587 
1.540288928557658 
1.5711787615757968 
1.4062090398438252 
1.7081256418686561 
1.109192184919666 
1.2082634651345585 
1.3320293680116533 
1.558587959449547 
1.643442008863628 
1.2667610042352988 
1.4649856479142227 
1.587824965426932 
1.4735799177586668 
1.6634280382178084 
1.7281235266261143 
1.7508868036191683 
1.3592452610087704 
1.4693745064486197 
1.5142334979643428 
1.4132480605478206 
1.8277877692626412 
1.4423890257599334 
1.7165868090415939 
1.6440142005308764 
1.5569298899822637 
1.5146928672907842 
1.457695233386063 
1.6450773149319748 
1.2300708476529658 
1.348306499008521 
1.4040887951239975 
1.901709364619994 
1.3357939445792057 
1.5453329440492247 
1.7464601288159571 
1.4090936359671136 
1.2626120295831664 
1.4991875045678766 
1.3980235421854441 
1.278120517386695 
1.4211204111389288 
1.4289446839255469 
1.3421545142047333 
1.2396780132912608 
1.5011925648577438 
1.3631391337558667 
1.3991388134187954 
1.532290466713737 
1.1784688867257933 
1.1988786746119688 
1.8122548124606428 
1.420426470059065 
1.4752413911937712 
1.4994808333483636 
1.630359762873302 
1.4024430629247582 
1.3325932040228148 
1.8439763391299775 
1.7653900264138611 
1.8094070742634547 
1.7836740580957553 
1.2479453340049356 
1.45866124108433 
1.3675073483497064 
1.612618906453879 
1.348601827174608 
1.5346321231492022 
1.5850709416596385 
1.706786323859632 
1.5320960336936846 
1.3237868151211198 
1.5029280736536592 
1.671844328743632 
1.5131356420885729 
1.4875481991747763 
1.5690522050425193 
1.637848560874223 
1.603567789181828 
1.832595398709269 
1.5282347749450818 
1.8031716179151307 
1.6293390962416041 
1.8074971395076063 
1.5128274799522006 
1.5763977640801272 
1.2259952147482593 
1.485804534672684 
1.7878549410031117 
1.731248627267519 
1.522283392120096 
1.4462381518557594 
1.4290096959720295 
1.293319316067023 
1.207448195726221 
1.5888987458437935 
1.4233620316176796 
1.9115680138146847 
1.8334655281779728 
1.7572835239053028 
1.5633563458717852 
1.590625446138954 
1.4283355739781773 
1.6528586971112453 
1.5005634497549134 
1.64048003307526 
1.3278346509114722 
1.4762875592960452 
1.5745153251637396 
1.3535076174738816 
1.5232718892714892 
1.360446984715973 
1.551209191624572 
1.2015976508755521 
1.4667246782147145 
1.3709634633225345 
1.5518974394192273 
1.6363040010916277 
2.025193663425528 
1.4241800154769397 
1.6874774665128478 
1.4903084676249667 
1.3936564455871456 
1.4043887408693605 
1.7390226363687986 
1.50805935116473 
1.4547913716494132 
1.5710888364150455 
1.278145564032115 
1.3866274782913182 
1.5724836922842327 
1.5189188158769866 
1.2084247213677595 
1.160694405427695 
1.553452122891878 
1.5540320594278378 
1.6464386740879808 
1.4687508131456983 
1.5827323312296395 
1.8034706199997004 
1.5605429705200295 
1.7584319065212368 
1.364322439320334 
1.5651346295529012 
1.313687221741861 
1.1330616198770385 
1.272583929550655 
1.2530322779159893 
1.1187021970813014 
1.6526642221625887 
1.4758588846878882 
1.587715518881723 
1.2486176624593088 
1.5159602197729984 
1.8377648964199698 
1.2879752451932562 
1.6381641999106438 
1.8305868858252232 
1.3928852015429 
1.2863691641945265 
1.01773731575651 
1.7190331011896536 
1.3156793148693302 
1.5523358675317984 
1.4773975215700195 
1.6203435197494114 
1.293885096476643 
1.2563061646151867 
1.50376157098055 
1.5968012661289233 
1.5268111542484941 
1.621112116029341 
1.8293409020720988 
1.306642121210514 
1.5949274345833613 
1.317981679991116 
1.7201281905638217 
1.1216525429966042 
1.6676588596676098 
1.5607792177871784 
1.3010436693391845 
1.4962275529569844 
1.1918029551432219 
1.869129104139616 
1.652872478327725 
1.5963607986760788 
1.3853580586268568 
1.6244757043542895 
1.359250755350233 
1.5570851399403174 
1.4567142566486588 
1.426113263430827 
1.1960569167265835 
1.6761494451936902 
1.448337716475844 
1.358128489507497 
1.5498633402506439 
1.561737282883657 
1.372214117041405 
1.713335438569673 
1.386943637413602 
1.3791930105584267 
1.4858689387928548 
1.3821305924817986 
1.2981389282024847 
1.3028464708022995 
1.653682260988381 
1.6003629982476506 
1.499657500744504 
1.5702301213097842 
1.7995954692841254 
1.4981098441103007 
1.5835908713244762 
1.3904568180136456 
1.0880778794560686 
1.5390183152684993 
1.6049809717712376 
1.4169515972841977 
1.7327460700875439 
1.7071838562244934 
1.447845845829163 
1.8384046981377156 
1.3502448573744557 
1.3478331839084818 
1.6205791848595779 
1.9596386855116412 
1.4919564319484713 
1.4947393914695482 
1.3224052773984856 
1.463606893687059 
1.5196469636948688 
1.1896535131188795 
1.320894315949901 
1.542922777362517 
1.8097120477672237 
1.456618568834347 
1.877637498460928 
1.51094119529028 
1.4994222374299215 
1.7681861913221872 
1.438905512084567 
1.8759514500515777 
1.1270657462685423 
1.3215726933489427 
1.5968080170938226 
1.5817299987668145 
1.5094607780947684 
1.6786403084854478 
2.0763173163927098 
1.3588399454473763 
1.5873807785894534 
1.8710749027006426 
1.5100142318627146 
1.4302432857210403 
1.6646553840627318 
1.6080543607919155 
1.777121364194666 
1.5016795699564753 
1.9034019055140736 
1.3088645725147687 
1.2569451345804525 
1.4098146089766996 
1.3660517715099458 
1.1676605033242058 
1.7157433291300346 
1.623992199238743 
1.9171254281334984 
1.4194170009641973 
1.4697698391479195 
1.2747894726337101 
1.418478564203138 
1.3661414774117822 
1.4233593251319336 
1.5758466305344172 
1.3188349290360604 
1.6316759677958992 
1.968587451432042 
1.2511077562575925 
1.5030631224254685 
1.6298412987698465 
1.5192568143758631 
1.5742181725524902 
1.5710179270471198 
1.9125107104940682 
1.6062264995819373 
1.5549169266906462 
1.2426152691863965 
1.7941459175449384 
1.888468363049825 
1.4721668168528 
1.033093451538238 
1.759699926176912 
1.4089587083394046 
1.9298528763326113 
1.467785483926774 
1.4337569875540372 
1.9251868075960359 
1.5511685622489924 
1.0742366030330777 
1.356498859443037 
1.9331946476440216 
1.5227529250010228 
1.9533886976132855 
1.673684195743823 
1.531740950488215 
1.2906112382266102 
1.6818718449251013 
1.5897521989530885 
1.1230313330844148 
1.526008110387499 
1.5404438620495575 
1.5229419864489988 
1.3527207448423293 
1.3943095842034405 
1.5379584063933778 
1.6405464218649637 
1.7106626572488495 
1.5520954586258564 
1.6859983495644426 
1.5469081534032605 
1.2395238548413217 
1.5921168884252719 
1.3626735146299307 
1.6902721422451186 
1.472522495775331 
1.48502169744289 
1.031743463798014 
1.6709810546354098 
1.7894965087206063 
1.7417069864896326 
1.3479652483973414 
1.6507967880279923 
1.6497000676154976 
1.2892440860106764 
1.6530657858053786 
1.5877951900121219 
1.1562319066438878 
1.6122956442933993 
1.643182087951325 
1.4271031167917403 
1.9183817448215337 
1.3438321221559595 
1.5357566326942536 
1.576678070246661 
1.7106119413949954 
1.2841713753053656 
1.6552816339178724 
1.3850419501160838 
1.3138700228505082 
1.4936855884267082 
1.1492039764898652 
1.6351327748751299 
1.4556347841696042 
1.9074357676982223 
1.6121262216382988 
1.4859370059715256 
1.382509645886853 
1.3733527710555784 
1.2880148914604497 
1.5152261761798398 
1.4641409922996675 
1.7126304531882983 
1.4889972360316028 
1.1775819950295932 
1.5226236425191306 
1.6002380552075293 
1.487323771902016 
1.3988209580477926 
1.6804040467964343 
1.5638736621677105 
1.899945084537489 
1.809336001544632 
1.5005387402117931 
1.4748439585315292 
1.4484386861956047 
1.3967786011956898 
1.2559880247582886 
1.8406235432346698 
1.6455104609419224 
1.4946875375052526 
1.8164958680345487 
1.7220769105793419 
1.0973993324044016 
1.5248533676598053 
1.6523652619395088 
1.3917749837558802 
1.758212167409554 
1.3275123479990956 
1.5353860158893058 
1.3721682013340546 
1.4820188128250744 
1.5017521611727462 
1.4414817651368586 
1.1548819619609603 
1.0593509514825934 
1.4177360739442142 
1.6529428593845774 
1.3841546830041533 
1.0797135909605484 
1.3112921925282008 
1.5134144925680675 
1.4459426995885154 
1.7330181156376183 
1.0779327638770284 
1.5718040375231976 
1.523536090354746 
1.367840343588298 
1.2040082051312755 
1.2005377939497222 
1.8241026208075939 
1.9271993780113712 
1.421771296838852 
1.2311029549549024 
1.4682337687440412 
1.5074262341435087 
1.12939494922991 
1.667845057518563 
1.3319260743244614 
1.5142979392132718 
1.3690743958907161 
1.5680053418551518 
1.7050956001157482 
1.6094543125031884 
1.8963759676992757 
1.4986982618865259 
1.7630189890500776 
1.4479615052526835 
1.9437731686335034 
1.7459592902496595 
1.6504622525527974 
1.5159839839669016 
1.1499443846727084 
1.3137371579393964 
1.5327060209224326 
1.4914081795068905 
1.3148891886095202 
1.34354579977407 
1.648393327278966 
1.59152415365321 
1.7441204590967718 
1.6551607162385868 
1.574379900915587 
1.5847304817769057 
1.3497771542044337 
1.7535876733180633 
1.6385644041616412 
1.2602018998902869 
1.4604795273623976 
1.5765023561521976 
1.527749788434751 
1.7291467401937726 
1.5819806320732093 
1.4373401392142635 
1.4133391678618017 
1.5453199019336277 
1.2650932259578198 
1.5832547344727712 
1.1057727836629936 
1.4185937479045552 
1.5338448265460434 
1.2939128212356399 
1.47630155390881 
1.526695887679606 
1.5379777409690212 
1.3065472304492947 
1.446749506323361 
1.632425052723597 
1.8584564920422701 
1.7370750148611551 
1.5869572109145687 
1.4864567002028284 
2.018492880420859 
1.6779369366407988 
1.6274884053925263 
1.2618106899152663 
1.3607699294094477 
1.5115519034483824 
1.547878267845244 
1.6570176151513576 
1.3646389348475958 
1.6478461453137003 
1.3611966530246136 
1.6156403111427653 
1.30337357828641 
1.4371903771705996 
1.503028533706005 
1.5256048918512635 
1.4498973849680756 
1.142471937738619 
1.269065388290406 
1.6353205689307992 
1.7872717633365554 
1.669522485476407 
1.72178008430298 
1.6472637844418083 
1.3407607262162753 
1.424770770066412 
1.7131776004721897 
1.5582226698327877 
1.3988744640610233 
1.7597904458946654 
1.455982465309946 
1.366870408380887 
1.7848453328316458 
1.6105903317967392 
1.747858610033088 
1.7374389175231357 
1.8853378520230668 
1.2403475841530816 
1.5146974941048605 
1.539559746954515 
1.7931570922596323 
1.7114828648420701 
1.37126207076493 
1.4815099529239646 
1.8561997721290602 
1.3477668074521698 
1.432350604052664 
1.588115510665622 
1.7738982709576572 
1.1825972119324084 
1.3404130566846644 
1.7378532844433279 
1.7229361661444775 
1.2227384849248844 
1.5691668469011648 
1.678641430456232 
1.2108160855955252 
1.3507736426813175 
1.7378649050986872 
1.3433084809419988 
2.0227703458299624 
1.6703747239545799 
1.7905271007060022 
1.3344775776478501 
1.2707341657972138 
1.4962242930687204 
1.5343373324834182 
1.111218553816884 
1.3679739389408392 
1.5627089206466753 
1.5479096702762893 
1.3510958641380466 
1.7870247954059058 
1.088208884736693 
1.1276977744828849 
1.3151436801850687 
1.7952284520772281 
1.2831090204846745 
1.1321149551527574 
1.6642414426256553 
1.7290253413590906 
1.1007595401774295 
1.4928657168654176 
1.0117364568374716 
1.6359524040679356 
1.4025285396646683 
1.2274925860699732 
1.168552333091096 
1.9397934046533503 
1.6856583074198996 
1.321412300109148 
1.2052774147556193 
1.2050966121358742 
1.7669837332203244 
1.4463233703762302 
1.5631734857672201 
1.5018627961240467 
1.5152892671379115 
1.7849975623355894 
1.8514249458048944 
1.416881288436692 
1.4257318073018754 
1.3360431874851644 
1.5862008373985121 
1.6976444637515693 
1.6839521481722766 
1.5640448485901581 
1.362315288607486 
1.4603876228995238 
1.4301764460210826 
1.8981102751674768 
1.4339528204076253 
1.4235733212874524 
1.7396247405164498 
1.5959927126000766 
1.505865546534108 
1.4493629269258714 
1.4202702013299002 
1.5871269404645578 
1.8797269280141822 
1.5590411848547339 
1.588184331750134 
1.2803573236086285 
1.4179744293688503 
1.4246362401838515 
1.4534087542719552 
1.401113274009338 
1.4848673709993667 
1.0807191861926777 
1.5516983294238442 
1.3135900944787022 
1.6067045148116401 
1.7522940335420718 
1.5376986399791848 
1.3819129201585398 
1.7890645298421202 
1.2767654720831776 
1.0648727693609352 
1.123424563263755 
1.559463936681787 
1.4133158332868982 
1.28725503716794 
1.4759852180344837 
1.2156746064076482 
1.7667450054077714 
1.6461968590920963 
1.4117890487421474 
1.84833804274565 
1.0442067712582832 
1.3955985820479093 
1.285170252950567 
1.9114792203035003 
1.8727105119630252 
1.5805334183229476 
1.7898005064993154 
1.4683177505848035 
1.6972419691577114 
1.4564157580866328 
1.5457493658506223 
1.5194218803565194 
1.813664476098569 
1.4334533742828734 
1.5957538063379517 
1.38151177740821 
1.5348396517408809 
1.64740916570861 
1.7030696404811518 
1.851537532928923 
1.58319238522571 
1.7137275916272166 
1.0204469289897236 
1.6275506792732644 
1.7294066648435031 
1.7220736009175546 
1.0785390668002717 
1.3831229052517975 
1.4306837206355905 
1.5817727650762559 
1.2092078544931537 
1.6750022845502937 
1.277416640758779 
1.4162637191589942 
1.3540941031885956 
1.5299539306547132 
1.5028742271525053 
1.7706909784683746 
1.7450323847366036 
1.826454990300677 
1.2671589929447595 
1.7526455961861982 
1.7265985702492541 
1.5130503675574236 
1.7114513823474031 
1.493876760398386 
1.1335903878139812 
1.4123722161406542 
1.5078058826062697 
1.2747351319640534 
1.2715843264414135 
1.3562522799735828 
1.6351413690571137 
1.6377771954869913 
1.2365374646230265 
1.6353374817242332 
1.479300656312766 
1.3595482909772973 
1.5949544223771253 
1.3582733350016036 
1.3403168405154273 
1.754052721014249 
1.582710375572349 
1.4788853213152573 
1.5130382696912579 
1.5857288067895063 
1.6233587350577234 
0.9876564044217105 
1.2751003242929422 
1.474166270751181 
1.5474474386915662 
1.2189766117393503 
1.3174175569437108 
1.3830450605521711 
1.6619060828357428 
1.757240511209468 
1.3699232978800548 
1.4404982262290065 
1.8047128767394491 
1.6358755764091635 
1.4463755616565523 
1.668546169030849 
1.5070653286803977 
1.3696795762470995 
1.3103174155007928 
1.6170395321500266 
1.5511226377245135 
1.8637522322046165 
1.5829711066333858 
1.6133767234158842 
1.2620631315444104 
1.761221415223293 
1.9601930037317954 
1.144201999095487 
1.482695534354692 
1.495405962348937 
1.253685965584573 
1.739362627115058 
1.5242124680977471 
1.62509090229312 
1.7466906527043953 
1.5310775464656112 
1.5477117421341609 
1.8148012298225664 
1.5896558695608005 
1.8347351463981163 
1.2682519631802696 
1.7526332148212782 
1.252140013525473 
1.8369044244703534 
1.584757795532696 
1.3606454808096617 
1.9995512353366958 
1.6035812455003282 
1.4490682540099165 
1.29328347119213 
1.637217234340175 
1.422633865734243 
1.2566711918546252 
1.4014004639675488 
1.5645272060992155 
1.4797853256380082 
1.4377918318531044 
1.3946507992591453 
1.337606954404556 
1.5299265656619687 
1.1655965343747474 
1.499172406415793 
0.9716615884833083 
1.3240196998908291 
1.461211318489104 
1.4227034432197085 
1.2697162966151372 
1.686618021316809 
1.2826489877957206 
1.5422172208784057 
1.3624837411719914 
1.5993274076094408 
1.5805202813596473 
1.7475143375335855 
1.5260803372130225 
1.485667914247629 
1.3287644451570495 
2.1248860923642434 
1.6432788041782986 
1.4569593137385928 
1.662872467935101 
1.8645668396431136 
1.3148028485675751 
1.4618704044509105 
1.7803242270724042 
1.192329424017103 
1.3800691926124766 
1.4160809144651207 
1.5382837570868602 
1.779122937972709 
1.5383843963575496 
1.4263673955302405 
1.1236718076923549 
1.658296693580598 
1.5781302636137486 
1.3430791491760807 
1.3008157363820965 
1.3128190097875498 
1.3010341093692452 
1.3507412340053446 
1.8535483215610018 
1.4844252481777407 
1.4595470606739231 
1.6528663762715519 
1.751927612678657 
1.6060369100673615 
1.2708211242379317 
1.6435725725949668 
1.6316933538143115 
1.3163608623979703 
1.5304591480760796 
1.5356256656206118 
1.5501072408989995 
1.3472344503506184 
1.6485599260582857 
1.5825061298752046 
1.478925068104177 
1.6913868071925104 
1.607029323882611 
1.474533241920012 
1.6753189163111701 
1.5362440741182932 
1.8325784507237355 
1.2289867481812613 
1.576713711698146 
1.6481080497791116 
1.5596930881628146 
1.544962712753339 
1.564427853938564 
1.5191336654556529 
1.4637809831249011 
1.801731956443595 
1.4573247119353256 
1.359146378337002 
1.372078652706967 
1.6560048708295738 
1.834294813673808 
1.4186080185328134 
1.4238171504631252 
1.547549483240051 
1.345723436899965 
1.2585107067299581 
0.9976772364572942 
1.7241299435640014 
1.6438102122690117 
1.4142774258406838 
1.3886540841273909 
1.3182988196476992 
1.6647683773985096 
1.7460503348598637 
1.336232876195356 
1.4341667501804574 
1.2253078980308167 
1.7705507041699087 
1.5145843990562058 
1.290156228596563 
1.4102674402896676 
1.269971902275636 
1.368381677494618 
1.6103004520962376 
1.5581591068132141 
1.4846701256631076 
1.3972117654171285 
1.7565012124621944 
1.3683683770202193 
1.3610434119392014 
1.6706961575649488 
1.5603675625816154 
1.680479852352022 
1.893311224000311 
1.5573160214696316 
1.4647313564223199 
1.751791420497367 
1.5990944553721715 
1.6383915211365612 
1.7359767890053537 
1.7246873793468749 
1.408853777308837 
1.698420971006295 
1.0147062761589611 
1.3884067627553804 
1.465470413090097 
1.5497418211801546 
1.4504184902754915 
1.6850940898575473 
1.3190713285727662 
1.7447722784395066 
1.5085629178503592 
1.6269927619889593 
1.5176256562819272 
1.8366504447358258 
1.5421952713126554 
1.741324921845575 
1.2237753770274944 
1.3415651735425165 
1.524427533482446 
1.3939973050444718 
1.2776526035737166 
1.6737670839673944 
1.4754513004001073 
1.592356545239102 
1.250409717553935 
1.8976682536633653 
1.4854487307236692 
1.369678898481928 
1.7166116413487797 
1.9683182898095284 
2.0235162130348203 
1.3952860120125892 
1.3680932498882765 
1.6783541571527714 
1.8036665605681546 
1.33626120420437 
1.4656239919699918 
1.455261739359293 
1.6659487619487727 
1.2620154510344896 
1.451274406579875 
1.9284969538593033 
1.9435607514963607 
1.0878290404522348 
1.6228740457148088 
1.5990195868690034 
